2016/07/01 16:46:28.406	 170 85 237 255 16 0 229 255 80 255 192 2 144 15 250 2 85 170,	60927
2016/07/01 16:46:28.463	 170 85 229 255 30 0 241 255 64 255 208 2 224 15 251 2 85 170,	58879
2016/07/01 16:46:28.468	 170 85 202 255 55 0 0 0 64 255 176 2 208 15 252 2 85 170,	51967
2016/07/01 16:46:28.475	 170 85 202 255 69 0 252 255 128 255 240 2 128 15 253 2 85 170,	51967
2016/07/01 16:46:28.482	 170 85 204 255 58 0 246 255 128 255 16 3 160 15 254 2 85 170,	52479
2016/07/01 16:46:28.490	 170 85 213 255 59 0 243 255 112 255 112 2 192 15 255 2 85 170,	54783
2016/07/01 16:46:28.493	 170 85 210 255 61 0 244 255 128 255 128 2 128 15 0 2 85 170,	54015
2016/07/01 16:46:28.495	 170 85 207 255 61 0 252 255 48 255 192 2 160 15 1 2 85 170,	53247
2016/07/01 16:46:28.537	 170 85 191 255 62 0 0 0 144 255 208 2 16 16 2 2 85 170,	49151
2016/07/01 16:46:28.540	 170 85 219 255 49 0 233 255 176 255 208 2 176 15 3 2 85 170,	56319
2016/07/01 16:46:28.543	 170 85 249 255 16 0 215 255 48 255 144 2 112 15 4 2 85 170,	63999
2016/07/01 16:46:28.545	 170 85 211 255 30 0 237 255 208 255 176 2 112 15 5 2 85 170,	54271
2016/07/01 16:46:28.548	 170 85 206 255 52 0 1 0 160 255 112 2 192 15 6 2 85 170,	52991
2016/07/01 16:46:28.550	 170 85 216 255 31 0 251 255 112 255 160 2 192 15 7 2 85 170,	55551
2016/07/01 16:46:28.552	 170 85 213 255 38 0 255 255 112 255 224 2 192 15 8 2 85 170,	54783
2016/07/01 16:46:28.555	 170 85 221 255 24 0 242 255 96 255 0 3 224 15 9 2 85 170,	56831
2016/07/01 16:46:28.557	 170 85 229 255 40 0 236 255 192 255 32 3 0 16 10 2 85 170,	58879
2016/07/01 16:46:28.559	 170 85 243 255 48 0 229 255 128 255 0 3 240 16 11 2 85 170,	62463
2016/07/01 16:46:28.561	 170 85 234 255 66 0 238 255 64 255 160 2 160 15 12 2 85 170,	60159
2016/07/01 16:46:28.564	 170 85 198 255 68 0 1 0 32 255 128 2 192 15 13 2 85 170,	50943
2016/07/01 16:46:28.566	 170 85 214 255 62 0 255 255 32 255 144 2 160 15 14 2 85 170,	55039
2016/07/01 16:46:28.568	 170 85 228 255 32 0 238 255 48 255 240 2 144 15 15 2 85 170,	58623
2016/07/01 16:46:28.570	 170 85 198 255 38 0 251 255 80 255 192 2 144 15 16 2 85 170,	50943
2016/07/01 16:46:28.573	 170 85 190 255 33 0 245 255 176 255 176 2 192 15 17 2 85 170,	48895
2016/07/01 16:46:28.575	 170 85 215 255 20 0 238 255 112 255 208 2 144 15 18 2 85 170,	55295
2016/07/01 16:46:28.577	 170 85 246 255 1 0 224 255 176 255 176 2 144 15 19 2 85 170,	63231
2016/07/01 16:46:28.580	 170 85 244 255 249 255 230 255 128 255 96 2 144 15 20 2 85 170,	62719
2016/07/01 16:46:28.581	 170 85 243 255 8 0 236 255 64 255 208 2 128 15 21 2 85 170,	62463
2016/07/01 16:46:28.583	 170 85 242 255 28 0 239 255 32 255 240 2 128 15 22 2 85 170,	62207
2016/07/01 16:46:28.586	 170 85 210 255 40 0 250 255 64 255 0 3 192 15 23 2 85 170,	54015
2016/07/01 16:46:28.588	 170 85 199 255 37 0 253 255 48 255 32 3 160 15 24 2 85 170,	51199
2016/07/01 16:46:28.590	 170 85 234 255 3 0 228 255 112 255 240 2 240 15 25 2 85 170,	60159
2016/07/01 16:46:28.592	 170 85 207 255 55 0 241 255 160 255 32 3 32 16 26 2 85 170,	53247
2016/07/01 16:46:28.594	 170 85 221 255 36 0 228 255 112 255 192 2 208 15 27 2 85 170,	56831
2016/07/01 16:46:28.596	 170 85 230 255 80 0 233 255 144 255 192 2 192 15 28 2 85 170,	59135
2016/07/01 16:46:28.598	 170 85 235 255 58 0 227 255 64 255 224 2 192 15 29 2 85 170,	60415
2016/07/01 16:46:28.600	 170 85 236 255 39 0 225 255 64 255 16 3 96 15 30 2 85 170,	60671
2016/07/01 16:46:28.602	 170 85 225 255 47 0 228 255 112 255 160 2 128 15 31 2 85 170,	57855
2016/07/01 16:46:28.604	 170 85 182 255 68 0 252 255 16 255 224 2 112 15 32 2 85 170,	46847
2016/07/01 16:46:28.605	 170 85 164 255 67 0 5 0 144 255 192 2 128 15 33 2 85 170,	42239
2016/07/01 16:46:28.607	 170 85 198 255 31 0 237 255 176 255 128 2 160 15 34 2 85 170,	50943
2016/07/01 16:46:28.609	 170 85 219 255 33 0 238 255 192 255 224 2 208 15 35 2 85 170,	56319
2016/07/01 16:46:28.611	 170 85 222 255 28 0 240 255 176 255 176 2 160 15 36 2 85 170,	57087
2016/07/01 16:46:28.614	 170 85 232 255 3 0 237 255 144 255 192 2 160 15 37 2 85 170,	59647
2016/07/01 16:46:28.616	 170 85 228 255 28 0 251 255 144 255 208 2 0 16 38 2 85 170,	58623
2016/07/01 16:46:28.621	 170 85 220 255 55 0 9 0 96 255 48 3 240 15 39 2 85 170,	56575
2016/07/01 16:46:28.623	 170 85 222 255 48 0 252 255 16 255 192 2 208 15 40 2 85 170,	57087
2016/07/01 16:46:28.625	 170 85 210 255 66 0 254 255 48 255 224 2 192 15 41 2 85 170,	54015
2016/07/01 16:46:28.626	 170 85 207 255 68 0 4 0 96 255 160 2 192 15 42 2 85 170,	53247
2016/07/01 16:46:28.628	 170 85 198 255 56 0 1 0 80 255 240 2 224 15 43 2 85 170,	50943
2016/07/01 16:46:28.630	 170 85 214 255 51 0 236 255 64 255 240 2 176 15 44 2 85 170,	55039
2016/07/01 16:46:28.632	 170 85 203 255 56 0 232 255 16 255 192 2 192 15 45 2 85 170,	52223
2016/07/01 16:46:28.634	 170 85 189 255 46 0 234 255 128 255 208 2 96 15 46 2 85 170,	48639
2016/07/01 16:46:28.636	 170 85 175 255 80 0 250 255 112 255 80 2 160 15 47 2 85 170,	45055
2016/07/01 16:46:28.637	 170 85 163 255 71 0 251 255 144 255 80 2 144 15 48 2 85 170,	41983
2016/07/01 16:46:28.639	 170 85 193 255 41 0 236 255 176 255 144 2 96 15 49 2 85 170,	49663
2016/07/01 16:46:28.641	 170 85 215 255 25 0 226 255 160 255 192 2 160 15 50 2 85 170,	55295
2016/07/01 16:46:28.643	 170 85 236 255 2 0 224 255 192 255 160 2 176 15 51 2 85 170,	60671
2016/07/01 16:46:28.645	 170 85 231 255 23 0 248 255 176 255 128 2 160 15 52 2 85 170,	59391
2016/07/01 16:46:28.646	 170 85 231 255 8 0 237 255 160 255 160 2 160 15 53 2 85 170,	59391
2016/07/01 16:46:28.648	 170 85 225 255 26 0 245 255 144 255 0 3 224 15 54 2 85 170,	57855
2016/07/01 16:46:28.650	 170 85 218 255 28 0 244 255 192 255 160 2 0 16 55 2 85 170,	56063
2016/07/01 16:46:28.652	 170 85 213 255 61 0 255 255 64 255 224 2 0 16 56 2 85 170,	54783
2016/07/01 16:46:28.654	 170 85 220 255 70 0 255 255 80 255 0 3 192 15 57 2 85 170,	56575
2016/07/01 16:46:28.655	 170 85 229 255 52 0 240 255 128 255 16 3 208 15 58 2 85 170,	58879
2016/07/01 16:46:28.657	 170 85 213 255 53 0 237 255 16 255 224 2 160 15 59 2 85 170,	54783
2016/07/01 16:46:28.659	 170 85 210 255 46 0 230 255 160 255 128 2 16 15 60 2 85 170,	54015
2016/07/01 16:46:28.661	 170 85 169 255 60 0 1 0 144 255 144 2 208 15 61 2 85 170,	43519
2016/07/01 16:46:28.663	 170 85 186 255 24 0 238 255 144 255 32 2 144 15 62 2 85 170,	47871
2016/07/01 16:46:28.665	 170 85 181 255 60 0 253 255 160 255 112 2 224 15 63 2 85 170,	46591
2016/07/01 16:46:28.666	 170 85 191 255 34 0 245 255 208 255 192 2 176 15 64 2 85 170,	49151
2016/07/01 16:46:28.668	 170 85 207 255 32 0 243 255 48 255 160 2 160 15 65 2 85 170,	53247
2016/07/01 16:46:28.670	 170 85 218 255 40 0 242 255 64 255 96 2 208 15 66 2 85 170,	56063
2016/07/01 16:46:28.672	 170 85 217 255 29 0 245 255 96 255 192 2 192 15 67 2 85 170,	55807
2016/07/01 16:46:28.674	 170 85 213 255 47 0 242 255 128 255 208 2 224 15 68 2 85 170,	54783
2016/07/01 16:46:28.675	 170 85 227 255 41 0 224 255 176 255 224 2 192 15 69 2 85 170,	58367
2016/07/01 16:46:28.677	 170 85 220 255 40 0 228 255 176 255 192 2 192 15 70 2 85 170,	56575
2016/07/01 16:46:28.679	 170 85 211 255 59 0 235 255 112 255 128 2 240 15 71 2 85 170,	54271
2016/07/01 16:46:28.681	 170 85 218 255 43 0 241 255 160 255 176 2 208 15 72 2 85 170,	56063
2016/07/01 16:46:28.683	 170 85 224 255 41 0 233 255 64 255 208 2 192 15 73 2 85 170,	57599
2016/07/01 16:46:28.684	 170 85 236 255 43 0 232 255 64 255 208 2 128 15 74 2 85 170,	60671
2016/07/01 16:46:28.687	 170 85 198 255 56 0 254 255 112 255 176 2 240 15 75 2 85 170,	50943
2016/07/01 16:46:28.689	 170 85 205 255 43 0 252 255 48 255 224 2 160 15 76 2 85 170,	52735
2016/07/01 16:46:28.690	 170 85 202 255 47 0 242 255 128 255 192 2 192 15 77 2 85 170,	51967
2016/07/01 16:46:28.692	 170 85 200 255 37 0 242 255 176 255 160 2 208 15 78 2 85 170,	51455
2016/07/01 16:46:28.694	 170 85 205 255 40 0 250 255 208 255 144 2 208 15 79 2 85 170,	52735
2016/07/01 16:46:28.696	 170 85 210 255 27 0 248 255 144 255 208 2 192 15 80 2 85 170,	54015
2016/07/01 16:46:28.698	 170 85 222 255 31 0 252 255 112 255 112 2 144 15 81 2 85 170,	57087
2016/07/01 16:46:28.700	 170 85 221 255 29 0 254 255 64 255 192 2 160 15 82 2 85 170,	56831
2016/07/01 16:46:28.702	 170 85 223 255 50 0 1 0 112 255 160 2 224 15 83 2 85 170,	57343
2016/07/01 16:46:28.703	 170 85 225 255 45 0 253 255 96 255 128 2 112 15 84 2 85 170,	57855
2016/07/01 16:46:28.705	 170 85 216 255 45 0 253 255 144 255 224 2 16 16 85 2 85 170,	55551
2016/07/01 16:46:28.707	 170 85 226 255 42 0 241 255 112 255 208 2 64 16 86 2 85 170,	58111
2016/07/01 16:46:28.709	 170 85 222 255 38 0 242 255 176 255 176 2 224 15 87 2 85 170,	57087
2016/07/01 16:46:28.711	 170 85 225 255 73 0 254 255 144 255 112 2 224 15 88 2 85 170,	57855
2016/07/01 16:46:28.714	 170 85 232 255 49 0 254 255 144 255 240 2 224 15 89 2 85 170,	59647
2016/07/01 16:46:28.716	 170 85 228 255 50 0 241 255 112 255 224 2 176 15 90 2 85 170,	58623
2016/07/01 16:46:28.717	 170 85 245 255 15 0 223 255 32 255 176 2 176 15 91 2 85 170,	62975
2016/07/01 16:46:28.719	 170 85 253 255 8 0 220 255 80 255 144 2 96 15 92 2 85 170,	65023
2016/07/01 16:46:28.721	 170 85 231 255 3 0 229 255 128 255 176 2 176 15 93 2 85 170,	59391
2016/07/01 16:46:28.723	 170 85 194 255 30 0 253 255 128 255 96 2 16 16 94 2 85 170,	49919
2016/07/01 16:46:28.726	 170 85 185 255 52 0 6 0 112 255 112 2 240 15 95 2 85 170,	47615
2016/07/01 16:46:28.731	 170 85 198 255 48 0 12 0 160 255 112 2 32 16 96 2 85 170,	50943
2016/07/01 16:46:28.733	 170 85 224 255 33 0 246 255 128 255 160 2 208 15 97 2 85 170,	57599
2016/07/01 16:46:28.735	 170 85 239 255 31 0 239 255 96 255 32 3 0 16 98 2 85 170,	61439
2016/07/01 16:46:28.737	 170 85 232 255 71 0 239 255 80 255 208 2 0 16 99 2 85 170,	59647
2016/07/01 16:46:28.739	 170 85 197 255 88 0 254 255 48 255 224 2 240 15 100 2 85 170,	50687
2016/07/01 16:46:28.740	 170 85 206 255 71 0 238 255 0 255 176 2 208 15 101 2 85 170,	52991
2016/07/01 16:46:28.742	 170 85 228 255 46 0 221 255 80 255 64 2 208 15 102 2 85 170,	58623
2016/07/01 16:46:28.744	 170 85 211 255 65 0 240 255 80 255 96 2 128 15 103 2 85 170,	54271
2016/07/01 16:46:28.746	 170 85 197 255 59 0 247 255 176 255 160 2 208 15 104 2 85 170,	50687
2016/07/01 16:46:28.748	 170 85 195 255 63 0 3 0 112 255 112 2 144 15 105 2 85 170,	50175
2016/07/01 16:46:28.750	 170 85 200 255 52 0 252 255 112 255 208 2 176 15 106 2 85 170,	51455
2016/07/01 16:46:28.751	 170 85 213 255 32 0 246 255 176 255 160 2 224 15 107 2 85 170,	54783
2016/07/01 16:46:28.753	 170 85 231 255 20 0 242 255 160 255 160 2 208 15 108 2 85 170,	59391
2016/07/01 16:46:28.754	 170 85 214 255 28 0 246 255 160 255 192 2 208 15 109 2 85 170,	55039
2016/07/01 16:46:28.757	 170 85 216 255 55 0 5 0 144 255 192 2 240 15 110 2 85 170,	55551
2016/07/01 16:46:28.759	 170 85 204 255 53 0 248 255 80 255 176 2 16 16 111 2 85 170,	52479
2016/07/01 16:46:28.761	 170 85 225 255 35 0 245 255 160 255 176 2 0 16 112 2 85 170,	57855
2016/07/01 16:46:28.763	 170 85 237 255 31 0 234 255 64 255 176 2 224 15 113 2 85 170,	60927
2016/07/01 16:46:28.764	 170 85 219 255 37 0 237 255 144 255 128 2 224 15 114 2 85 170,	56319
2016/07/01 16:46:28.766	 170 85 213 255 53 0 243 255 48 255 16 3 176 15 115 2 85 170,	54783
2016/07/01 16:46:28.768	 170 85 198 255 66 0 0 0 48 255 0 3 192 15 116 2 85 170,	50943
2016/07/01 16:46:28.770	 170 85 200 255 69 0 4 0 112 255 160 2 208 15 117 2 85 170,	51455
2016/07/01 16:46:28.771	 170 85 214 255 61 0 238 255 96 255 192 2 240 15 118 2 85 170,	55039
2016/07/01 16:46:28.774	 170 85 223 255 39 0 231 255 64 255 160 2 160 15 119 2 85 170,	57343
2016/07/01 16:46:28.776	 170 85 200 255 41 0 239 255 16 255 96 2 144 15 120 2 85 170,	51455
2016/07/01 16:46:28.778	 170 85 182 255 57 0 248 255 144 255 176 2 208 15 121 2 85 170,	46847
2016/07/01 16:46:28.780	 170 85 168 255 62 0 4 0 96 255 128 2 224 15 122 2 85 170,	43263
2016/07/01 16:46:28.782	 170 85 196 255 33 0 241 255 144 255 192 2 192 15 123 2 85 170,	50431
2016/07/01 16:46:28.784	 170 85 237 255 22 0 224 255 160 255 160 2 224 15 124 2 85 170,	60927
2016/07/01 16:46:28.785	 170 85 209 255 46 0 245 255 176 255 80 2 192 15 125 2 85 170,	53759
2016/07/01 16:46:28.787	 170 85 198 255 51 0 5 0 128 255 128 2 240 15 126 2 85 170,	50943
2016/07/01 16:46:28.789	 170 85 203 255 52 0 255 255 112 255 208 2 240 15 127 2 85 170,	52223
2016/07/01 16:46:28.791	 170 85 218 255 32 0 237 255 176 255 208 2 16 16 128 2 85 170,	56063
2016/07/01 16:46:28.793	 170 85 212 255 27 0 237 255 96 255 192 2 32 16 129 2 85 170,	54527
2016/07/01 16:46:28.795	 170 85 204 255 43 0 243 255 192 255 192 2 64 16 130 2 85 170,	52479
2016/07/01 16:46:28.797	 170 85 216 255 53 0 236 255 208 255 160 2 0 16 131 2 85 170,	55551
2016/07/01 16:46:28.799	 170 85 221 255 54 0 242 255 112 255 224 2 240 15 132 2 85 170,	56831
2016/07/01 16:46:28.801	 170 85 219 255 50 0 243 255 112 255 144 2 208 15 133 2 85 170,	56319
2016/07/01 16:46:28.802	 170 85 218 255 36 0 241 255 64 255 192 2 16 16 134 2 85 170,	56063
2016/07/01 16:46:28.804	 170 85 221 255 46 0 236 255 96 255 192 2 240 15 135 2 85 170,	56831
2016/07/01 16:46:28.806	 170 85 212 255 47 0 233 255 112 255 176 2 240 15 136 2 85 170,	54527
2016/07/01 16:46:28.808	 170 85 207 255 19 0 227 255 240 255 96 2 224 15 137 2 85 170,	53247
2016/07/01 16:46:28.810	 170 85 207 255 22 0 244 255 208 255 144 2 192 15 138 2 85 170,	53247
2016/07/01 16:46:28.811	 170 85 221 255 19 0 242 255 176 255 144 2 176 15 139 2 85 170,	56831
2016/07/01 16:46:28.813	 170 85 227 255 1 0 244 255 80 255 240 2 128 15 140 2 85 170,	58367
2016/07/01 16:46:28.815	 170 85 208 255 27 0 254 255 144 255 176 2 208 15 141 2 85 170,	53503
2016/07/01 16:46:28.817	 170 85 192 255 74 0 7 0 144 255 192 2 240 15 142 2 85 170,	49407
2016/07/01 16:46:28.819	 170 85 198 255 76 0 16 0 176 255 224 2 224 15 143 2 85 170,	50943
2016/07/01 16:46:28.821	 170 85 223 255 65 0 248 255 176 255 224 2 32 16 144 2 85 170,	57343
2016/07/01 16:46:28.823	 170 85 230 255 54 0 240 255 160 255 192 2 224 15 145 2 85 170,	59135
2016/07/01 16:46:28.825	 170 85 212 255 42 0 240 255 80 255 192 2 176 15 146 2 85 170,	54527
2016/07/01 16:46:28.827	 170 85 207 255 53 0 249 255 32 255 176 2 224 15 147 2 85 170,	53247
2016/07/01 16:46:28.829	 170 85 195 255 55 0 252 255 32 255 192 2 208 15 148 2 85 170,	50175
2016/07/01 16:46:28.831	 170 85 185 255 74 0 255 255 192 255 176 2 160 15 149 2 85 170,	47615
2016/07/01 16:46:28.832	 170 85 195 255 50 0 243 255 192 255 112 2 240 15 150 2 85 170,	50175
2016/07/01 16:46:28.834	 170 85 203 255 25 0 238 255 48 0 160 2 224 15 151 2 85 170,	52223
2016/07/01 16:46:28.838	 170 85 222 255 10 0 233 255 208 255 112 2 208 15 152 2 85 170,	57087
2016/07/01 16:46:28.842	 170 85 218 255 37 0 251 255 176 255 128 2 160 15 153 2 85 170,	56063
2016/07/01 16:46:28.844	 170 85 226 255 45 0 253 255 48 255 176 2 32 16 154 2 85 170,	58111
2016/07/01 16:46:28.845	 170 85 203 255 46 0 253 255 112 255 128 2 208 15 155 2 85 170,	52223
2016/07/01 16:46:28.847	 170 85 202 255 60 0 250 255 80 255 176 2 240 15 156 2 85 170,	51967
2016/07/01 16:46:28.849	 170 85 218 255 31 0 232 255 176 255 128 2 224 15 157 2 85 170,	56063
2016/07/01 16:46:28.851	 170 85 238 255 46 0 225 255 176 255 80 2 16 15 158 2 85 170,	61183
2016/07/01 16:46:28.853	 170 85 226 255 50 0 237 255 160 255 96 2 0 16 159 2 85 170,	58111
2016/07/01 16:46:28.855	 170 85 210 255 46 0 246 255 144 255 192 2 224 15 160 2 85 170,	54015
2016/07/01 16:46:28.856	 170 85 223 255 50 0 239 255 112 255 224 2 208 15 161 2 85 170,	57343
2016/07/01 16:46:28.858	 170 85 232 255 39 0 225 255 192 255 176 2 240 15 162 2 85 170,	59647
2016/07/01 16:46:28.860	 170 85 234 255 32 0 221 255 144 255 160 2 176 15 163 2 85 170,	60159
2016/07/01 16:46:28.862	 170 85 239 255 20 0 224 255 176 255 80 2 128 15 164 2 85 170,	61439
2016/07/01 16:46:28.864	 170 85 212 255 46 0 246 255 128 255 176 2 112 15 165 2 85 170,	54527
2016/07/01 16:46:28.866	 170 85 194 255 69 0 25 0 32 0 64 2 192 15 166 2 85 170,	49919
2016/07/01 16:46:28.868	 170 85 218 255 50 0 17 0 224 255 144 2 176 15 167 2 85 170,	56063
2016/07/01 16:46:28.869	 170 85 236 255 40 0 247 255 176 255 176 2 192 15 168 2 85 170,	60671
2016/07/01 16:46:28.871	 170 85 231 255 40 0 252 255 96 255 176 2 192 15 169 2 85 170,	59391
2016/07/01 16:46:28.873	 170 85 208 255 58 0 18 0 64 255 144 2 176 15 170 2 85 170,	53503
2016/07/01 16:46:28.875	 170 85 188 255 48 0 1 0 96 255 128 2 0 16 171 2 85 170,	48383
2016/07/01 16:46:28.877	 170 85 206 255 40 0 244 255 176 255 192 2 64 16 172 2 85 170,	52991
2016/07/01 16:46:28.879	 170 85 233 255 12 0 218 255 240 255 160 2 0 16 173 2 85 170,	59903
2016/07/01 16:46:28.881	 170 85 246 255 33 0 225 255 208 255 176 2 192 15 174 2 85 170,	63231
2016/07/01 16:46:28.883	 170 85 219 255 55 0 247 255 144 255 176 2 240 15 175 2 85 170,	56319
2016/07/01 16:46:28.885	 170 85 214 255 62 0 253 255 96 255 160 2 16 16 176 2 85 170,	55039
2016/07/01 16:46:28.887	 170 85 210 255 68 0 244 255 128 255 96 2 32 16 177 2 85 170,	54015
2016/07/01 16:46:28.889	 170 85 229 255 40 0 226 255 32 255 96 2 224 15 178 2 85 170,	58879
2016/07/01 16:46:28.891	 170 85 230 255 2 0 221 255 176 255 64 2 224 15 179 2 85 170,	59135
2016/07/01 16:46:28.893	 170 85 222 255 12 0 231 255 176 255 160 2 224 15 180 2 85 170,	57087
2016/07/01 16:46:28.894	 170 85 210 255 9 0 235 255 224 255 144 2 208 15 181 2 85 170,	54015
2016/07/01 16:46:28.896	 170 85 223 255 9 0 229 255 192 255 112 2 240 15 182 2 85 170,	57343
2016/07/01 16:46:28.898	 170 85 211 255 45 0 241 255 128 255 16 3 192 15 183 2 85 170,	54271
2016/07/01 16:46:28.900	 170 85 214 255 41 0 236 255 144 255 240 2 224 15 184 2 85 170,	55039
2016/07/01 16:46:28.902	 170 85 209 255 38 0 240 255 112 255 32 2 240 15 185 2 85 170,	53759
2016/07/01 16:46:28.904	 170 85 222 255 31 0 231 255 128 255 128 2 208 15 186 2 85 170,	57087
2016/07/01 16:46:28.906	 170 85 205 255 18 0 236 255 176 255 192 2 0 16 187 2 85 170,	52735
2016/07/01 16:46:28.908	 170 85 202 255 44 0 246 255 160 255 0 3 0 16 188 2 85 170,	51967
2016/07/01 16:46:28.909	 170 85 230 255 64 0 228 255 48 255 0 3 240 15 189 2 85 170,	59135
2016/07/01 16:46:28.911	 170 85 240 255 53 0 218 255 96 255 160 2 0 16 190 2 85 170,	61695
2016/07/01 16:46:28.914	 170 85 228 255 64 0 228 255 64 255 96 2 176 15 191 2 85 170,	58623
2016/07/01 16:46:28.918	 170 85 211 255 54 0 231 255 128 255 112 2 192 15 192 2 85 170,	54271
2016/07/01 16:46:28.920	 170 85 179 255 79 0 2 0 160 255 128 2 208 15 193 2 85 170,	46079
2016/07/01 16:46:28.922	 170 85 161 255 71 0 3 0 128 255 144 2 240 15 194 2 85 170,	41471
2016/07/01 16:46:28.924	 170 85 178 255 57 0 237 255 192 255 224 2 0 16 195 2 85 170,	45823
2016/07/01 16:46:28.926	 170 85 222 255 24 0 216 255 224 255 80 2 16 16 196 2 85 170,	57087
2016/07/01 16:46:28.927	 170 85 250 255 41 0 222 255 208 255 160 2 160 15 197 2 85 170,	64255
2016/07/01 16:46:28.931	 170 85 233 255 63 0 236 255 192 255 128 2 192 15 198 2 85 170,	59903
2016/07/01 16:46:28.933	 170 85 198 255 65 0 4 0 128 255 160 2 176 15 199 2 85 170,	50943
2016/07/01 16:46:28.935	 170 85 224 255 34 0 236 255 64 255 128 2 176 15 200 2 85 170,	57599
2016/07/01 16:46:28.937	 170 85 250 255 253 255 215 255 160 255 80 2 32 16 201 2 85 170,	64255
2016/07/01 16:46:28.939	 170 85 251 255 234 255 210 255 64 255 128 2 0 16 202 2 85 170,	64511
2016/07/01 16:46:28.941	 170 85 238 255 5 0 224 255 160 255 160 2 224 15 203 2 85 170,	61183
2016/07/01 16:46:28.943	 170 85 225 255 16 0 236 255 128 255 176 2 0 16 204 2 85 170,	57855
2016/07/01 16:46:28.946	 170 85 223 255 27 0 238 255 112 255 240 2 0 16 205 2 85 170,	57343
2016/07/01 16:46:28.952	 170 85 216 255 52 0 242 255 96 255 208 2 224 15 206 2 85 170,	55551
2016/07/01 16:46:28.954	 170 85 217 255 25 0 234 255 160 255 192 2 32 16 207 2 85 170,	55807
2016/07/01 16:46:28.956	 170 85 226 255 24 0 231 255 128 255 208 2 240 15 208 2 85 170,	58111
2016/07/01 16:46:28.958	 170 85 198 255 49 0 242 255 176 255 192 2 48 16 209 2 85 170,	50943
2016/07/01 16:46:28.960	 170 85 174 255 75 0 251 255 144 255 192 2 240 15 210 2 85 170,	44799
2016/07/01 16:46:28.962	 170 85 194 255 73 0 249 255 176 255 160 2 240 15 211 2 85 170,	49919
2016/07/01 16:46:28.964	 170 85 211 255 77 0 244 255 144 255 176 2 16 16 212 2 85 170,	54271
2016/07/01 16:46:28.966	 170 85 214 255 58 0 233 255 144 255 160 2 224 15 213 2 85 170,	55039
2016/07/01 16:46:28.968	 170 85 209 255 74 0 237 255 144 255 192 2 0 16 214 2 85 170,	53759
2016/07/01 16:46:28.969	 170 85 224 255 46 0 227 255 112 255 240 2 192 15 215 2 85 170,	57599
2016/07/01 16:46:28.971	 170 85 224 255 36 0 233 255 176 255 224 2 208 15 216 2 85 170,	57599
2016/07/01 16:46:28.973	 170 85 239 255 33 0 229 255 176 255 208 2 32 16 217 2 85 170,	61439
2016/07/01 16:46:28.975	 170 85 240 255 36 0 229 255 160 255 192 2 240 15 218 2 85 170,	61695
2016/07/01 16:46:28.977	 170 85 240 255 42 0 237 255 128 255 160 2 224 15 219 2 85 170,	61695
2016/07/01 16:46:28.979	 170 85 221 255 60 0 5 0 80 255 160 2 208 15 220 2 85 170,	56831
2016/07/01 16:46:28.981	 170 85 215 255 57 0 12 0 160 255 160 2 224 15 221 2 85 170,	55295
2016/07/01 16:46:28.983	 170 85 216 255 36 0 247 255 192 255 176 2 160 15 222 2 85 170,	55551
2016/07/01 16:46:28.985	 170 85 4 0 2 0 228 255 160 255 112 2 240 15 223 2 85 170,	1024
2016/07/01 16:46:28.987	 170 85 18 0 229 255 220 255 144 255 128 2 128 15 224 2 85 170,	4608
2016/07/01 16:46:28.989	 170 85 9 0 228 255 232 255 160 255 144 2 176 15 225 2 85 170,	2304
2016/07/01 16:46:28.991	 170 85 237 255 10 0 6 0 176 255 160 2 16 16 226 2 85 170,	60927
2016/07/01 16:46:28.992	 170 85 215 255 35 0 25 0 144 255 192 2 48 16 227 2 85 170,	55295
2016/07/01 16:46:28.994	 170 85 226 255 52 0 17 0 112 255 208 2 16 16 228 2 85 170,	58111
2016/07/01 16:46:28.997	 170 85 232 255 20 0 248 255 192 255 128 2 80 16 229 2 85 170,	59647
2016/07/01 16:46:28.998	 170 85 222 255 56 0 4 0 192 255 176 2 48 16 230 2 85 170,	57087
2016/07/01 16:46:29.000	 170 85 194 255 37 0 215 255 48 255 176 2 0 16 231 2 85 170,	49919
2016/07/01 16:46:29.002	 170 85 212 255 245 255 220 255 64 255 240 2 240 15 232 2 85 170,	54527
2016/07/01 16:46:29.004	 170 85 213 255 54 0 249 255 176 255 144 2 240 15 233 2 85 170,	54783
2016/07/01 16:46:29.006	 170 85 224 255 54 0 232 255 112 255 160 2 208 15 234 2 85 170,	57599
2016/07/01 16:46:29.009	 170 85 230 255 21 0 220 255 112 255 144 2 0 16 235 2 85 170,	59135
2016/07/01 16:46:29.011	 170 85 212 255 58 0 242 255 48 255 144 2 208 15 236 2 85 170,	54527
2016/07/01 16:46:29.013	 170 85 199 255 38 0 239 255 160 255 160 2 208 15 237 2 85 170,	51199
2016/07/01 16:46:29.015	 170 85 197 255 58 0 252 255 0 0 160 2 240 15 238 2 85 170,	50687
2016/07/01 16:46:29.017	 170 85 229 255 40 0 239 255 224 255 192 2 48 16 239 2 85 170,	58879
2016/07/01 16:46:29.019	 170 85 231 255 25 0 242 255 192 255 144 2 208 15 240 2 85 170,	59391
2016/07/01 16:46:29.021	 170 85 231 255 52 0 243 255 112 255 160 2 224 15 241 2 85 170,	59391
2016/07/01 16:46:29.023	 170 85 204 255 68 0 2 0 0 255 176 2 192 15 242 2 85 170,	52479
2016/07/01 16:46:29.025	 170 85 203 255 52 0 1 0 144 255 112 2 48 16 243 2 85 170,	52223
2016/07/01 16:46:29.027	 170 85 235 255 30 0 230 255 160 255 160 2 16 16 244 2 85 170,	60415
2016/07/01 16:46:29.029	 170 85 6 0 7 0 220 255 208 255 112 2 208 15 245 2 85 170,	1536
2016/07/01 16:46:29.031	 170 85 3 0 10 0 221 255 128 255 96 2 240 15 246 2 85 170,	768
2016/07/01 16:46:29.033	 170 85 230 255 15 0 235 255 96 255 144 2 160 15 247 2 85 170,	59135
2016/07/01 16:46:29.034	 170 85 206 255 99 0 17 0 144 255 80 2 224 15 248 2 85 170,	52991
2016/07/01 16:46:29.036	 170 85 201 255 55 0 12 0 176 255 160 2 144 15 249 2 85 170,	51711
2016/07/01 16:46:29.038	 170 85 242 255 32 0 233 255 144 255 112 2 224 15 250 2 85 170,	62207
2016/07/01 16:46:29.040	 170 85 232 255 28 0 234 255 176 255 160 2 208 15 251 2 85 170,	59647
2016/07/01 16:46:29.041	 170 85 211 255 41 0 250 255 176 255 128 2 240 15 252 2 85 170,	54271
2016/07/01 16:46:29.043	 170 85 203 255 44 0 252 255 192 255 112 2 208 15 253 2 85 170,	52223
2016/07/01 16:46:29.045	 170 85 224 255 39 0 241 255 160 255 160 2 240 15 254 2 85 170,	57599
2016/07/01 16:46:29.047	 170 85 230 255 35 0 238 255 192 255 176 2 0 16 255 2 85 170,	59135
2016/07/01 16:46:29.049	 170 85 235 255 21 0 232 255 208 255 192 2 144 15 0 2 85 170,	60415
2016/07/01 16:46:29.051	 170 85 246 255 21 0 227 255 208 255 176 2 176 15 1 2 85 170,	63231
2016/07/01 16:46:29.053	 170 85 220 255 51 0 238 255 144 255 224 2 224 15 2 2 85 170,	56575
2016/07/01 16:46:29.058	 170 85 202 255 62 0 1 0 144 255 0 3 0 16 3 2 85 170,	51967
2016/07/01 16:46:29.061	 170 85 209 255 49 0 246 255 160 255 144 2 0 16 4 2 85 170,	53759
2016/07/01 16:46:29.062	 170 85 220 255 57 0 241 255 128 255 0 3 0 16 5 2 85 170,	56575
2016/07/01 16:46:29.064	 170 85 247 255 38 0 227 255 128 255 224 2 208 15 6 2 85 170,	63487
2016/07/01 16:46:29.066	 170 85 217 255 41 0 238 255 144 255 128 2 192 15 7 2 85 170,	55807
2016/07/01 16:46:29.068	 170 85 211 255 43 0 241 255 96 255 176 2 240 15 8 2 85 170,	54271
2016/07/01 16:46:29.070	 170 85 210 255 39 0 241 255 128 255 128 2 176 15 9 2 85 170,	54015
2016/07/01 16:46:29.072	 170 85 208 255 36 0 244 255 144 255 128 2 208 15 10 2 85 170,	53503
2016/07/01 16:46:29.074	 170 85 213 255 36 0 245 255 16 0 112 2 224 15 11 2 85 170,	54783
2016/07/01 16:46:29.076	 170 85 216 255 77 0 11 0 128 255 144 2 224 16 12 2 85 170,	55551
2016/07/01 16:46:29.078	 170 85 215 255 61 0 19 0 112 255 176 2 240 15 13 2 85 170,	55295
2016/07/01 16:46:29.080	 170 85 235 255 21 0 237 255 80 255 224 2 208 15 14 2 85 170,	60415
2016/07/01 16:46:29.090	 170 85 252 255 0 0 224 255 64 255 224 2 208 15 15 2 85 170,	64767
2016/07/01 16:46:29.100	 170 85 222 255 20 0 233 255 64 255 0 3 240 15 16 2 85 170,	57087
2016/07/01 16:46:29.116	 170 85 207 255 31 0 252 255 144 255 176 2 16 16 17 2 85 170,	53247
2016/07/01 16:46:29.164	 170 85 206 255 66 0 6 0 128 255 144 2 0 16 18 2 85 170,	52991
2016/07/01 16:46:29.169	 170 85 228 255 64 0 242 255 64 255 192 2 240 15 19 2 85 170,	58623
2016/07/01 16:46:29.179	 170 85 255 255 30 0 227 255 128 255 208 2 224 15 20 2 85 170,	65535
2016/07/01 16:46:29.194	 170 85 252 255 16 0 229 255 80 255 208 2 32 16 21 2 85 170,	64767
2016/07/01 16:46:29.229	 170 85 190 255 57 0 2 0 80 255 32 3 176 15 22 2 85 170,	48895
2016/07/01 16:46:29.241	 170 85 190 255 47 0 253 255 160 255 224 2 208 15 23 2 85 170,	48895
2016/07/01 16:46:29.257	 170 85 212 255 27 0 227 255 224 255 112 2 240 15 24 2 85 170,	54527
2016/07/01 16:46:29.280	 170 85 240 255 34 0 230 255 176 255 176 2 240 15 25 2 85 170,	61695
2016/07/01 16:46:29.303	 170 85 234 255 31 0 242 255 176 255 160 2 224 15 26 2 85 170,	60159
2016/07/01 16:46:29.324	 170 85 225 255 47 0 251 255 160 255 144 2 176 15 27 2 85 170,	57855
2016/07/01 16:46:29.370	 170 85 229 255 46 0 247 255 96 255 208 2 224 15 28 2 85 170,	58879
2016/07/01 16:46:29.381	 170 85 213 255 56 0 246 255 176 255 208 2 0 16 29 2 85 170,	54783
2016/07/01 16:46:29.387	 170 85 215 255 40 0 236 255 144 255 240 2 240 15 30 2 85 170,	55295
2016/07/01 16:46:29.398	 170 85 225 255 52 0 237 255 144 255 192 2 208 15 31 2 85 170,	57855
2016/07/01 16:46:29.412	 170 85 217 255 39 0 235 255 96 255 112 2 48 16 32 2 85 170,	55807
2016/07/01 16:46:29.445	 170 85 215 255 52 0 243 255 128 255 160 2 144 15 33 2 85 170,	55295
2016/07/01 16:46:29.476	 170 85 201 255 51 0 249 255 144 255 176 2 240 15 34 2 85 170,	51711
2016/07/01 16:46:29.492	 170 85 218 255 60 0 244 255 96 255 0 3 224 15 35 2 85 170,	56063
2016/07/01 16:46:29.522	 170 85 218 255 63 0 249 255 128 255 160 2 48 16 36 2 85 170,	56063
2016/07/01 16:46:29.525	 170 85 216 255 58 0 246 255 128 255 192 2 32 16 37 2 85 170,	55551
2016/07/01 16:46:29.540	 170 85 231 255 32 0 230 255 112 255 176 2 240 15 38 2 85 170,	59391
2016/07/01 16:46:29.560	 170 85 233 255 17 0 225 255 80 255 160 2 192 15 39 2 85 170,	59903
2016/07/01 16:46:29.584	 170 85 227 255 21 0 230 255 112 255 112 2 224 15 40 2 85 170,	58367
2016/07/01 16:46:29.603	 170 85 225 255 27 0 243 255 96 255 192 2 0 16 41 2 85 170,	57855
2016/07/01 16:46:29.611	 170 85 235 255 31 0 234 255 144 255 112 2 208 15 42 2 85 170,	60415
2016/07/01 16:46:29.652	 170 85 229 255 54 0 238 255 112 255 240 2 176 15 43 2 85 170,	58879
2016/07/01 16:46:29.654	 170 85 218 255 61 0 251 255 48 255 16 3 192 15 44 2 85 170,	56063
2016/07/01 16:46:29.700	 170 85 221 255 57 0 252 255 48 255 224 2 192 15 45 2 85 170,	56831
2016/07/01 16:46:29.703	 170 85 213 255 44 0 252 255 128 255 176 2 224 15 46 2 85 170,	54783
2016/07/01 16:46:29.743	 170 85 214 255 51 0 244 255 48 255 160 2 192 15 47 2 85 170,	55039
2016/07/01 16:46:29.745	 170 85 212 255 33 0 239 255 128 255 160 2 240 16 48 2 85 170,	54527
2016/07/01 16:46:29.758	 170 85 228 255 32 0 234 255 160 255 144 2 224 15 49 2 85 170,	58623
2016/07/01 16:46:29.794	 170 85 217 255 46 0 244 255 112 255 240 2 0 16 50 2 85 170,	55807
2016/07/01 16:46:29.796	 170 85 202 255 57 0 252 255 48 255 96 2 208 15 51 2 85 170,	51967
2016/07/01 16:46:29.822	 170 85 194 255 60 0 242 255 80 255 160 2 240 15 52 2 85 170,	49919
2016/07/01 16:46:29.841	 170 85 205 255 36 0 229 255 144 255 128 2 16 16 53 2 85 170,	52735
2016/07/01 16:46:29.887	 170 85 252 255 1 0 201 255 80 255 112 2 224 15 54 2 85 170,	64767
2016/07/01 16:46:29.891	 170 85 11 0 245 255 196 255 160 255 32 3 192 15 55 2 85 170,	2816
2016/07/01 16:46:29.898	 170 85 250 255 4 0 207 255 176 255 208 2 240 15 56 2 85 170,	64255
2016/07/01 16:46:29.913	 170 85 255 255 4 0 221 255 112 255 176 2 32 16 57 2 85 170,	65535
2016/07/01 16:46:29.930	 170 85 246 255 12 0 223 255 112 255 192 2 224 15 58 2 85 170,	63231
2016/07/01 16:46:29.962	 170 85 228 255 33 0 245 255 112 255 192 2 48 16 59 2 85 170,	58623
2016/07/01 16:46:30.003	 170 85 208 255 31 0 240 255 160 255 16 3 32 16 60 2 85 170,	53503
2016/07/01 16:46:30.005	 170 85 223 255 40 0 241 255 144 255 32 3 16 16 61 2 85 170,	57343
2016/07/01 16:46:30.010	 170 85 240 255 49 0 239 255 224 255 240 2 224 15 62 2 85 170,	61695
2016/07/01 16:46:30.065	 170 85 222 255 79 0 251 255 96 255 240 2 224 15 63 2 85 170,	57087
2016/07/01 16:46:30.072	 170 85 223 255 94 0 20 0 64 255 160 2 224 15 64 2 85 170,	57343
2016/07/01 16:46:30.118	 170 85 217 255 94 0 28 0 32 255 160 2 208 15 65 2 85 170,	55807
2016/07/01 16:46:30.123	 170 85 214 255 73 0 25 0 80 255 112 2 208 15 66 2 85 170,	55039
2016/07/01 16:46:30.125	 170 85 206 255 48 0 17 0 0 255 208 2 144 15 67 2 85 170,	52991
2016/07/01 16:46:30.163	 170 85 188 255 35 0 7 0 128 255 208 2 0 16 68 2 85 170,	48383
2016/07/01 16:46:30.165	 170 85 196 255 34 0 5 0 160 255 192 2 160 15 69 2 85 170,	50431
2016/07/01 16:46:30.178	 170 85 219 255 254 255 246 255 160 255 192 2 128 15 70 2 85 170,	56319
2016/07/01 16:46:30.210	 170 85 247 255 250 255 236 255 192 255 144 2 208 15 71 2 85 170,	63487
2016/07/01 16:46:30.225	 170 85 245 255 251 255 234 255 96 255 176 2 208 15 72 2 85 170,	62975
2016/07/01 16:46:30.242	 170 85 229 255 19 0 4 0 32 255 0 3 32 16 73 2 85 170,	58879
2016/07/01 16:46:30.260	 170 85 197 255 47 0 5 0 112 255 224 2 224 15 74 2 85 170,	50687
2016/07/01 16:46:30.287	 170 85 213 255 33 0 236 255 144 255 16 3 32 16 75 2 85 170,	54783
2016/07/01 16:46:30.290	 170 85 212 255 51 0 237 255 192 255 224 2 0 16 76 2 85 170,	54527
2016/07/01 16:46:30.319	 170 85 220 255 42 0 230 255 192 255 240 2 0 16 77 2 85 170,	56575
2016/07/01 16:46:30.336	 170 85 253 255 20 0 211 255 144 255 0 3 32 16 78 2 85 170,	65023
2016/07/01 16:46:30.381	 170 85 241 255 56 0 221 255 192 255 224 2 224 15 79 2 85 170,	61951
2016/07/01 16:46:30.383	 170 85 207 255 69 0 240 255 144 255 192 2 128 15 80 2 85 170,	53247
2016/07/01 16:46:30.397	 170 85 179 255 65 0 254 255 128 255 192 2 224 15 81 2 85 170,	46079
2016/07/01 16:46:30.413	 170 85 218 255 38 0 233 255 176 255 112 2 176 15 82 2 85 170,	56063
2016/07/01 16:46:30.446	 170 85 209 255 28 0 235 255 144 255 160 2 208 15 83 2 85 170,	53759
2016/07/01 16:46:30.461	 170 85 192 255 41 0 246 255 192 255 176 2 192 15 84 2 85 170,	49407
2016/07/01 16:46:30.477	 170 85 202 255 40 0 249 255 144 255 208 2 224 15 85 2 85 170,	51967
2016/07/01 16:46:30.508	 170 85 237 255 19 0 231 255 192 255 224 2 144 15 86 2 85 170,	60927
2016/07/01 16:46:30.525	 170 85 238 255 19 0 232 255 176 255 224 2 208 15 87 2 85 170,	61183
2016/07/01 16:46:30.540	 170 85 241 255 30 0 235 255 160 255 160 2 160 15 88 2 85 170,	61951
2016/07/01 16:46:30.554	 170 85 215 255 44 0 255 255 64 255 160 2 176 15 89 2 85 170,	55295
2016/07/01 16:46:30.569	 170 85 206 255 55 0 6 0 112 255 208 2 0 16 90 2 85 170,	52991
2016/07/01 16:46:30.587	 170 85 206 255 55 0 252 255 144 255 208 2 16 16 91 2 85 170,	52991
2016/07/01 16:46:30.619	 170 85 251 255 11 0 225 255 128 255 176 2 0 16 92 2 85 170,	64511
2016/07/01 16:46:30.648	 170 85 248 255 34 0 228 255 112 255 224 2 224 15 93 2 85 170,	63743
2016/07/01 16:46:30.664	 170 85 240 255 54 0 244 255 160 255 160 2 160 15 94 2 85 170,	61695
2016/07/01 16:46:30.680	 170 85 223 255 56 0 253 255 64 255 128 2 192 15 95 2 85 170,	57343
2016/07/01 16:46:30.695	 170 85 215 255 66 0 244 255 64 255 160 2 192 15 96 2 85 170,	55295
2016/07/01 16:46:30.729	 170 85 196 255 65 0 243 255 80 255 240 2 208 15 97 2 85 170,	50431
2016/07/01 16:46:30.742	 170 85 184 255 67 0 243 255 144 255 192 2 176 15 98 2 85 170,	47359
2016/07/01 16:46:30.775	 170 85 188 255 65 0 240 255 112 255 208 2 144 15 99 2 85 170,	48383
2016/07/01 16:46:30.823	 170 85 185 255 41 0 248 255 160 255 176 2 208 15 100 2 85 170,	47615
2016/07/01 16:46:30.828	 170 85 191 255 42 0 4 0 176 255 160 2 224 15 101 2 85 170,	49151
2016/07/01 16:46:30.832	 170 85 202 255 31 0 2 0 176 255 224 2 16 16 102 2 85 170,	51967
2016/07/01 16:46:30.836	 170 85 222 255 20 0 244 255 192 255 160 2 0 15 103 2 85 170,	57087
2016/07/01 16:46:30.867	 170 85 4 0 1 0 218 255 192 255 208 2 240 15 104 2 85 170,	1024
2016/07/01 16:46:30.871	 170 85 6 0 7 0 219 255 160 255 192 2 192 15 105 2 85 170,	1536
2016/07/01 16:46:30.914	 170 85 229 255 38 0 243 255 96 255 32 3 160 15 106 2 85 170,	58879
2016/07/01 16:46:30.928	 170 85 226 255 74 0 252 255 64 255 240 2 144 15 107 2 85 170,	58111
2016/07/01 16:46:30.939	 170 85 215 255 92 0 252 255 80 255 176 2 144 15 108 2 85 170,	55295
2016/07/01 16:46:30.950	 170 85 235 255 45 0 237 255 16 255 48 2 128 15 109 2 85 170,	60415
2016/07/01 16:46:30.976	 170 85 233 255 21 0 230 255 112 255 240 2 208 15 110 2 85 170,	59903
2016/07/01 16:46:31.011	 170 85 207 255 20 0 246 255 160 255 192 2 240 15 111 2 85 170,	53247
2016/07/01 16:46:31.023	 170 85 192 255 44 0 242 255 176 255 240 2 224 15 112 2 85 170,	49407
2016/07/01 16:46:31.039	 170 85 225 255 48 0 250 255 144 255 0 3 176 15 113 2 85 170,	57855
2016/07/01 16:46:31.059	 170 85 219 255 26 0 246 255 160 255 160 2 176 15 114 2 85 170,	56319
2016/07/01 16:46:31.086	 170 85 237 255 11 0 242 255 144 255 176 2 208 15 115 2 85 170,	60927
2016/07/01 16:46:31.090	 170 85 251 255 7 0 236 255 80 255 224 2 240 15 116 2 85 170,	64511
2016/07/01 16:46:31.117	 170 85 233 255 18 0 240 255 112 255 192 2 240 15 117 2 85 170,	59903
2016/07/01 16:46:31.147	 170 85 197 255 38 0 0 0 96 255 240 2 192 15 118 2 85 170,	50687
2016/07/01 16:46:31.164	 170 85 193 255 45 0 255 255 112 255 240 2 224 15 119 2 85 170,	49663
2016/07/01 16:46:31.178	 170 85 204 255 33 0 246 255 96 255 16 3 208 15 120 2 85 170,	52479
2016/07/01 16:46:31.197	 170 85 4 0 11 0 226 255 176 255 32 3 16 16 121 2 85 170,	1024
2016/07/01 16:46:31.211	 170 85 3 0 29 0 228 255 160 255 144 2 192 15 122 2 85 170,	768
2016/07/01 16:46:31.234	 170 85 241 255 41 0 232 255 96 255 144 2 240 15 123 2 85 170,	61951
2016/07/01 16:46:31.256	 170 85 242 255 36 0 240 255 160 255 144 2 64 16 124 2 85 170,	62207
2016/07/01 16:46:31.274	 170 85 233 255 28 0 239 255 112 255 240 2 224 15 125 2 85 170,	59903
2016/07/01 16:46:31.303	 170 85 223 255 42 0 241 255 64 255 160 2 224 15 126 2 85 170,	57343
2016/07/01 16:46:31.306	 170 85 206 255 57 0 253 255 80 255 208 2 224 15 127 2 85 170,	52991
2016/07/01 16:46:31.341	 170 85 199 255 46 0 251 255 112 255 240 2 192 15 128 2 85 170,	51199
2016/07/01 16:46:31.366	 170 85 208 255 55 0 0 0 176 255 192 2 240 15 129 2 85 170,	53503
2016/07/01 16:46:31.370	 170 85 211 255 48 0 251 255 96 255 128 2 144 15 130 2 85 170,	54271
2016/07/01 16:46:31.397	 170 85 221 255 30 0 247 255 128 255 208 2 176 15 131 2 85 170,	56831
2016/07/01 16:46:31.444	 170 85 224 255 34 0 241 255 64 255 160 2 240 15 132 2 85 170,	57599
2016/07/01 16:46:31.447	 170 85 217 255 50 0 251 255 144 255 192 2 176 15 133 2 85 170,	55807
2016/07/01 16:46:31.461	 170 85 210 255 53 0 249 255 128 255 0 3 208 15 134 2 85 170,	54015
2016/07/01 16:46:31.479	 170 85 241 255 23 0 229 255 96 255 176 2 240 15 135 2 85 170,	61951
2016/07/01 16:46:31.507	 170 85 239 255 49 0 245 255 128 255 176 2 240 15 136 2 85 170,	61439
2016/07/01 16:46:31.527	 170 85 217 255 62 0 6 0 64 255 240 2 208 15 137 2 85 170,	55807
2016/07/01 16:46:31.537	 170 85 219 255 54 0 7 0 80 255 240 2 0 16 138 2 85 170,	56319
2016/07/01 16:46:31.575	 170 85 227 255 45 0 238 255 96 255 176 2 192 15 139 2 85 170,	58367
2016/07/01 16:46:31.583	 170 85 235 255 32 0 227 255 144 255 128 2 192 15 140 2 85 170,	60415
2016/07/01 16:46:31.620	 170 85 199 255 38 0 250 255 112 255 160 2 144 15 141 2 85 170,	51199
2016/07/01 16:46:31.625	 170 85 194 255 60 0 255 255 208 255 16 3 160 15 142 2 85 170,	49919
2016/07/01 16:46:31.647	 170 85 201 255 66 0 9 0 144 255 0 3 160 15 143 2 85 170,	51711
2016/07/01 16:46:31.650	 170 85 203 255 34 0 249 255 160 255 192 2 176 15 144 2 85 170,	52223
2016/07/01 16:46:31.679	 170 85 224 255 20 0 235 255 144 255 240 2 208 15 145 2 85 170,	57599
2016/07/01 16:46:31.685	 170 85 214 255 27 0 242 255 192 255 240 2 16 16 146 2 85 170,	55039
2016/07/01 16:46:31.714	 170 85 204 255 57 0 5 0 176 255 48 3 32 16 147 2 85 170,	52479
2016/07/01 16:46:31.742	 170 85 213 255 68 0 0 0 160 255 0 3 240 15 148 2 85 170,	54783
2016/07/01 16:46:31.762	 170 85 241 255 57 0 237 255 176 255 208 2 240 15 149 2 85 170,	61951
2016/07/01 16:46:31.773	 170 85 245 255 41 0 236 255 112 255 112 2 128 15 150 2 85 170,	62975
2016/07/01 16:46:31.789	 170 85 242 255 21 0 231 255 80 255 160 2 112 15 151 2 85 170,	62207
2016/07/01 16:46:31.835	 170 85 223 255 11 0 237 255 128 255 224 2 128 15 152 2 85 170,	57343
2016/07/01 16:46:31.837	 170 85 210 255 29 0 239 255 80 255 128 2 160 15 153 2 85 170,	54015
2016/07/01 16:46:31.855	 170 85 197 255 33 0 246 255 112 255 0 3 160 15 154 2 85 170,	50687
2016/07/01 16:46:31.866	 170 85 186 255 45 0 0 0 208 255 208 2 0 16 155 2 85 170,	47871
2016/07/01 16:46:31.899	 170 85 229 255 26 0 238 255 240 255 160 2 176 15 156 2 85 170,	58879
2016/07/01 16:46:31.913	 170 85 242 255 18 0 234 255 128 255 144 2 128 15 157 2 85 170,	62207
2016/07/01 16:46:31.929	 170 85 249 255 10 0 233 255 128 255 0 3 240 16 158 2 85 170,	63999
2016/07/01 16:46:31.945	 170 85 228 255 48 0 249 255 128 255 240 2 160 15 159 2 85 170,	58623
2016/07/01 16:46:31.976	 170 85 203 255 76 0 7 0 80 255 192 2 208 15 160 2 85 170,	52223
2016/07/01 16:46:31.996	 170 85 189 255 81 0 255 255 144 255 0 3 224 15 161 2 85 170,	48639
2016/07/01 16:46:32.008	 170 85 204 255 42 0 240 255 176 255 240 2 0 16 162 2 85 170,	52479
2016/07/01 16:46:32.042	 170 85 192 255 47 0 241 255 176 255 240 2 240 15 163 2 85 170,	49407
2016/07/01 16:46:32.045	 170 85 219 255 44 0 230 255 208 255 224 2 192 15 164 2 85 170,	56319
2016/07/01 16:46:32.088	 170 85 209 255 66 0 244 255 128 255 224 2 160 15 165 2 85 170,	53759
2016/07/01 16:46:32.094	 170 85 212 255 47 0 240 255 128 255 160 2 176 15 166 2 85 170,	54527
2016/07/01 16:46:32.118	 170 85 224 255 41 0 241 255 112 255 192 2 224 15 167 2 85 170,	57599
2016/07/01 16:46:32.131	 170 85 207 255 61 0 248 255 144 255 208 2 192 15 168 2 85 170,	53247
2016/07/01 16:46:32.164	 170 85 187 255 68 0 251 255 160 255 32 3 240 15 169 2 85 170,	48127
2016/07/01 16:46:32.166	 170 85 224 255 37 0 237 255 192 255 176 2 192 15 170 2 85 170,	57599
2016/07/01 16:46:32.211	 170 85 242 255 51 0 234 255 160 255 224 2 160 15 171 2 85 170,	62207
2016/07/01 16:46:32.225	 170 85 247 255 46 0 236 255 160 255 224 2 96 15 172 2 85 170,	63487
2016/07/01 16:46:32.235	 170 85 230 255 69 0 6 0 80 255 176 2 160 15 173 2 85 170,	59135
2016/07/01 16:46:32.250	 170 85 227 255 58 0 0 0 144 255 160 2 128 15 174 2 85 170,	58367
2016/07/01 16:46:32.279	 170 85 229 255 48 0 2 0 128 255 176 2 144 15 175 2 85 170,	58879
2016/07/01 16:46:32.291	 170 85 224 255 36 0 253 255 96 255 160 2 128 15 176 2 85 170,	57599
2016/07/01 16:46:32.323	 170 85 211 255 34 0 255 255 112 255 176 2 144 15 177 2 85 170,	54271
2016/07/01 16:46:32.350	 170 85 216 255 24 0 0 0 144 255 176 2 192 15 178 2 85 170,	55551
2016/07/01 16:46:32.358	 170 85 221 255 37 0 251 255 64 255 240 2 224 15 179 2 85 170,	56831
2016/07/01 16:46:32.368	 170 85 233 255 33 0 239 255 64 255 192 2 160 15 180 2 85 170,	59903
2016/07/01 16:46:32.399	 170 85 241 255 24 0 233 255 80 255 176 2 240 15 181 2 85 170,	61951
2016/07/01 16:46:32.415	 170 85 221 255 51 0 242 255 80 255 32 3 224 15 182 2 85 170,	56831
2016/07/01 16:46:32.445	 170 85 198 255 59 0 241 255 112 255 224 2 240 15 183 2 85 170,	50943
2016/07/01 16:46:32.454	 170 85 231 255 32 0 220 255 112 255 144 2 224 15 184 2 85 170,	59391
2016/07/01 16:46:32.476	 170 85 247 255 24 0 208 255 144 255 176 2 176 15 185 2 85 170,	63487
2016/07/01 16:46:32.492	 170 85 241 255 27 0 225 255 96 255 192 2 240 15 186 2 85 170,	61951
2016/07/01 16:46:32.523	 170 85 212 255 63 0 249 255 144 255 144 2 240 15 187 2 85 170,	54527
2016/07/01 16:46:32.529	 170 85 225 255 51 0 238 255 96 255 176 2 16 16 188 2 85 170,	57855
2016/07/01 16:46:32.557	 170 85 212 255 73 0 252 255 160 255 240 2 16 16 189 2 85 170,	54527
2016/07/01 16:46:32.565	 170 85 208 255 54 0 242 255 160 255 208 2 208 15 190 2 85 170,	53503
2016/07/01 16:46:32.606	 170 85 215 255 59 0 248 255 112 255 192 2 192 15 191 2 85 170,	55295
2016/07/01 16:46:32.610	 170 85 250 255 38 0 228 255 48 255 224 2 192 15 192 2 85 170,	64255
2016/07/01 16:46:32.647	 170 85 235 255 28 0 239 255 96 255 208 2 160 15 193 2 85 170,	60415
2016/07/01 16:46:32.652	 170 85 240 255 16 0 243 255 144 255 144 2 192 15 194 2 85 170,	61695
2016/07/01 16:46:32.678	 170 85 238 255 15 0 241 255 96 255 80 2 64 15 195 2 85 170,	61183
2016/07/01 16:46:32.726	 170 85 236 255 2 0 246 255 80 255 176 2 144 15 196 2 85 170,	60671
2016/07/01 16:46:32.735	 170 85 218 255 13 0 11 0 64 255 208 2 192 15 197 2 85 170,	56063
2016/07/01 16:46:32.743	 170 85 187 255 22 0 28 0 112 255 224 2 144 15 198 2 85 170,	48127
2016/07/01 16:46:32.750	 170 85 195 255 26 0 19 0 144 255 48 3 0 16 199 2 85 170,	50175
2016/07/01 16:46:32.774	 170 85 219 255 37 0 245 255 112 255 240 2 32 16 200 2 85 170,	56319
2016/07/01 16:46:32.791	 170 85 10 0 12 0 224 255 128 255 224 2 16 16 201 2 85 170,	2560
2016/07/01 16:46:32.819	 170 85 16 0 24 0 221 255 0 255 144 2 240 15 202 2 85 170,	4096
2016/07/01 16:46:32.825	 170 85 243 255 17 0 232 255 96 255 224 2 192 15 203 2 85 170,	62463
2016/07/01 16:46:32.850	 170 85 205 255 64 0 5 0 96 255 16 3 16 16 204 2 85 170,	52735
2016/07/01 16:46:32.884	 170 85 191 255 70 0 246 255 128 255 224 2 16 16 205 2 85 170,	49151
2016/07/01 16:46:32.892	 170 85 198 255 56 0 233 255 112 255 224 2 240 15 206 2 85 170,	50943
2016/07/01 16:46:32.933	 170 85 230 255 34 0 214 255 160 255 176 2 16 16 207 2 85 170,	59135
2016/07/01 16:46:32.940	 170 85 227 255 38 0 221 255 144 255 80 2 192 15 208 2 85 170,	58367
2016/07/01 16:46:32.943	 170 85 191 255 57 0 249 255 128 255 192 2 192 15 209 2 85 170,	49151
2016/07/01 16:46:32.980	 170 85 215 255 37 0 232 255 80 255 224 2 192 15 210 2 85 170,	55295
2016/07/01 16:46:32.988	 170 85 247 255 41 0 221 255 160 255 160 2 160 15 211 2 85 170,	63487
2016/07/01 16:46:33.029	 170 85 243 255 39 0 223 255 96 255 112 2 128 15 212 2 85 170,	62463
2016/07/01 16:46:33.036	 170 85 225 255 34 0 229 255 64 255 208 2 48 15 213 2 85 170,	57855
2016/07/01 16:46:33.054	 170 85 196 255 41 0 251 255 144 255 224 3 144 15 214 2 85 170,	50431
2016/07/01 16:46:33.074	 170 85 209 255 55 0 242 255 128 255 0 3 144 15 215 2 85 170,	53759
2016/07/01 16:46:33.081	 170 85 217 255 35 0 237 255 80 255 208 2 176 15 216 2 85 170,	55807
2016/07/01 16:46:33.116	 170 85 232 255 27 0 234 255 128 255 224 2 160 15 217 2 85 170,	59647
2016/07/01 16:46:33.132	 170 85 246 255 21 0 230 255 128 255 208 2 224 15 218 2 85 170,	63231
2016/07/01 16:46:33.147	 170 85 226 255 43 0 248 255 128 255 240 2 192 15 219 2 85 170,	58111
2016/07/01 16:46:33.166	 170 85 237 255 15 0 235 255 176 255 224 2 224 15 220 2 85 170,	60927
2016/07/01 16:46:33.210	 170 85 253 255 31 0 230 255 160 255 0 3 192 15 221 2 85 170,	65023
2016/07/01 16:46:33.218	 170 85 253 255 9 0 220 255 48 255 96 2 176 15 222 2 85 170,	65023
2016/07/01 16:46:33.222	 170 85 225 255 6 0 240 255 112 255 144 2 144 15 223 2 85 170,	57855
2016/07/01 16:46:33.241	 170 85 196 255 47 0 9 0 144 255 240 2 192 15 224 2 85 170,	50431
2016/07/01 16:46:33.272	 170 85 190 255 53 0 19 0 112 255 80 3 0 16 225 2 85 170,	48895
2016/07/01 16:46:33.288	 170 85 209 255 39 0 252 255 48 255 0 3 16 16 226 2 85 170,	53759
2016/07/01 16:46:33.320	 170 85 216 255 37 0 239 255 80 255 224 2 0 16 227 2 85 170,	55551
2016/07/01 16:46:33.383	 170 85 233 255 33 0 226 255 128 255 80 3 64 16 228 2 85 170,	59903
2016/07/01 16:46:33.387	 170 85 194 255 57 0 241 255 112 255 240 2 240 15 229 2 85 170,	49919
2016/07/01 16:46:33.391	 170 85 203 255 63 0 241 255 128 255 240 2 192 15 230 2 85 170,	52223
2016/07/01 16:46:33.393	 170 85 204 255 72 0 248 255 80 255 208 2 176 15 231 2 85 170,	52479
2016/07/01 16:46:33.413	 170 85 204 255 72 0 250 255 48 255 160 2 176 15 232 2 85 170,	52479
2016/07/01 16:46:33.429	 170 85 222 255 63 0 237 255 96 255 128 2 96 15 233 2 85 170,	57087
2016/07/01 16:46:33.461	 170 85 222 255 33 0 231 255 32 255 192 2 96 15 234 2 85 170,	57087
2016/07/01 16:46:33.476	 170 85 215 255 19 0 226 255 160 255 224 2 208 15 235 2 85 170,	55295
2016/07/01 16:46:33.479	 170 85 208 255 16 0 230 255 128 255 176 2 160 15 236 2 85 170,	53503
2016/07/01 16:46:33.507	 170 85 197 255 49 0 255 255 192 255 0 3 160 15 237 2 85 170,	50687
2016/07/01 16:46:33.523	 170 85 204 255 50 0 251 255 144 255 240 2 208 15 238 2 85 170,	52479
2016/07/01 16:46:33.554	 170 85 238 255 48 0 234 255 48 255 224 2 176 15 239 2 85 170,	61183
2016/07/01 16:46:33.558	 170 85 240 255 27 0 229 255 0 255 224 2 144 15 240 2 85 170,	61695
2016/07/01 16:46:33.616	 170 85 218 255 26 0 233 255 160 255 208 2 144 15 241 2 85 170,	56063
2016/07/01 16:46:33.620	 170 85 222 255 17 0 224 255 128 255 224 2 192 15 242 2 85 170,	57087
2016/07/01 16:46:33.622	 170 85 214 255 34 0 235 255 160 255 112 2 192 15 243 2 85 170,	55039
2016/07/01 16:46:33.662	 170 85 210 255 64 0 2 0 160 255 160 2 208 15 244 2 85 170,	54015
2016/07/01 16:46:33.667	 170 85 219 255 52 0 2 0 176 255 208 2 192 15 245 2 85 170,	56319
2016/07/01 16:46:33.694	 170 85 230 255 55 0 3 0 96 255 160 2 192 15 246 2 85 170,	59135
2016/07/01 16:46:33.728	 170 85 236 255 65 0 9 0 112 255 144 2 240 15 247 2 85 170,	60671
2016/07/01 16:46:33.731	 170 85 206 255 46 0 255 255 16 255 144 2 224 15 248 2 85 170,	52991
2016/07/01 16:46:33.741	 170 85 199 255 45 0 248 255 240 254 208 2 176 15 249 2 85 170,	51199
2016/07/01 16:46:33.776	 170 85 200 255 15 0 238 255 16 255 176 2 208 15 250 2 85 170,	51455
2016/07/01 16:46:33.781	 170 85 188 255 254 255 238 255 144 255 160 2 192 15 251 2 85 170,	48383
2016/07/01 16:46:33.820	 170 85 219 255 13 0 230 255 176 255 240 2 224 15 252 2 85 170,	56319
2016/07/01 16:46:33.835	 170 85 206 255 47 0 245 255 144 255 192 2 208 15 253 2 85 170,	52991
2016/07/01 16:46:33.850	 170 85 190 255 53 0 255 255 112 255 0 3 192 15 254 2 85 170,	48895
2016/07/01 16:46:33.868	 170 85 201 255 41 0 245 255 128 255 192 2 192 15 255 2 85 170,	51711
2016/07/01 16:46:33.882	 170 85 228 255 25 0 228 255 80 255 144 2 208 15 0 2 85 170,	58623
2016/07/01 16:46:33.915	 170 85 212 255 22 0 232 255 128 255 224 2 240 15 1 2 85 170,	54527
2016/07/01 16:46:33.928	 170 85 199 255 45 0 243 255 192 255 224 2 192 15 2 2 85 170,	51199
2016/07/01 16:46:33.944	 170 85 213 255 48 0 242 255 192 255 224 2 160 15 3 2 85 170,	54783
2016/07/01 16:46:33.963	 170 85 254 255 26 0 222 255 96 255 16 3 192 15 4 2 85 170,	65279
2016/07/01 16:46:34.009	 170 85 250 255 7 0 224 255 96 255 224 2 160 15 5 2 85 170,	64255
2016/07/01 16:46:34.012	 170 85 227 255 20 0 240 255 96 255 240 2 128 15 6 2 85 170,	58367
2016/07/01 16:46:34.038	 170 85 217 255 19 0 241 255 192 255 224 2 224 15 7 2 85 170,	55807
2016/07/01 16:46:34.058	 170 85 193 255 52 0 8 0 96 255 32 3 224 15 8 2 85 170,	49663
2016/07/01 16:46:34.069	 170 85 187 255 54 0 10 0 128 255 240 2 0 16 9 2 85 170,	48127
2016/07/01 16:46:34.084	 170 85 198 255 46 0 3 0 160 255 208 2 0 16 10 2 85 170,	50943
2016/07/01 16:46:34.116	 170 85 225 255 19 0 234 255 160 255 240 2 240 15 11 2 85 170,	57855
2016/07/01 16:46:34.133	 170 85 224 255 25 0 239 255 112 255 192 2 192 15 12 2 85 170,	57599
2016/07/01 16:46:34.150	 170 85 219 255 18 0 244 255 48 255 208 2 240 15 13 2 85 170,	56319
2016/07/01 16:46:34.163	 170 85 191 255 41 0 253 255 48 255 192 2 208 15 14 2 85 170,	49151
2016/07/01 16:46:34.201	 170 85 177 255 49 0 0 0 80 255 176 2 208 15 15 2 85 170,	45567
2016/07/01 16:46:34.225	 170 85 194 255 29 0 248 255 144 255 224 2 240 15 16 2 85 170,	49919
2016/07/01 16:46:34.228	 170 85 202 255 19 0 239 255 224 255 16 3 176 15 17 2 85 170,	51967
2016/07/01 16:46:34.257	 170 85 188 255 44 0 251 255 240 255 224 2 192 15 18 2 85 170,	48383
2016/07/01 16:46:34.272	 170 85 200 255 35 0 245 255 192 255 240 2 208 15 19 2 85 170,	51455
2016/07/01 16:46:34.275	 170 85 226 255 34 0 238 255 176 255 208 2 240 15 20 2 85 170,	58111
2016/07/01 16:46:34.304	 170 85 225 255 45 0 240 255 160 255 208 2 16 16 21 2 85 170,	57855
2016/07/01 16:46:34.334	 170 85 215 255 58 0 249 255 112 255 32 3 32 16 22 2 85 170,	55295
2016/07/01 16:46:34.350	 170 85 216 255 61 0 245 255 128 255 240 2 0 16 23 2 85 170,	55551
2016/07/01 16:46:34.366	 170 85 230 255 48 0 244 255 128 255 160 2 144 15 24 2 85 170,	59135
2016/07/01 16:46:34.384	 170 85 217 255 31 0 236 255 96 255 192 2 160 15 25 2 85 170,	55807
2016/07/01 16:46:34.398	 170 85 197 255 40 0 6 0 80 255 48 3 208 15 26 2 85 170,	50687
2016/07/01 16:46:34.433	 170 85 179 255 42 0 1 0 144 255 240 2 224 15 27 2 85 170,	46079
2016/07/01 16:46:34.444	 170 85 202 255 33 0 249 255 224 255 224 2 176 15 28 2 85 170,	51967
2016/07/01 16:46:34.507	 170 85 215 255 48 0 247 255 192 255 0 3 208 15 29 2 85 170,	55295
2016/07/01 16:46:34.510	 170 85 221 255 54 0 254 255 112 255 224 2 192 15 30 2 85 170,	56831
2016/07/01 16:46:34.511	 170 85 219 255 63 0 14 0 112 255 224 2 224 15 31 2 85 170,	56319
2016/07/01 16:46:34.529	 170 85 223 255 40 0 245 255 96 255 16 3 0 16 32 2 85 170,	57343
2016/07/01 16:46:34.554	 170 85 224 255 44 0 236 255 80 255 48 3 32 16 33 2 85 170,	57599
2016/07/01 16:46:34.574	 170 85 218 255 53 0 232 255 160 255 224 2 0 16 34 2 85 170,	56063
2016/07/01 16:46:34.601	 170 85 208 255 68 0 236 255 144 255 192 2 224 15 35 2 85 170,	53503
2016/07/01 16:46:34.620	 170 85 229 255 51 0 225 255 224 255 144 2 32 16 36 2 85 170,	58879
2016/07/01 16:46:34.647	 170 85 253 255 22 0 222 255 208 255 96 2 208 15 37 2 85 170,	65023
2016/07/01 16:46:34.651	 170 85 246 255 26 0 227 255 128 255 208 2 208 15 38 2 85 170,	63231
2016/07/01 16:46:34.655	 170 85 227 255 35 0 240 255 128 255 16 3 16 16 39 2 85 170,	58367
2016/07/01 16:46:34.716	 170 85 225 255 47 0 231 255 96 255 32 3 208 15 40 2 85 170,	57855
2016/07/01 16:46:34.720	 170 85 235 255 33 0 232 255 112 255 208 2 208 15 41 2 85 170,	60415
2016/07/01 16:46:34.722	 170 85 214 255 31 0 245 255 160 255 0 3 192 15 42 2 85 170,	55039
2016/07/01 16:46:34.761	 170 85 212 255 30 0 236 255 112 255 192 2 240 15 43 2 85 170,	54527
2016/07/01 16:46:34.763	 170 85 231 255 24 0 236 255 176 255 224 2 16 16 44 2 85 170,	59391
2016/07/01 16:46:34.788	 170 85 224 255 44 0 246 255 128 255 176 2 64 16 45 2 85 170,	57599
2016/07/01 16:46:34.809	 170 85 217 255 52 0 5 0 112 255 208 2 48 16 46 2 85 170,	55807
2016/07/01 16:46:34.820	 170 85 214 255 60 0 248 255 32 255 0 3 224 15 47 2 85 170,	55039
2016/07/01 16:46:34.852	 170 85 222 255 44 0 241 255 80 255 64 3 48 16 48 2 85 170,	57087
2016/07/01 16:46:34.855	 170 85 242 255 22 0 221 255 160 255 16 3 224 15 49 2 85 170,	62207
2016/07/01 16:46:34.882	 170 85 253 255 36 0 228 255 176 255 224 2 192 15 50 2 85 170,	65023
2016/07/01 16:46:34.901	 170 85 255 255 46 0 227 255 32 255 176 2 224 15 51 2 85 170,	65535
2016/07/01 16:46:34.928	 170 85 231 255 65 0 255 255 80 255 224 2 208 15 52 2 85 170,	59391
2016/07/01 16:46:34.947	 170 85 236 255 60 0 249 255 144 255 16 3 0 16 53 2 85 170,	60671
2016/07/01 16:46:34.976	 170 85 235 255 60 0 246 255 80 255 240 2 0 16 54 2 85 170,	60415
2016/07/01 16:46:34.980	 170 85 239 255 45 0 238 255 96 255 240 2 224 15 55 2 85 170,	61439
2016/07/01 16:46:35.007	 170 85 243 255 49 0 244 255 80 255 16 3 128 15 56 2 85 170,	62463
2016/07/01 16:46:35.038	 170 85 218 255 33 0 249 255 80 255 208 2 192 15 57 2 85 170,	56063
2016/07/01 16:46:35.040	 170 85 200 255 54 0 8 0 240 255 224 2 208 15 58 2 85 170,	51455
2016/07/01 16:46:35.069	 170 85 203 255 61 0 8 0 96 255 208 2 224 15 59 2 85 170,	52223
2016/07/01 16:46:35.084	 170 85 236 255 39 0 242 255 80 255 160 2 240 15 60 2 85 170,	60671
2016/07/01 16:46:35.116	 170 85 231 255 30 0 245 255 64 255 176 2 144 15 61 2 85 170,	59391
2016/07/01 16:46:35.118	 170 85 220 255 35 0 3 0 80 255 240 2 240 15 62 2 85 170,	56575
2016/07/01 16:46:35.148	 170 85 220 255 25 0 252 255 0 255 176 2 192 15 63 2 85 170,	56575
2016/07/01 16:46:35.163	 170 85 225 255 38 0 244 255 112 255 224 2 224 15 64 2 85 170,	57855
2016/07/01 16:46:35.194	 170 85 212 255 30 0 0 0 96 255 208 2 176 15 65 2 85 170,	54527
2016/07/01 16:46:35.219	 170 85 206 255 32 0 251 255 144 255 208 2 208 15 66 2 85 170,	52991
2016/07/01 16:46:35.234	 170 85 228 255 61 0 242 255 128 255 16 3 0 16 67 2 85 170,	58623
2016/07/01 16:46:35.257	 170 85 246 255 54 0 228 255 96 255 208 2 0 16 68 2 85 170,	63231
2016/07/01 16:46:35.261	 170 85 246 255 47 0 233 255 96 255 192 2 224 15 69 2 85 170,	63231
2016/07/01 16:46:35.278	 170 85 217 255 66 0 246 255 80 255 224 2 208 15 70 2 85 170,	55807
2016/07/01 16:46:35.326	 170 85 209 255 53 0 243 255 48 255 208 2 160 15 71 2 85 170,	53759
2016/07/01 16:46:35.333	 170 85 198 255 47 0 242 255 144 255 208 2 160 15 72 2 85 170,	50943
2016/07/01 16:46:35.350	 170 85 218 255 33 0 232 255 144 255 208 2 192 15 73 2 85 170,	56063
2016/07/01 16:46:35.368	 170 85 211 255 21 0 236 255 192 255 192 2 192 15 74 2 85 170,	54271
2016/07/01 16:46:35.396	 170 85 215 255 37 0 239 255 192 255 176 2 208 15 75 2 85 170,	55295
2016/07/01 16:46:35.408	 170 85 226 255 44 0 249 255 128 255 192 2 224 15 76 2 85 170,	58111
2016/07/01 16:46:35.429	 170 85 225 255 44 0 5 0 176 255 144 2 160 15 77 2 85 170,	57855
2016/07/01 16:46:35.440	 170 85 217 255 42 0 0 0 48 255 160 2 240 15 78 2 85 170,	55807
2016/07/01 16:46:35.475	 170 85 232 255 15 0 238 255 64 255 160 2 160 15 79 2 85 170,	59647
2016/07/01 16:46:35.492	 170 85 222 255 12 0 241 255 32 255 240 2 144 15 80 2 85 170,	57087
2016/07/01 16:46:35.512	 170 85 208 255 245 255 236 255 176 255 192 2 240 15 81 2 85 170,	53503
2016/07/01 16:46:35.520	 170 85 183 255 39 0 32 0 144 255 224 2 224 15 82 2 85 170,	47103
2016/07/01 16:46:35.555	 170 85 193 255 52 0 0 0 128 255 240 2 224 15 83 2 85 170,	49663
2016/07/01 16:46:35.561	 170 85 232 255 33 0 229 255 240 255 192 2 32 16 84 2 85 170,	59647
2016/07/01 16:46:35.584	 170 85 240 255 16 0 218 255 144 255 192 2 176 15 85 2 85 170,	61695
2016/07/01 16:46:35.617	 170 85 243 255 22 0 223 255 160 255 176 2 160 15 86 2 85 170,	62463
2016/07/01 16:46:35.628	 170 85 204 255 34 0 241 255 96 255 176 2 176 15 87 2 85 170,	52479
2016/07/01 16:46:35.647	 170 85 192 255 76 0 2 0 112 255 160 2 176 15 88 2 85 170,	49407
2016/07/01 16:46:35.679	 170 85 210 255 37 0 237 255 96 255 208 2 224 15 89 2 85 170,	54015
2016/07/01 16:46:35.683	 170 85 219 255 36 0 228 255 48 255 240 2 224 15 90 2 85 170,	56319
2016/07/01 16:46:35.698	 170 85 235 255 6 0 214 255 176 255 48 3 144 15 91 2 85 170,	60415
2016/07/01 16:46:35.727	 170 85 238 255 10 0 216 255 192 255 160 2 160 15 92 2 85 170,	61183
2016/07/01 16:46:35.747	 170 85 190 255 51 0 252 255 144 255 240 2 160 15 93 2 85 170,	48895
2016/07/01 16:46:35.757	 170 85 183 255 50 0 1 0 112 255 64 3 160 15 94 2 85 170,	47103
2016/07/01 16:46:35.791	 170 85 206 255 33 0 236 255 224 255 32 3 208 15 95 2 85 170,	52991
2016/07/01 16:46:35.794	 170 85 236 255 29 0 221 255 160 255 32 3 0 16 96 2 85 170,	60671
2016/07/01 16:46:35.836	 170 85 243 255 20 0 219 255 80 255 32 3 160 15 97 2 85 170,	62463
2016/07/01 16:46:35.844	 170 85 213 255 29 0 228 255 128 255 224 2 176 15 98 2 85 170,	54783
2016/07/01 16:46:35.866	 170 85 163 255 80 0 236 255 144 255 192 2 224 15 99 2 85 170,	41983
2016/07/01 16:46:35.884	 170 85 157 255 55 0 254 255 176 255 32 3 224 15 100 2 85 170,	40447
2016/07/01 16:46:35.913	 170 85 185 255 47 0 242 255 128 255 32 3 16 16 101 2 85 170,	47615
2016/07/01 16:46:35.918	 170 85 235 255 33 0 210 255 176 255 64 3 224 15 102 2 85 170,	60415
2016/07/01 16:46:35.961	 170 85 219 255 23 0 214 255 32 255 192 2 240 15 103 2 85 170,	56319
2016/07/01 16:46:35.964	 170 85 181 255 84 0 252 255 192 255 208 2 32 16 104 2 85 170,	46591
2016/07/01 16:46:35.991	 170 85 186 255 104 0 8 0 96 255 224 2 208 15 105 2 85 170,	47871
2016/07/01 16:46:35.994	 170 85 201 255 75 0 3 0 144 255 96 3 16 16 106 2 85 170,	51711
2016/07/01 16:46:36.027	 170 85 230 255 60 0 232 255 224 255 240 2 192 15 107 2 85 170,	59135
2016/07/01 16:46:36.038	 170 85 213 255 78 0 249 255 160 255 192 2 144 15 108 2 85 170,	54783
2016/07/01 16:46:36.084	 170 85 206 255 68 0 12 0 144 255 160 2 160 15 109 2 85 170,	52991
2016/07/01 16:46:36.088	 170 85 200 255 69 0 19 0 112 255 0 3 224 15 110 2 85 170,	51455
2016/07/01 16:46:36.119	 170 85 206 255 56 0 4 0 112 255 144 2 192 15 111 2 85 170,	52991
2016/07/01 16:46:36.122	 170 85 205 255 52 0 10 0 96 255 32 3 208 15 112 2 85 170,	52735
2016/07/01 16:46:36.133	 170 85 209 255 38 0 247 255 128 255 208 2 144 15 113 2 85 170,	53759
2016/07/01 16:46:36.166	 170 85 214 255 35 0 243 255 176 255 160 2 128 15 114 2 85 170,	55039
2016/07/01 16:46:36.173	 170 85 209 255 29 0 241 255 64 255 160 2 160 15 115 2 85 170,	53759
2016/07/01 16:46:36.213	 170 85 215 255 5 0 240 255 112 255 112 2 176 15 116 2 85 170,	55295
2016/07/01 16:46:36.219	 170 85 219 255 11 0 236 255 224 255 208 2 112 15 117 2 85 170,	56319
2016/07/01 16:46:36.241	 170 85 226 255 249 255 239 255 208 255 176 2 208 15 118 2 85 170,	58111
2016/07/01 16:46:36.261	 170 85 245 255 1 0 243 255 224 255 240 2 0 16 119 2 85 170,	62975
2016/07/01 16:46:36.289	 170 85 249 255 12 0 239 255 80 255 128 2 224 15 120 2 85 170,	63999
2016/07/01 16:46:36.303	 170 85 236 255 27 0 245 255 112 255 240 2 192 15 121 2 85 170,	60671
2016/07/01 16:46:36.319	 170 85 218 255 28 0 237 255 16 255 0 3 240 15 122 2 85 170,	56063
2016/07/01 16:46:36.336	 170 85 223 255 24 0 225 255 144 255 224 2 80 16 123 2 85 170,	57343
2016/07/01 16:46:36.352	 170 85 232 255 18 0 223 255 176 255 48 3 32 16 124 2 85 170,	59647
2016/07/01 16:46:36.384	 170 85 222 255 34 0 228 255 160 255 176 2 64 16 125 2 85 170,	57087
2016/07/01 16:46:36.403	 170 85 210 255 51 0 243 255 0 0 240 2 32 16 126 2 85 170,	54015
2016/07/01 16:46:36.429	 170 85 202 255 72 0 249 255 160 255 176 2 192 15 127 2 85 170,	51967
2016/07/01 16:46:36.433	 170 85 228 255 59 0 244 255 160 255 224 2 208 15 128 2 85 170,	58623
2016/07/01 16:46:36.461	 170 85 232 255 33 0 237 255 128 255 192 2 208 15 129 2 85 170,	59647
2016/07/01 16:46:36.523	 170 85 216 255 43 0 249 255 112 255 128 2 176 15 130 2 85 170,	55551
2016/07/01 16:46:36.538	 170 85 203 255 50 0 2 0 80 255 192 2 176 15 131 2 85 170,	52223
2016/07/01 16:46:36.547	 170 85 196 255 43 0 255 255 16 255 176 2 160 15 132 2 85 170,	50431
2016/07/01 16:46:36.557	 170 85 206 255 24 0 243 255 128 255 208 2 144 15 133 2 85 170,	52991
2016/07/01 16:46:36.563	 170 85 234 255 254 255 226 255 160 255 240 2 160 15 134 2 85 170,	60159
2016/07/01 16:46:36.586	 170 85 241 255 3 0 234 255 96 255 192 2 176 15 135 2 85 170,	61951
2016/07/01 16:46:36.601	 170 85 239 255 255 255 233 255 160 255 192 2 192 15 136 2 85 170,	61439
2016/07/01 16:46:36.634	 170 85 240 255 21 0 251 255 128 255 224 2 176 15 137 2 85 170,	61695
2016/07/01 16:46:36.637	 170 85 247 255 4 0 237 255 128 255 0 2 192 15 138 2 85 170,	63487
2016/07/01 16:46:36.662	 170 85 0 0 9 0 233 255 144 255 192 2 80 16 139 2 85 170,	0
2016/07/01 16:46:36.680	 170 85 0 0 14 0 225 255 192 255 16 3 48 16 140 2 85 170,	0
2016/07/01 16:46:36.694	 170 85 239 255 30 0 237 255 96 255 80 3 64 16 141 2 85 170,	61439
2016/07/01 16:46:36.711	 170 85 229 255 41 0 239 255 144 255 64 3 240 15 142 2 85 170,	58879
2016/07/01 16:46:36.758	 170 85 221 255 58 0 243 255 80 255 0 3 192 15 143 2 85 170,	56831
2016/07/01 16:46:36.761	 170 85 216 255 52 0 241 255 144 255 176 2 224 15 144 2 85 170,	55551
2016/07/01 16:46:36.779	 170 85 222 255 49 0 244 255 112 255 0 3 0 16 145 2 85 170,	57087
2016/07/01 16:46:36.787	 170 85 224 255 35 0 235 255 96 255 224 2 240 15 146 2 85 170,	57599
2016/07/01 16:46:36.820	 170 85 226 255 26 0 236 255 32 255 224 2 176 15 147 2 85 170,	58111
2016/07/01 16:46:36.851	 170 85 210 255 43 0 251 255 64 255 224 2 144 15 148 2 85 170,	54015
2016/07/01 16:46:36.853	 170 85 192 255 31 0 1 0 144 255 208 2 240 15 149 2 85 170,	49407
2016/07/01 16:46:36.882	 170 85 210 255 26 0 248 255 96 255 80 3 160 15 150 2 85 170,	54015
2016/07/01 16:46:36.917	 170 85 223 255 6 0 239 255 80 255 208 2 224 15 151 2 85 170,	57343
2016/07/01 16:46:36.921	 170 85 203 255 29 0 4 0 160 255 32 3 48 16 152 2 85 170,	52223
2016/07/01 16:46:36.944	 170 85 199 255 47 0 6 0 176 255 48 3 240 15 153 2 85 170,	51199
2016/07/01 16:46:36.946	 170 85 211 255 60 0 253 255 96 255 80 3 96 16 154 2 85 170,	54271
2016/07/01 16:46:36.976	 170 85 7 0 57 0 225 255 128 255 16 3 32 16 155 2 85 170,	1792
2016/07/01 16:46:36.992	 170 85 9 0 48 0 218 255 240 254 240 2 208 15 156 2 85 170,	2304
2016/07/01 16:46:37.024	 170 85 242 255 45 0 227 255 96 255 240 2 160 15 157 2 85 170,	62207
2016/07/01 16:46:37.053	 170 85 213 255 57 0 240 255 112 255 32 3 176 15 158 2 85 170,	54783
2016/07/01 16:46:37.057	 170 85 200 255 43 0 243 255 112 255 160 2 208 15 159 2 85 170,	51455
2016/07/01 16:46:37.068	 170 85 208 255 42 0 243 255 128 255 240 2 208 15 160 2 85 170,	53503
2016/07/01 16:46:37.103	 170 85 201 255 46 0 249 255 208 255 240 2 224 15 161 2 85 170,	51711
2016/07/01 16:46:37.116	 170 85 204 255 34 0 254 255 176 255 128 2 192 15 162 2 85 170,	52479
2016/07/01 16:46:37.162	 170 85 220 255 38 0 245 255 208 255 0 3 192 15 163 2 85 170,	56575
2016/07/01 16:46:37.167	 170 85 225 255 42 0 255 255 128 255 32 3 16 16 164 2 85 170,	57855
2016/07/01 16:46:37.172	 170 85 205 255 50 0 2 0 128 255 32 3 16 16 165 2 85 170,	52735
2016/07/01 16:46:37.210	 170 85 216 255 63 0 6 0 0 255 224 2 16 16 166 2 85 170,	55551
2016/07/01 16:46:37.215	 170 85 206 255 59 0 250 255 160 255 0 3 240 15 167 2 85 170,	52991
2016/07/01 16:46:37.246	 170 85 218 255 46 0 232 255 144 255 208 2 0 16 168 2 85 170,	56063
2016/07/01 16:46:37.272	 170 85 212 255 65 0 247 255 112 255 192 2 208 15 169 2 85 170,	54527
2016/07/01 16:46:37.280	 170 85 201 255 45 0 242 255 144 255 176 2 192 15 170 2 85 170,	51711
2016/07/01 16:46:37.303	 170 85 202 255 52 0 246 255 144 255 176 2 176 15 171 2 85 170,	51967
2016/07/01 16:46:37.319	 170 85 207 255 59 0 252 255 160 255 224 2 240 15 172 2 85 170,	53247
2016/07/01 16:46:37.335	 170 85 211 255 48 0 239 255 144 255 0 3 224 15 173 2 85 170,	54271
2016/07/01 16:46:37.350	 170 85 206 255 53 0 244 255 80 255 224 2 128 15 174 2 85 170,	52991
2016/07/01 16:46:37.387	 170 85 237 255 15 0 220 255 128 255 176 2 176 15 175 2 85 170,	60927
2016/07/01 16:46:37.399	 170 85 209 255 33 0 243 255 32 255 32 3 208 15 176 2 85 170,	53759
2016/07/01 16:46:37.413	 170 85 196 255 35 0 244 255 160 255 192 2 224 15 177 2 85 170,	50431
2016/07/01 16:46:37.444	 170 85 216 255 24 0 233 255 208 255 224 2 0 16 178 2 85 170,	55551
2016/07/01 16:46:37.461	 170 85 220 255 37 0 240 255 224 255 48 3 240 15 179 2 85 170,	56575
2016/07/01 16:46:37.481	 170 85 220 255 39 0 241 255 192 255 80 3 0 16 180 2 85 170,	56575
2016/07/01 16:46:37.507	 170 85 235 255 23 0 229 255 192 255 0 3 32 16 181 2 85 170,	60415
2016/07/01 16:46:37.528	 170 85 255 255 26 0 228 255 176 255 208 2 16 16 182 2 85 170,	65535
2016/07/01 16:46:37.532	 170 85 241 255 38 0 233 255 96 255 160 2 208 15 183 2 85 170,	61951
2016/07/01 16:46:37.553	 170 85 223 255 39 0 249 255 64 255 224 2 224 15 184 2 85 170,	57343
2016/07/01 16:46:37.587	 170 85 224 255 41 0 239 255 32 255 32 3 224 15 185 2 85 170,	57599
2016/07/01 16:46:37.591	 170 85 196 255 73 0 1 0 128 255 16 3 0 16 186 2 85 170,	50431
2016/07/01 16:46:37.618	 170 85 194 255 43 0 239 255 112 255 16 3 48 16 187 2 85 170,	49919
2016/07/01 16:46:37.633	 170 85 221 255 44 0 236 255 112 255 224 2 0 16 188 2 85 170,	56831
2016/07/01 16:46:37.667	 170 85 213 255 33 0 239 255 192 255 16 3 176 15 189 2 85 170,	54783
2016/07/01 16:46:37.678	 170 85 211 255 47 0 240 255 144 255 48 3 160 15 190 2 85 170,	54271
2016/07/01 16:46:37.713	 170 85 1 0 17 0 218 255 240 255 144 2 192 15 191 2 85 170,	256
2016/07/01 16:46:37.718	 170 85 248 255 41 0 237 255 192 255 192 2 128 15 192 2 85 170,	63743
2016/07/01 16:46:37.741	 170 85 236 255 54 0 0 0 160 255 176 2 144 15 193 2 85 170,	60671
2016/07/01 16:46:37.745	 170 85 238 255 48 0 4 0 96 255 176 2 112 15 194 2 85 170,	61183
2016/07/01 16:46:37.772	 170 85 237 255 25 0 246 255 16 255 176 2 176 15 195 2 85 170,	60927
2016/07/01 16:46:37.803	 170 85 230 255 1 0 255 255 16 255 32 3 224 15 196 2 85 170,	59135
2016/07/01 16:46:37.809	 170 85 211 255 14 0 253 255 112 255 128 3 240 15 197 2 85 170,	54271
2016/07/01 16:46:37.850	 170 85 193 255 48 0 13 0 128 255 96 3 0 16 198 2 85 170,	49663
2016/07/01 16:46:37.866	 170 85 191 255 55 0 2 0 144 255 48 3 224 15 199 2 85 170,	49151
2016/07/01 16:46:37.883	 170 85 200 255 49 0 1 0 144 255 0 3 0 16 200 2 85 170,	51455
2016/07/01 16:46:37.889	 170 85 226 255 27 0 235 255 16 0 192 2 240 15 201 2 85 170,	58111
2016/07/01 16:46:37.960	 170 85 234 255 42 0 241 255 0 0 16 3 176 15 202 2 85 170,	60159
2016/07/01 16:46:37.967	 170 85 225 255 65 0 2 0 224 255 48 3 208 15 203 2 85 170,	57855
2016/07/01 16:46:37.972	 170 85 215 255 78 0 10 0 176 255 0 3 176 15 204 2 85 170,	55295
2016/07/01 16:46:37.978	 170 85 243 255 78 0 5 0 96 255 224 2 224 15 205 2 85 170,	62463
2016/07/01 16:46:37.992	 170 85 251 255 55 0 245 255 80 255 160 2 176 15 206 2 85 170,	64511
2016/07/01 16:46:38.023	 170 85 225 255 39 0 251 255 128 255 144 2 128 15 207 2 85 170,	57855
2016/07/01 16:46:38.029	 170 85 225 255 46 0 253 255 0 255 128 2 128 15 208 2 85 170,	57855
2016/07/01 16:46:38.053	 170 85 200 255 28 0 0 0 16 255 160 2 80 15 209 2 85 170,	51455
2016/07/01 16:46:38.070	 170 85 178 255 42 0 11 0 96 255 0 3 144 15 210 2 85 170,	45823
2016/07/01 16:46:38.101	 170 85 172 255 37 0 248 255 208 255 0 3 160 15 211 2 85 170,	44287
2016/07/01 16:46:38.116	 170 85 166 255 13 0 243 255 160 255 0 3 176 15 212 2 85 170,	42751
2016/07/01 16:46:38.133	 170 85 232 255 47 0 217 255 160 255 0 3 32 16 213 2 85 170,	59647
2016/07/01 16:46:38.163	 170 85 214 255 63 0 232 255 192 255 224 2 240 15 214 2 85 170,	55039
2016/07/01 16:46:38.179	 170 85 189 255 87 0 247 255 192 255 240 2 0 16 215 2 85 170,	48639
2016/07/01 16:46:38.194	 170 85 242 255 81 0 220 255 0 0 0 3 192 15 216 2 85 170,	62207
2016/07/01 16:46:38.226	 170 85 6 0 61 0 210 255 160 255 208 2 192 15 217 2 85 170,	1536
2016/07/01 16:46:38.230	 170 85 27 0 25 0 205 255 144 255 96 2 160 15 218 2 85 170,	6912
2016/07/01 16:46:38.273	 170 85 247 255 8 0 221 255 160 255 32 3 144 15 219 2 85 170,	63487
2016/07/01 16:46:38.281	 170 85 207 255 33 0 247 255 160 255 48 3 144 15 220 2 85 170,	53247
2016/07/01 16:46:38.303	 170 85 200 255 24 0 249 255 192 255 48 3 144 15 221 2 85 170,	51455
2016/07/01 16:46:38.311	 170 85 200 255 30 0 251 255 224 255 208 2 208 15 222 2 85 170,	51455
2016/07/01 16:46:38.335	 170 85 201 255 43 0 1 0 176 255 160 2 192 15 223 2 85 170,	51711
2016/07/01 16:46:38.368	 170 85 198 255 27 0 4 0 176 255 0 3 208 15 224 2 85 170,	50943
2016/07/01 16:46:38.375	 170 85 198 255 32 0 3 0 96 255 224 2 160 15 225 2 85 170,	50943
2016/07/01 16:46:38.398	 170 85 197 255 38 0 14 0 160 255 192 2 192 15 226 2 85 170,	50687
2016/07/01 16:46:38.416	 170 85 192 255 28 0 254 255 160 255 240 2 208 15 227 2 85 170,	49407
2016/07/01 16:46:38.446	 170 85 209 255 36 0 242 255 144 255 160 2 240 15 228 2 85 170,	53759
2016/07/01 16:46:38.476	 170 85 199 255 39 0 236 255 48 255 192 2 208 15 229 2 85 170,	51199
2016/07/01 16:46:38.483	 170 85 190 255 34 0 236 255 192 255 0 3 208 15 230 2 85 170,	48895
2016/07/01 16:46:38.487	 170 85 180 255 69 0 254 255 208 255 240 2 0 16 231 2 85 170,	46335
2016/07/01 16:46:38.538	 170 85 222 255 37 0 221 255 240 255 208 2 192 15 232 2 85 170,	57087
2016/07/01 16:46:38.544	 170 85 3 0 16 0 206 255 192 255 208 2 160 15 233 2 85 170,	768
2016/07/01 16:46:38.549	 170 85 248 255 32 0 213 255 192 255 16 3 176 15 234 2 85 170,	63743
2016/07/01 16:46:38.605	 170 85 225 255 46 0 238 255 160 255 16 3 128 15 235 2 85 170,	57855
2016/07/01 16:46:38.611	 170 85 194 255 56 0 241 255 176 255 224 2 224 15 236 2 85 170,	49919
2016/07/01 16:46:38.614	 170 85 203 255 56 0 238 255 112 255 240 2 160 15 237 2 85 170,	52223
2016/07/01 16:46:38.630	 170 85 215 255 40 0 233 255 240 255 192 2 160 15 238 2 85 170,	55295
2016/07/01 16:46:38.653	 170 85 219 255 28 0 235 255 224 255 176 2 208 15 239 2 85 170,	56319
2016/07/01 16:46:38.663	 170 85 227 255 4 0 230 255 176 255 176 2 192 15 240 2 85 170,	58367
2016/07/01 16:46:38.696	 170 85 213 255 20 0 246 255 240 255 160 2 240 15 241 2 85 170,	54783
2016/07/01 16:46:38.726	 170 85 211 255 33 0 245 255 208 255 48 3 208 15 242 2 85 170,	54271
2016/07/01 16:46:38.729	 170 85 202 255 83 0 14 0 192 255 64 3 240 15 243 2 85 170,	51967
2016/07/01 16:46:38.756	 170 85 203 255 93 0 14 0 224 255 240 2 192 15 244 2 85 170,	52223
2016/07/01 16:46:38.772	 170 85 214 255 55 0 244 255 144 255 240 3 176 15 245 2 85 170,	55039
2016/07/01 16:46:38.804	 170 85 240 255 38 0 227 255 144 255 208 2 144 15 246 2 85 170,	61695
2016/07/01 16:46:38.819	 170 85 194 255 46 0 248 255 160 255 144 2 160 15 247 2 85 170,	49919
2016/07/01 16:46:38.838	 170 85 183 255 55 0 7 0 208 255 176 2 176 15 248 2 85 170,	47103
2016/07/01 16:46:38.840	 170 85 181 255 58 0 252 255 96 255 0 3 144 15 249 2 85 170,	46591
2016/07/01 16:46:38.865	 170 85 200 255 39 0 241 255 240 255 16 3 208 15 250 2 85 170,	51455
2016/07/01 16:46:38.898	 170 85 218 255 31 0 229 255 224 255 16 3 240 15 251 2 85 170,	56063
2016/07/01 16:46:38.912	 170 85 241 255 18 0 222 255 160 255 208 2 240 15 252 2 85 170,	61951
2016/07/01 16:46:38.944	 170 85 225 255 65 0 247 255 96 255 160 2 16 16 253 2 85 170,	57855
2016/07/01 16:46:38.960	 170 85 216 255 49 0 250 255 176 255 240 2 16 16 254 2 85 170,	55551
2016/07/01 16:46:38.963	 170 85 215 255 53 0 239 255 144 255 208 2 224 15 255 2 85 170,	55295
2016/07/01 16:46:38.992	 170 85 224 255 45 0 233 255 160 255 240 2 224 15 0 2 85 170,	57599
2016/07/01 16:46:39.022	 170 85 207 255 44 0 236 255 224 255 208 2 240 15 1 2 85 170,	53247
2016/07/01 16:46:39.039	 170 85 200 255 79 0 254 255 192 255 80 3 16 16 2 2 85 170,	51455
2016/07/01 16:46:39.053	 170 85 201 255 73 0 250 255 208 255 224 2 0 16 3 2 85 170,	51711
2016/07/01 16:46:39.072	 170 85 214 255 74 0 245 255 176 255 240 2 224 15 4 2 85 170,	55039
2016/07/01 16:46:39.085	 170 85 239 255 55 0 223 255 192 255 64 2 176 15 5 2 85 170,	61439
2016/07/01 16:46:39.118	 170 85 220 255 71 0 241 255 160 255 208 2 96 15 6 2 85 170,	56575
2016/07/01 16:46:39.123	 170 85 211 255 65 0 238 255 192 255 208 2 240 15 7 2 85 170,	54271
2016/07/01 16:46:39.169	 170 85 202 255 40 0 238 255 176 255 144 2 240 15 8 2 85 170,	51967
2016/07/01 16:46:39.171	 170 85 231 255 12 0 224 255 176 255 144 2 208 15 9 2 85 170,	59391
2016/07/01 16:46:39.196	 170 85 230 255 28 0 229 255 192 255 160 2 160 15 10 2 85 170,	59135
2016/07/01 16:46:39.209	 170 85 214 255 26 0 239 255 0 0 144 2 0 16 11 2 85 170,	55039
2016/07/01 16:46:39.240	 170 85 226 255 30 0 237 255 176 255 240 2 240 15 12 2 85 170,	58111
2016/07/01 16:46:39.243	 170 85 4 0 10 0 228 255 208 255 192 2 208 15 13 2 85 170,	1024
2016/07/01 16:46:39.272	 170 85 5 0 17 0 226 255 160 255 144 2 208 15 14 2 85 170,	1280
2016/07/01 16:46:39.305	 170 85 12 0 6 0 223 255 160 255 144 2 176 15 15 2 85 170,	3072
2016/07/01 16:46:39.320	 170 85 236 255 31 0 240 255 128 255 0 3 224 15 16 2 85 170,	60671
2016/07/01 16:46:39.323	 170 85 218 255 36 0 248 255 128 255 32 3 224 15 17 2 85 170,	56063
2016/07/01 16:46:39.356	 170 85 220 255 37 0 238 255 192 255 208 2 16 16 18 2 85 170,	56575
2016/07/01 16:46:39.367	 170 85 234 255 39 0 234 255 176 255 176 2 192 15 19 2 85 170,	60159
2016/07/01 16:46:39.381	 170 85 219 255 29 0 239 255 96 255 240 2 176 15 20 2 85 170,	56319
2016/07/01 16:46:39.413	 170 85 208 255 42 0 255 255 176 255 32 3 208 15 21 2 85 170,	53503
2016/07/01 16:46:39.450	 170 85 195 255 38 0 241 255 208 255 160 2 224 15 22 2 85 170,	50175
2016/07/01 16:46:39.453	 170 85 226 255 42 0 233 255 192 255 208 2 160 15 23 2 85 170,	58111
2016/07/01 16:46:39.476	 170 85 241 255 12 0 229 255 176 255 240 2 176 15 24 2 85 170,	61951
2016/07/01 16:46:39.508	 170 85 230 255 13 0 237 255 144 255 224 2 240 15 25 2 85 170,	59135
2016/07/01 16:46:39.510	 170 85 239 255 0 0 230 255 240 0 208 2 16 16 26 2 85 170,	61439
2016/07/01 16:46:39.522	 170 85 227 255 12 0 238 255 176 255 240 2 192 15 27 2 85 170,	58367
2016/07/01 16:46:39.539	 170 85 221 255 18 0 248 255 144 255 0 3 0 16 28 2 85 170,	56831
2016/07/01 16:46:39.569	 170 85 228 255 32 0 250 255 208 255 96 3 128 16 29 2 85 170,	58623
2016/07/01 16:46:39.601	 170 85 245 255 51 0 252 255 192 255 16 3 0 16 30 2 85 170,	62975
2016/07/01 16:46:39.616	 170 85 221 255 73 0 0 0 64 255 192 2 224 15 31 2 85 170,	56831
2016/07/01 16:46:39.635	 170 85 202 255 73 0 1 0 144 255 0 3 16 16 32 2 85 170,	51967
2016/07/01 16:46:39.648	 170 85 193 255 70 0 249 255 128 255 48 3 192 15 33 2 85 170,	49663
2016/07/01 16:46:39.663	 170 85 185 255 66 0 244 255 96 255 0 3 224 15 34 2 85 170,	47615
2016/07/01 16:46:39.679	 170 85 181 255 69 0 251 255 160 255 144 2 160 15 35 2 85 170,	46591
2016/07/01 16:46:39.730	 170 85 186 255 51 0 244 255 160 255 208 2 192 15 36 2 85 170,	47871
2016/07/01 16:46:39.733	 170 85 199 255 38 0 234 255 160 255 144 2 176 15 37 2 85 170,	51199
2016/07/01 16:46:39.756	 170 85 204 255 35 0 239 255 16 0 240 2 192 15 38 2 85 170,	52479
2016/07/01 16:46:39.760	 170 85 208 255 47 0 241 255 208 255 192 2 128 15 39 2 85 170,	53503
2016/07/01 16:46:39.804	 170 85 197 255 52 0 255 255 240 255 176 2 160 15 40 2 85 170,	50687
2016/07/01 16:46:39.806	 170 85 220 255 37 0 244 255 208 255 224 2 0 16 41 2 85 170,	56575
2016/07/01 16:46:39.835	 170 85 238 255 21 0 230 255 208 255 224 2 192 15 42 2 85 170,	61183
2016/07/01 16:46:39.851	 170 85 225 255 53 0 247 255 96 255 240 2 144 15 43 2 85 170,	57855
2016/07/01 16:46:39.870	 170 85 214 255 46 0 238 255 144 255 48 3 240 15 44 2 85 170,	55039
2016/07/01 16:46:39.897	 170 85 232 255 41 0 230 255 192 255 176 2 224 15 45 2 85 170,	59647
2016/07/01 16:46:39.917	 170 85 233 255 39 0 235 255 208 255 208 2 32 16 46 2 85 170,	59903
2016/07/01 16:46:39.946	 170 85 217 255 33 0 246 255 240 255 176 2 16 16 47 2 85 170,	55807
2016/07/01 16:46:39.948	 170 85 222 255 61 0 3 0 208 255 192 2 0 16 48 2 85 170,	57087
2016/07/01 16:46:39.964	 170 85 222 255 66 0 3 0 144 255 192 2 32 16 49 2 85 170,	57087
2016/07/01 16:46:39.992	 170 85 214 255 65 0 5 0 80 255 240 2 176 15 50 2 85 170,	55039
2016/07/01 16:46:40.011	 170 85 220 255 42 0 248 255 112 255 208 2 224 15 51 2 85 170,	56575
2016/07/01 16:46:40.038	 170 85 218 255 42 0 242 255 144 255 128 2 176 15 52 2 85 170,	56063
2016/07/01 16:46:40.053	 170 85 196 255 39 0 2 0 64 255 160 2 160 15 53 2 85 170,	50431
2016/07/01 16:46:40.086	 170 85 196 255 41 0 7 0 160 255 128 2 176 15 54 2 85 170,	50431
2016/07/01 16:46:40.090	 170 85 203 255 33 0 252 255 160 255 208 2 192 15 55 2 85 170,	52223
2016/07/01 16:46:40.104	 170 85 226 255 41 0 253 255 0 0 0 3 16 16 56 2 85 170,	58111
2016/07/01 16:46:40.132	 170 85 240 255 34 0 248 255 240 255 224 2 240 15 57 2 85 170,	61695
2016/07/01 16:46:40.152	 170 85 252 255 46 0 247 255 240 255 144 2 0 16 58 2 85 170,	64767
2016/07/01 16:46:40.162	 170 85 6 0 52 0 249 255 0 0 144 2 0 15 59 2 85 170,	1536
2016/07/01 16:46:40.199	 170 85 3 0 46 0 242 255 176 255 128 2 16 16 60 2 85 170,	768
2016/07/01 16:46:40.210	 170 85 30 0 17 0 226 255 144 255 48 2 192 15 61 2 85 170,	7680
2016/07/01 16:46:40.225	 170 85 227 255 250 255 238 255 32 255 160 2 224 15 62 2 85 170,	58367
2016/07/01 16:46:40.256	 170 85 158 255 22 0 10 0 0 0 144 3 80 17 63 2 85 170,	40703
2016/07/01 16:46:40.273	 170 85 78 255 104 0 61 0 64 0 224 3 112 17 64 2 85 170,	20223
2016/07/01 16:46:40.303	 170 85 138 255 122 0 242 255 192 0 48 3 80 17 65 2 85 170,	35583
2016/07/01 16:46:40.309	 170 85 81 0 70 0 137 255 160 255 0 2 224 15 66 2 85 170,	20736
2016/07/01 16:46:40.321	 170 85 90 0 129 0 181 255 80 254 80 1 32 15 67 2 85 170,	23040
2016/07/01 16:46:40.351	 170 85 253 255 66 0 185 255 64 253 112 1 176 14 68 2 85 170,	65023
2016/07/01 16:46:40.361	 170 85 93 255 52 0 239 255 128 253 80 1 160 14 69 2 85 170,	24063
2016/07/01 16:46:40.398	 170 85 231 254 253 255 254 255 192 253 112 2 224 15 70 2 85 170,	59390
2016/07/01 16:46:40.413	 170 85 116 254 188 255 1 0 160 254 48 3 176 15 71 2 85 170,	29950
2016/07/01 16:46:40.433	 170 85 68 255 74 0 136 255 32 255 144 3 64 16 72 2 85 170,	17663
2016/07/01 16:46:40.460	 170 85 131 255 174 0 89 255 128 255 144 3 0 16 73 2 85 170,	33791
2016/07/01 16:46:40.462	 170 85 3 255 216 0 183 255 112 0 208 2 64 16 74 2 85 170,	1023
2016/07/01 16:46:40.490	 170 85 241 254 200 0 226 255 48 1 112 2 32 16 75 2 85 170,	61950
2016/07/01 16:46:40.506	 170 85 116 255 169 0 201 255 64 1 80 2 16 16 76 2 85 170,	29951
2016/07/01 16:46:40.523	 170 85 180 255 161 0 188 255 240 0 224 2 48 16 77 2 85 170,	46335
2016/07/01 16:46:40.553	 170 85 16 0 94 0 171 255 128 0 224 2 192 15 78 2 85 170,	4096
2016/07/01 16:46:40.573	 170 85 55 0 39 0 149 255 64 0 96 2 144 15 79 2 85 170,	14080
2016/07/01 16:46:40.586	 170 85 82 0 25 0 161 255 16 0 48 2 112 15 80 2 85 170,	20992
2016/07/01 16:46:40.601	 170 85 57 0 250 255 177 255 0 0 112 2 96 15 81 2 85 170,	14592
2016/07/01 16:46:40.632	 170 85 24 0 220 255 226 255 240 255 240 2 160 15 82 2 85 170,	6144
2016/07/01 16:46:40.640	 170 85 99 0 227 255 189 255 176 255 96 2 160 15 83 2 85 170,	25344
2016/07/01 16:46:40.678	 170 85 61 0 243 255 180 255 80 255 64 2 160 15 84 2 85 170,	15616
2016/07/01 16:46:40.680	 170 85 233 255 192 255 222 255 96 255 64 2 96 15 85 2 85 170,	59903
2016/07/01 16:46:40.713	 170 85 187 255 161 255 232 255 208 255 176 2 128 15 86 2 85 170,	48127
2016/07/01 16:46:40.726	 170 85 218 255 177 255 198 255 240 255 48 3 16 16 87 2 85 170,	56063
2016/07/01 16:46:40.757	 170 85 18 0 247 255 184 255 32 0 64 3 112 16 88 2 85 170,	4608
2016/07/01 16:46:40.766	 170 85 247 255 201 255 200 255 160 0 144 3 192 16 89 2 85 170,	63487
2016/07/01 16:46:40.807	 170 85 54 0 250 255 165 255 128 0 32 3 64 16 90 2 85 170,	13824
2016/07/01 16:46:40.813	 170 85 84 0 23 0 158 255 16 0 208 2 16 16 91 2 85 170,	21504
2016/07/01 16:46:40.836	 170 85 113 0 28 0 160 255 224 255 144 2 48 16 92 2 85 170,	28928
2016/07/01 16:46:40.845	 170 85 80 0 242 255 191 255 208 255 176 2 224 15 93 2 85 170,	20480
2016/07/01 16:46:40.868	 170 85 23 0 254 255 230 255 144 255 208 2 0 16 94 2 85 170,	5888
2016/07/01 16:46:40.885	 170 85 225 255 238 255 254 255 144 255 208 2 240 15 95 2 85 170,	57855
2016/07/01 16:46:40.903	 170 85 224 255 224 255 254 255 160 255 0 3 16 16 96 2 85 170,	57599
2016/07/01 16:46:40.929	 170 85 219 255 205 255 7 0 208 255 0 3 48 16 97 2 85 170,	56319
2016/07/01 16:46:40.949	 170 85 221 255 215 255 11 0 160 255 80 3 32 16 98 2 85 170,	56831
2016/07/01 16:46:40.960	 170 85 212 255 183 255 252 255 192 255 240 2 32 16 99 2 85 170,	54527
2016/07/01 16:46:40.992	 170 85 200 255 201 255 4 0 64 255 0 3 32 16 100 2 85 170,	51455
2016/07/01 16:46:41.007	 170 85 191 255 241 255 6 0 112 255 16 3 48 16 101 2 85 170,	49151
2016/07/01 16:46:41.040	 170 85 183 255 1 0 9 0 96 255 224 2 48 16 102 2 85 170,	47103
2016/07/01 16:46:41.047	 170 85 151 255 243 255 1 0 128 255 16 3 208 15 103 2 85 170,	38911
2016/07/01 16:46:41.069	 170 85 237 255 46 0 213 255 64 255 32 3 32 16 104 2 85 170,	60927
2016/07/01 16:46:41.083	 170 85 202 255 75 0 228 255 80 255 32 3 48 16 105 2 85 170,	51967
2016/07/01 16:46:41.116	 170 85 178 255 83 0 240 255 240 255 0 3 208 15 106 2 85 170,	45823
2016/07/01 16:46:41.125	 170 85 196 255 76 0 218 255 240 255 240 2 96 15 107 2 85 170,	50431
2016/07/01 16:46:41.147	 170 85 209 255 104 0 229 255 176 255 160 2 160 15 108 2 85 170,	53759
2016/07/01 16:46:41.162	 170 85 177 255 122 0 250 255 0 0 224 2 192 15 109 2 85 170,	45567
2016/07/01 16:46:41.179	 170 85 194 255 79 0 232 255 160 255 0 3 192 15 110 2 85 170,	49919
2016/07/01 16:46:41.210	 170 85 242 255 9 0 187 255 224 255 0 3 176 15 111 2 85 170,	62207
2016/07/01 16:46:41.230	 170 85 0 0 227 255 167 255 16 0 144 2 160 15 112 2 85 170,	0
2016/07/01 16:46:41.256	 170 85 214 255 240 255 214 255 32 0 160 2 0 16 113 2 85 170,	55039
2016/07/01 16:46:41.262	 170 85 167 255 0 0 255 255 32 0 48 3 240 15 114 2 85 170,	43007
2016/07/01 16:46:41.288	 170 85 165 255 26 0 6 0 224 255 64 3 80 16 115 2 85 170,	42495
2016/07/01 16:46:41.305	 170 85 201 255 26 0 238 255 0 255 160 3 80 16 116 2 85 170,	51711
2016/07/01 16:46:41.323	 170 85 228 255 33 0 228 255 176 255 176 3 80 16 117 2 85 170,	58623
2016/07/01 16:46:41.350	 170 85 241 255 40 0 222 255 208 255 80 3 0 16 118 2 85 170,	61951
2016/07/01 16:46:41.371	 170 85 237 255 43 0 221 255 192 255 32 3 176 15 119 2 85 170,	60927
2016/07/01 16:46:41.397	 170 85 237 255 66 0 219 255 240 255 32 3 240 15 120 2 85 170,	60927
2016/07/01 16:46:41.413	 170 85 239 255 45 0 221 255 0 0 112 3 224 15 121 2 85 170,	61439
2016/07/01 16:46:41.420	 170 85 223 255 67 0 230 255 32 0 160 3 16 16 122 2 85 170,	57343
2016/07/01 16:46:41.445	 170 85 227 255 96 0 230 255 48 0 112 3 80 16 123 2 85 170,	58367
2016/07/01 16:46:41.464	 170 85 20 0 88 0 218 255 112 0 0 3 240 15 124 2 85 170,	5120
2016/07/01 16:46:41.491	 170 85 61 0 90 0 222 255 16 0 224 2 224 15 125 2 85 170,	15616
2016/07/01 16:46:41.495	 170 85 45 0 88 0 235 255 0 0 240 2 208 15 126 2 85 170,	11520
2016/07/01 16:46:41.538	 170 85 17 0 78 0 250 255 96 255 48 3 80 15 127 2 85 170,	4352
2016/07/01 16:46:41.542	 170 85 14 0 78 0 242 255 96 255 0 3 96 15 128 2 85 170,	3584
2016/07/01 16:46:41.569	 170 85 239 255 63 0 255 255 240 255 0 3 176 15 129 2 85 170,	61439
2016/07/01 16:46:41.573	 170 85 244 255 77 0 15 0 224 255 224 2 176 15 130 2 85 170,	62719
2016/07/01 16:46:41.605	 170 85 252 255 68 0 19 0 192 255 192 2 176 15 131 2 85 170,	64767
2016/07/01 16:46:41.633	 170 85 12 0 44 0 15 0 128 255 160 2 144 15 132 2 85 170,	3072
2016/07/01 16:46:41.641	 170 85 8 0 29 0 6 0 112 255 128 2 160 15 133 2 85 170,	2048
2016/07/01 16:46:41.679	 170 85 9 0 24 0 12 0 160 255 112 2 176 15 134 2 85 170,	2304
2016/07/01 16:46:41.685	 170 85 2 0 0 0 246 255 80 255 160 2 160 15 135 2 85 170,	512
2016/07/01 16:46:41.711	 170 85 36 0 245 255 225 255 32 255 128 2 160 15 136 2 85 170,	9216
2016/07/01 16:46:41.726	 170 85 57 0 195 255 213 255 192 255 112 2 208 15 137 2 85 170,	14592
2016/07/01 16:46:41.742	 170 85 74 0 186 255 202 255 16 255 208 2 208 15 138 2 85 170,	18944
2016/07/01 16:46:41.772	 170 85 78 0 207 255 220 255 208 254 32 2 80 15 139 2 85 170,	19968
2016/07/01 16:46:41.779	 170 85 6 0 17 0 40 0 192 254 208 2 240 15 140 2 85 170,	1536
2016/07/01 16:46:41.803	 170 85 222 255 28 0 62 0 32 254 48 3 80 16 141 2 85 170,	57087
2016/07/01 16:46:41.835	 170 85 160 255 36 0 60 0 112 254 224 3 176 16 142 2 85 170,	41215
2016/07/01 16:46:41.851	 170 85 136 255 61 0 45 0 160 255 144 4 48 17 143 2 85 170,	35071
2016/07/01 16:46:41.866	 170 85 163 255 101 0 1 0 96 0 0 4 64 17 144 2 85 170,	41983
2016/07/01 16:46:41.883	 170 85 245 255 133 0 240 255 208 0 32 3 96 16 145 2 85 170,	62975
2016/07/01 16:46:41.913	 170 85 15 0 177 0 23 0 128 0 240 2 224 15 146 2 85 170,	3840
2016/07/01 16:46:41.920	 170 85 8 0 183 0 49 0 176 0 0 3 192 15 147 2 85 170,	2048
2016/07/01 16:46:41.946	 170 85 12 0 172 0 81 0 224 0 16 3 144 15 148 2 85 170,	3072
2016/07/01 16:46:41.961	 170 85 81 0 136 0 60 0 144 0 208 2 112 15 149 2 85 170,	20736
2016/07/01 16:46:41.974	 170 85 135 0 105 0 54 0 16 0 112 2 208 14 150 2 85 170,	34560
2016/07/01 16:46:42.007	 170 85 140 0 52 0 68 0 96 255 224 1 176 14 151 2 85 170,	35840
2016/07/01 16:46:42.025	 170 85 84 0 248 255 95 0 32 254 224 1 80 14 152 2 85 170,	21504
2016/07/01 16:46:42.031	 170 85 226 255 206 255 138 0 0 254 48 2 32 15 153 2 85 170,	58111
2016/07/01 16:46:42.070	 170 85 100 255 180 255 165 0 192 253 48 2 32 16 154 2 85 170,	25855
2016/07/01 16:46:42.100	 170 85 123 254 54 255 243 0 64 255 112 3 208 15 155 2 85 170,	31742
2016/07/01 16:46:42.104	 170 85 192 255 209 255 3 0 160 255 96 3 240 15 156 2 85 170,	49407
2016/07/01 16:46:42.121	 170 85 25 0 31 0 229 255 160 254 16 3 48 16 157 2 85 170,	6400
2016/07/01 16:46:42.147	 170 85 91 0 74 0 178 255 112 254 64 3 80 16 158 2 85 170,	23296
2016/07/01 16:46:42.151	 170 85 247 255 56 0 192 255 96 254 80 3 16 16 159 2 85 170,	63487
2016/07/01 16:46:42.180	 170 85 183 255 80 0 202 255 32 255 96 3 240 15 160 2 85 170,	47103
2016/07/01 16:46:42.214	 170 85 212 255 104 0 184 255 224 255 16 3 64 16 161 2 85 170,	54527
2016/07/01 16:46:42.220	 170 85 0 0 84 0 165 255 224 255 208 2 0 16 162 2 85 170,	0
2016/07/01 16:46:42.259	 170 85 4 0 55 0 175 255 240 255 224 2 208 15 163 2 85 170,	1024
2016/07/01 16:46:42.262	 170 85 41 0 33 0 180 255 192 255 0 3 224 15 164 2 85 170,	10496
2016/07/01 16:46:42.274	 170 85 28 0 32 0 194 255 144 255 32 3 224 15 165 2 85 170,	7168
2016/07/01 16:46:42.319	 170 85 35 0 18 0 192 255 128 255 64 3 208 15 166 2 85 170,	8960
2016/07/01 16:46:42.333	 170 85 25 0 41 0 210 255 128 255 48 3 240 16 167 2 85 170,	6400
2016/07/01 16:46:42.354	 170 85 236 255 66 0 242 255 176 255 0 2 208 15 168 2 85 170,	60671
2016/07/01 16:46:42.369	 170 85 221 255 41 0 253 255 32 255 144 2 176 15 169 2 85 170,	56831
2016/07/01 16:46:42.383	 170 85 15 0 247 255 224 255 64 255 176 2 192 15 170 2 85 170,	3840
2016/07/01 16:46:42.399	 170 85 3 0 240 255 240 255 80 255 208 2 224 15 171 2 85 170,	768
2016/07/01 16:46:42.414	 170 85 226 255 12 0 10 0 16 255 208 2 208 15 172 2 85 170,	58111
2016/07/01 16:46:42.447	 170 85 196 255 56 0 47 0 80 255 48 3 240 15 173 2 85 170,	50431
2016/07/01 16:46:42.461	 170 85 210 255 83 0 42 0 32 255 80 3 96 16 174 2 85 170,	54015
2016/07/01 16:46:42.492	 170 85 228 255 73 0 16 0 32 255 64 3 224 15 175 2 85 170,	58623
2016/07/01 16:46:42.502	 170 85 21 0 40 0 229 255 32 255 64 3 0 16 176 2 85 170,	5376
2016/07/01 16:46:42.513	 170 85 25 0 47 0 224 255 240 254 192 2 144 15 177 2 85 170,	6400
2016/07/01 16:46:42.541	 170 85 236 255 75 0 243 255 0 255 224 2 176 15 178 2 85 170,	60671
2016/07/01 16:46:42.554	 170 85 199 255 75 0 14 0 240 254 176 2 112 15 179 2 85 170,	51199
2016/07/01 16:46:42.590	 170 85 206 255 39 0 240 255 160 254 240 2 0 16 180 2 85 170,	52991
2016/07/01 16:46:42.601	 170 85 244 255 11 0 216 255 0 255 48 3 240 15 181 2 85 170,	62719
2016/07/01 16:46:42.635	 170 85 243 255 9 0 221 255 0 255 64 3 32 16 182 2 85 170,	62463
2016/07/01 16:46:42.638	 170 85 228 255 16 0 224 255 112 255 224 2 16 16 183 2 85 170,	58623
2016/07/01 16:46:42.663	 170 85 204 255 44 0 248 255 80 255 32 3 240 15 184 2 85 170,	52479
2016/07/01 16:46:42.683	 170 85 231 255 7 0 227 255 48 255 240 2 16 16 185 2 85 170,	59391
2016/07/01 16:46:42.710	 170 85 8 0 244 255 218 255 112 255 16 3 192 15 186 2 85 170,	2048
2016/07/01 16:46:42.714	 170 85 237 255 6 0 233 255 48 255 240 2 240 15 187 2 85 170,	60927
2016/07/01 16:46:42.754	 170 85 200 255 55 0 0 0 240 254 16 3 48 16 188 2 85 170,	51455
2016/07/01 16:46:42.761	 170 85 180 255 50 0 0 0 224 254 240 2 240 15 189 2 85 170,	46335
2016/07/01 16:46:42.772	 170 85 178 255 70 0 10 0 16 255 80 3 240 15 190 2 85 170,	45823
2016/07/01 16:46:42.796	 170 85 194 255 44 0 233 255 96 255 16 3 16 16 191 2 85 170,	49919
2016/07/01 16:46:42.819	 170 85 225 255 24 0 222 255 112 255 240 2 192 15 192 2 85 170,	57855
2016/07/01 16:46:42.851	 170 85 246 255 26 0 218 255 112 255 192 2 144 15 193 2 85 170,	63231
2016/07/01 16:46:42.867	 170 85 216 255 57 0 253 255 0 255 192 2 208 15 194 2 85 170,	55551
2016/07/01 16:46:42.882	 170 85 183 255 56 0 23 0 240 254 240 2 192 15 195 2 85 170,	47103
2016/07/01 16:46:42.899	 170 85 174 255 92 0 31 0 64 255 0 3 176 15 196 2 85 170,	44799
2016/07/01 16:46:42.914	 170 85 181 255 77 0 25 0 144 255 0 3 48 16 197 2 85 170,	46591
2016/07/01 16:46:42.959	 170 85 181 255 41 0 255 255 192 255 80 3 80 16 198 2 85 170,	46591
2016/07/01 16:46:42.962	 170 85 205 255 105 0 24 0 208 255 80 3 144 16 199 2 85 170,	52735
2016/07/01 16:46:42.975	 170 85 226 255 124 0 26 0 176 255 128 3 80 16 200 2 85 170,	58111
2016/07/01 16:46:43.009	 170 85 255 255 114 0 6 0 64 255 48 3 176 15 201 2 85 170,	65535
2016/07/01 16:46:43.012	 170 85 42 0 77 0 213 255 144 254 0 3 160 15 202 2 85 170,	10752
2016/07/01 16:46:43.055	 170 85 40 0 74 0 196 255 224 254 176 2 112 15 203 2 85 170,	10240
2016/07/01 16:46:43.058	 170 85 223 255 62 0 220 255 240 254 208 2 16 15 204 2 85 170,	57343
2016/07/01 16:46:43.086	 170 85 149 255 61 0 252 255 240 254 208 2 80 15 205 2 85 170,	38399
2016/07/01 16:46:43.089	 170 85 118 255 50 0 0 0 144 255 224 2 160 15 206 2 85 170,	30463
2016/07/01 16:46:43.131	 170 85 135 255 47 0 2 0 64 0 32 3 208 15 207 2 85 170,	34815
2016/07/01 16:46:43.133	 170 85 160 255 25 0 242 255 240 255 208 2 16 16 208 2 85 170,	41215
2016/07/01 16:46:43.151	 170 85 219 255 20 0 238 255 176 255 224 2 16 16 209 2 85 170,	56319
2016/07/01 16:46:43.178	 170 85 2 0 11 0 231 255 128 255 224 2 224 15 210 2 85 170,	512
2016/07/01 16:46:43.200	 170 85 1 0 30 0 235 255 64 255 32 3 176 15 211 2 85 170,	256
2016/07/01 16:46:43.209	 170 85 217 255 57 0 251 255 80 255 224 2 224 15 212 2 85 170,	55807
2016/07/01 16:46:43.243	 170 85 205 255 37 0 247 255 144 255 208 2 160 15 213 2 85 170,	52735
2016/07/01 16:46:43.274	 170 85 213 255 28 0 241 255 32 255 0 3 240 15 214 2 85 170,	54783
2016/07/01 16:46:43.278	 170 85 227 255 2 0 225 255 32 255 0 3 240 15 215 2 85 170,	58367
2016/07/01 16:46:43.304	 170 85 220 255 19 0 243 255 144 255 32 3 48 16 216 2 85 170,	56575
2016/07/01 16:46:43.306	 170 85 189 255 38 0 252 255 176 255 32 3 16 16 217 2 85 170,	48639
2016/07/01 16:46:43.340	 170 85 203 255 25 0 244 255 176 255 208 2 80 16 218 2 85 170,	52223
2016/07/01 16:46:43.351	 170 85 215 255 46 0 0 0 64 255 240 2 16 16 219 2 85 170,	55295
2016/07/01 16:46:43.386	 170 85 227 255 49 0 248 255 112 255 32 3 176 15 220 2 85 170,	58367
2016/07/01 16:46:43.399	 170 85 213 255 52 0 250 255 64 255 224 2 0 16 221 2 85 170,	54783
2016/07/01 16:46:43.432	 170 85 219 255 42 0 237 255 80 255 240 2 0 16 222 2 85 170,	56319
2016/07/01 16:46:43.441	 170 85 212 255 35 0 242 255 112 255 176 2 192 15 223 2 85 170,	54527
2016/07/01 16:46:43.448	 170 85 194 255 48 0 1 0 112 255 208 2 192 15 224 2 85 170,	49919
2016/07/01 16:46:43.476	 170 85 196 255 41 0 246 255 96 255 0 3 0 16 225 2 85 170,	50431
2016/07/01 16:46:43.508	 170 85 210 255 43 0 242 255 144 255 16 3 240 15 226 2 85 170,	54015
2016/07/01 16:46:43.549	 170 85 221 255 44 0 238 255 192 255 224 2 16 16 227 2 85 170,	56831
2016/07/01 16:46:43.564	 170 85 228 255 42 0 241 255 64 255 16 3 16 16 228 2 85 170,	58623
2016/07/01 16:46:43.571	 170 85 237 255 44 0 240 255 192 255 224 2 224 15 229 2 85 170,	60927
2016/07/01 16:46:43.601	 170 85 233 255 57 0 248 255 112 255 240 2 208 15 230 2 85 170,	59903
2016/07/01 16:46:43.617	 170 85 239 255 55 0 238 255 80 255 224 2 224 15 231 2 85 170,	61439
2016/07/01 16:46:43.623	 170 85 218 255 68 0 0 0 112 255 224 2 16 16 232 2 85 170,	56063
2016/07/01 16:46:43.648	 170 85 207 255 68 0 5 0 80 255 48 3 0 16 233 2 85 170,	53247
2016/07/01 16:46:43.654	 170 85 203 255 47 0 240 255 48 255 0 3 208 15 234 2 85 170,	52223
2016/07/01 16:46:43.679	 170 85 221 255 47 0 233 255 32 255 224 2 224 15 235 2 85 170,	56831
2016/07/01 16:46:43.695	 170 85 220 255 25 0 233 255 112 255 224 2 224 15 236 2 85 170,	56575
2016/07/01 16:46:43.726	 170 85 210 255 44 0 249 255 48 255 144 2 240 15 237 2 85 170,	54015
2016/07/01 16:46:43.732	 170 85 220 255 45 0 245 255 160 255 208 2 240 15 238 2 85 170,	56575
2016/07/01 16:46:43.760	 170 85 227 255 39 0 247 255 48 255 16 3 240 15 239 2 85 170,	58367
2016/07/01 16:46:43.766	 170 85 217 255 39 0 254 255 112 255 240 2 176 15 240 2 85 170,	55807
2016/07/01 16:46:43.835	 170 85 211 255 45 0 254 255 96 255 224 3 208 15 241 2 85 170,	54271
2016/07/01 16:46:43.842	 170 85 207 255 45 0 5 0 112 255 0 3 240 15 242 2 85 170,	53247
2016/07/01 16:46:43.847	 170 85 209 255 35 0 250 255 80 255 16 3 32 16 243 2 85 170,	53759
2016/07/01 16:46:43.867	 170 85 224 255 21 0 233 255 144 255 240 2 224 15 244 2 85 170,	57599
2016/07/01 16:46:43.870	 170 85 243 255 33 0 233 255 32 255 0 3 224 15 245 2 85 170,	62463
2016/07/01 16:46:43.902	 170 85 1 0 23 0 222 255 32 255 208 2 208 15 246 2 85 170,	256
2016/07/01 16:46:43.907	 170 85 232 255 42 0 238 255 16 255 192 2 176 15 247 2 85 170,	59647
2016/07/01 16:46:43.944	 170 85 207 255 41 0 241 255 32 255 240 2 240 15 248 2 85 170,	53247
2016/07/01 16:46:43.960	 170 85 196 255 19 0 242 255 144 255 208 2 64 16 249 2 85 170,	50431
2016/07/01 16:46:43.975	 170 85 207 255 38 0 244 255 144 255 224 2 240 15 250 2 85 170,	53247
2016/07/01 16:46:43.993	 170 85 231 255 8 0 232 255 160 255 208 2 192 15 251 2 85 170,	59391
2016/07/01 16:46:44.023	 170 85 222 255 36 0 244 255 160 255 224 2 192 15 252 2 85 170,	57087
2016/07/01 16:46:44.038	 170 85 212 255 42 0 251 255 160 255 240 2 0 16 253 2 85 170,	54527
2016/07/01 16:46:44.053	 170 85 207 255 79 0 18 0 80 255 32 3 0 16 254 2 85 170,	53247
2016/07/01 16:46:44.070	 170 85 219 255 39 0 244 255 96 255 224 2 240 15 255 2 85 170,	56319
2016/07/01 16:46:44.100	 170 85 210 255 30 0 242 255 48 255 192 2 240 15 0 2 85 170,	54015
2016/07/01 16:46:44.116	 170 85 226 255 6 0 219 255 80 255 32 3 48 16 1 2 85 170,	58111
2016/07/01 16:46:44.137	 170 85 227 255 16 0 229 255 192 255 0 3 16 16 2 2 85 170,	58367
2016/07/01 16:46:44.163	 170 85 187 255 85 0 252 255 176 255 240 2 240 15 3 2 85 170,	48127
2016/07/01 16:46:44.181	 170 85 187 255 98 0 10 0 144 255 0 3 16 16 4 2 85 170,	48127
2016/07/01 16:46:44.211	 170 85 205 255 73 0 255 255 160 255 16 3 240 15 5 2 85 170,	52735
2016/07/01 16:46:44.216	 170 85 245 255 57 0 230 255 112 255 240 2 0 16 6 2 85 170,	62975
2016/07/01 16:46:44.242	 170 85 250 255 21 0 221 255 64 255 176 2 192 15 7 2 85 170,	64255
2016/07/01 16:46:44.259	 170 85 221 255 35 0 238 255 64 255 16 3 192 15 8 2 85 170,	56831
2016/07/01 16:46:44.278	 170 85 195 255 57 0 250 255 128 255 192 2 224 15 9 2 85 170,	50175
2016/07/01 16:46:44.303	 170 85 181 255 77 0 6 0 96 255 192 2 240 15 10 2 85 170,	46591
2016/07/01 16:46:44.323	 170 85 193 255 66 0 253 255 112 255 128 2 240 15 11 2 85 170,	49663
2016/07/01 16:46:44.329	 170 85 206 255 40 0 243 255 144 255 32 3 224 15 12 2 85 170,	52991
2016/07/01 16:46:44.350	 170 85 222 255 24 0 239 255 128 255 224 2 224 15 13 2 85 170,	57087
2016/07/01 16:46:44.382	 170 85 229 255 22 0 242 255 144 255 192 2 240 15 14 2 85 170,	58879
2016/07/01 16:46:44.398	 170 85 214 255 42 0 250 255 144 255 0 3 224 15 15 2 85 170,	55039
2016/07/01 16:46:44.416	 170 85 208 255 56 0 253 255 112 255 0 3 224 15 16 2 85 170,	53503
2016/07/01 16:46:44.429	 170 85 206 255 67 0 253 255 128 255 240 2 224 15 17 2 85 170,	52991
2016/07/01 16:46:44.461	 170 85 215 255 45 0 239 255 144 255 240 2 224 15 18 2 85 170,	55295
2016/07/01 16:46:44.465	 170 85 216 255 49 0 243 255 64 255 224 2 0 16 19 2 85 170,	55551
2016/07/01 16:46:44.490	 170 85 212 255 29 0 255 255 80 255 192 2 240 15 20 2 85 170,	54527
2016/07/01 16:46:44.523	 170 85 222 255 38 0 4 0 144 255 176 2 208 15 21 2 85 170,	57087
2016/07/01 16:46:44.538	 170 85 226 255 43 0 251 255 128 255 192 2 16 16 22 2 85 170,	58111
2016/07/01 16:46:44.559	 170 85 222 255 52 0 253 255 64 255 224 2 16 16 23 2 85 170,	57087
2016/07/01 16:46:44.586	 170 85 212 255 31 0 255 255 96 255 224 2 32 16 24 2 85 170,	54527
2016/07/01 16:46:44.605	 170 85 211 255 30 0 240 255 112 255 208 2 80 16 25 2 85 170,	54271
2016/07/01 16:46:44.608	 170 85 224 255 26 0 237 255 48 255 208 2 224 15 26 2 85 170,	57599
2016/07/01 16:46:44.631	 170 85 206 255 22 0 246 255 32 255 208 2 192 15 27 2 85 170,	52991
2016/07/01 16:46:44.663	 170 85 200 255 51 0 13 0 64 255 0 3 208 15 28 2 85 170,	51455
2016/07/01 16:46:44.678	 170 85 197 255 27 0 252 255 144 255 0 3 48 16 29 2 85 170,	50687
2016/07/01 16:46:44.684	 170 85 202 255 33 0 247 255 128 255 192 2 0 16 30 2 85 170,	51967
2016/07/01 16:46:44.710	 170 85 208 255 25 0 246 255 128 255 64 0 80 16 31 2 85 170,	53503
2016/07/01 16:46:44.744	 170 85 201 255 57 0 255 255 144 255 208 2 48 16 32 2 85 170,	51711
