2016/05/16 21:42:02.621	 85 170 9 178 170 85,	2482
2016/05/16 21:42:02.627	 85 170 9 176 170 85,	2480
2016/05/16 21:42:02.631	 85 170 9 176 170 85,	2480
2016/05/16 21:42:02.640	 85 170 9 173 170 85,	2477
2016/05/16 21:42:02.645	 85 170 9 171 170 85,	2475
2016/05/16 21:42:02.649	 85 170 9 171 170 85,	2475
2016/05/16 21:42:02.653	 85 170 9 170 170 85,	2474
2016/05/16 21:42:02.658	 85 170 9 167 170 85,	2471
2016/05/16 21:42:02.662	 85 170 9 167 170 85,	2471
2016/05/16 21:42:02.665	 85 170 9 167 170 85,	2471
2016/05/16 21:42:02.668	 85 170 9 167 170 85,	2471
2016/05/16 21:42:02.670	 85 170 9 167 170 85,	2471
2016/05/16 21:42:02.673	 85 170 9 167 170 85,	2471
2016/05/16 21:42:02.676	 85 170 9 167 170 85,	2471
2016/05/16 21:42:02.679	 85 170 9 164 170 85,	2468
2016/05/16 21:42:02.681	 85 170 9 162 170 85,	2466
2016/05/16 21:42:02.683	 85 170 9 160 170 85,	2464
2016/05/16 21:42:02.686	 85 170 9 160 170 85,	2464
2016/05/16 21:42:02.688	 85 170 9 165 170 85,	2469
2016/05/16 21:42:02.691	 85 170 9 168 170 85,	2472
2016/05/16 21:42:02.692	 85 170 9 169 170 85,	2473
2016/05/16 21:42:02.694	 85 170 9 168 170 85,	2472
2016/05/16 21:42:02.696	 85 170 9 168 170 85,	2472
2016/05/16 21:42:02.698	 85 170 9 167 170 85,	2471
2016/05/16 21:42:02.700	 85 170 9 167 170 85,	2471
2016/05/16 21:42:02.701	 85 170 9 169 170 85,	2473
2016/05/16 21:42:02.704	 85 170 9 173 170 85,	2477
2016/05/16 21:42:02.706	 85 170 9 174 170 85,	2478
2016/05/16 21:42:02.707	 85 170 9 174 170 85,	2478
2016/05/16 21:42:02.712	 85 170 9 173 170 85,	2477
2016/05/16 21:42:02.715	 85 170 9 172 170 85,	2476
2016/05/16 21:42:02.716	 85 170 9 170 170 85,	2474
2016/05/16 21:42:02.718	 85 170 9 170 170 85,	2474
2016/05/16 21:42:02.720	 85 170 9 168 170 85,	2472
2016/05/16 21:42:02.722	 85 170 9 167 170 85,	2471
2016/05/16 21:42:02.724	 85 170 9 167 170 85,	2471
2016/05/16 21:42:02.726	 85 170 9 167 170 85,	2471
2016/05/16 21:42:02.729	 85 170 9 163 170 85,	2467
2016/05/16 21:42:02.731	 85 170 9 163 170 85,	2467
2016/05/16 21:42:02.733	 85 170 9 166 170 85,	2470
2016/05/16 21:42:02.735	 85 170 9 166 170 85,	2470
2016/05/16 21:42:02.736	 85 170 9 170 170 85,	2474
2016/05/16 21:42:02.737	 85 170 9 172 170 85,	2476
2016/05/16 21:42:02.740	 85 170 9 172 170 85,	2476
2016/05/16 21:42:02.742	 85 170 9 173 170 85,	2477
2016/05/16 21:42:02.744	 85 170 9 174 170 85,	2478
2016/05/16 21:42:02.745	 85 170 9 174 170 85,	2478
2016/05/16 21:42:02.747	 85 170 9 174 170 85,	2478
2016/05/16 21:42:02.749	 85 170 9 175 170 85,	2479
2016/05/16 21:42:02.751	 85 170 9 174 170 85,	2478
2016/05/16 21:42:02.753	 85 170 9 173 170 85,	2477
2016/05/16 21:42:02.755	 85 170 9 173 170 85,	2477
2016/05/16 21:42:02.759	 85 170 9 171 170 85,	2475
2016/05/16 21:42:02.761	 85 170 9 167 170 85,	2471
2016/05/16 21:42:02.763	 85 170 9 166 170 85,	2470
2016/05/16 21:42:02.765	 85 170 9 166 170 85,	2470
2016/05/16 21:42:02.767	 85 170 9 167 170 85,	2471
2016/05/16 21:42:02.769	 85 170 9 168 170 85,	2472
2016/05/16 21:42:02.770	 85 170 9 168 170 85,	2472
2016/05/16 21:42:02.772	 85 170 9 168 170 85,	2472
2016/05/16 21:42:02.774	 85 170 9 172 170 85,	2476
2016/05/16 21:42:02.776	 85 170 9 174 170 85,	2478
2016/05/16 21:42:02.779	 85 170 9 174 170 85,	2478
2016/05/16 21:42:02.780	 85 170 9 171 170 85,	2475
2016/05/16 21:42:02.782	 85 170 9 169 170 85,	2473
2016/05/16 21:42:02.784	 85 170 9 170 170 85,	2474
2016/05/16 21:42:02.786	 85 170 9 170 170 85,	2474
2016/05/16 21:42:02.788	 85 170 9 167 170 85,	2471
2016/05/16 21:42:02.790	 85 170 9 167 170 85,	2471
2016/05/16 21:42:02.792	 85 170 9 168 170 85,	2472
2016/05/16 21:42:02.794	 85 170 9 168 170 85,	2472
2016/05/16 21:42:02.796	 85 170 9 163 170 85,	2467
2016/05/16 21:42:02.798	 85 170 9 164 170 85,	2468
2016/05/16 21:42:02.800	 85 170 9 164 170 85,	2468
2016/05/16 21:42:02.802	 85 170 9 164 170 85,	2468
2016/05/16 21:42:02.804	 85 170 9 166 170 85,	2470
2016/05/16 21:42:02.806	 85 170 9 167 170 85,	2471
2016/05/16 21:42:02.808	 85 170 9 164 170 85,	2468
2016/05/16 21:42:02.810	 85 170 9 164 170 85,	2468
2016/05/16 21:42:02.812	 85 170 9 164 170 85,	2468
2016/05/16 21:42:02.814	 85 170 9 164 170 85,	2468
2016/05/16 21:42:02.816	 85 170 9 164 170 85,	2468
2016/05/16 21:42:02.817	 85 170 9 168 170 85,	2472
2016/05/16 21:42:02.821	 85 170 9 166 170 85,	2470
2016/05/16 21:42:02.823	 85 170 9 166 170 85,	2470
2016/05/16 21:42:02.825	 85 170 9 166 170 85,	2470
2016/05/16 21:42:02.827	 85 170 9 169 170 85,	2473
2016/05/16 21:42:02.828	 85 170 9 169 170 85,	2473
2016/05/16 21:42:02.830	 85 170 9 169 170 85,	2473
2016/05/16 21:42:02.832	 85 170 9 169 170 85,	2473
2016/05/16 21:42:02.834	 85 170 9 168 170 85,	2472
2016/05/16 21:42:02.836	 85 170 9 167 170 85,	2471
2016/05/16 21:42:02.837	 85 170 9 167 170 85,	2471
2016/05/16 21:42:02.839	 85 170 9 167 170 85,	2471
2016/05/16 21:42:02.841	 85 170 9 168 170 85,	2472
2016/05/16 21:42:02.843	 85 170 9 167 170 85,	2471
2016/05/16 21:42:02.845	 85 170 9 170 170 85,	2474
2016/05/16 21:42:02.846	 85 170 9 170 170 85,	2474
2016/05/16 21:42:02.848	 85 170 9 166 170 85,	2470
2016/05/16 21:42:02.850	 85 170 9 167 170 85,	2471
2016/05/16 21:42:02.852	 85 170 9 166 170 85,	2470
2016/05/16 21:42:02.853	 85 170 9 167 170 85,	2471
2016/05/16 21:42:02.855	 85 170 9 167 170 85,	2471
2016/05/16 21:42:02.857	 85 170 9 165 170 85,	2469
2016/05/16 21:42:02.859	 85 170 9 165 170 85,	2469
2016/05/16 21:42:02.861	 85 170 9 168 170 85,	2472
2016/05/16 21:42:02.863	 85 170 9 166 170 85,	2470
2016/05/16 21:42:02.865	 85 170 9 166 170 85,	2470
2016/05/16 21:42:02.867	 85 170 9 166 170 85,	2470
2016/05/16 21:42:02.869	 85 170 9 171 170 85,	2475
2016/05/16 21:42:02.871	 85 170 9 171 170 85,	2475
2016/05/16 21:42:02.873	 85 170 9 171 170 85,	2475
2016/05/16 21:42:02.875	 85 170 9 171 170 85,	2475
2016/05/16 21:42:02.877	 85 170 9 168 170 85,	2472
2016/05/16 21:42:02.879	 85 170 9 166 170 85,	2470
2016/05/16 21:42:02.882	 85 170 9 164 170 85,	2468
2016/05/16 21:42:02.884	 85 170 9 164 170 85,	2468
2016/05/16 21:42:02.885	 85 170 9 161 170 85,	2465
2016/05/16 21:42:02.887	 85 170 9 162 170 85,	2466
2016/05/16 21:42:02.889	 85 170 9 163 170 85,	2467
2016/05/16 21:42:02.891	 85 170 9 162 170 85,	2466
2016/05/16 21:42:02.893	 85 170 9 165 170 85,	2469
2016/05/16 21:42:02.895	 85 170 9 169 170 85,	2473
2016/05/16 21:42:02.897	 85 170 9 169 170 85,	2473
2016/05/16 21:42:02.899	 85 170 9 171 170 85,	2475
2016/05/16 21:42:02.901	 85 170 9 174 170 85,	2478
2016/05/16 21:42:02.903	 85 170 9 174 170 85,	2478
2016/05/16 21:42:02.904	 85 170 9 174 170 85,	2478
2016/05/16 21:42:02.906	 85 170 9 172 170 85,	2476
2016/05/16 21:42:02.908	 85 170 9 170 170 85,	2474
2016/05/16 21:42:02.910	 85 170 9 165 170 85,	2469
2016/05/16 21:42:02.911	 85 170 9 165 170 85,	2469
2016/05/16 21:42:02.912	 85 170 9 160 170 85,	2464
2016/05/16 21:42:02.914	 85 170 9 160 170 85,	2464
2016/05/16 21:42:02.916	 85 170 9 160 170 85,	2464
2016/05/16 21:42:02.918	 85 170 9 160 170 85,	2464
2016/05/16 21:42:02.920	 85 170 9 167 170 85,	2471
2016/05/16 21:42:02.922	 85 170 9 170 170 85,	2474
2016/05/16 21:42:02.923	 85 170 9 172 170 85,	2476
2016/05/16 21:42:02.925	 85 170 9 172 170 85,	2476
2016/05/16 21:42:02.927	 85 170 9 176 170 85,	2480
2016/05/16 21:42:02.931	 85 170 9 174 170 85,	2478
2016/05/16 21:42:02.934	 85 170 9 174 170 85,	2478
2016/05/16 21:42:02.936	 85 170 9 163 170 85,	2467
2016/05/16 21:42:02.937	 85 170 9 159 170 85,	2463
2016/05/16 21:42:02.939	 85 170 9 156 170 85,	2460
2016/05/16 21:42:02.941	 85 170 9 156 170 85,	2460
2016/05/16 21:42:02.943	 85 170 9 151 170 85,	2455
2016/05/16 21:42:02.945	 85 170 9 155 170 85,	2459
2016/05/16 21:42:02.946	 85 170 9 161 170 85,	2465
2016/05/16 21:42:02.948	 85 170 9 161 170 85,	2465
2016/05/16 21:42:02.950	 85 170 9 164 170 85,	2468
2016/05/16 21:42:02.952	 85 170 9 169 170 85,	2473
2016/05/16 21:42:02.953	 85 170 9 172 170 85,	2476
2016/05/16 21:42:02.955	 85 170 9 172 170 85,	2476
2016/05/16 21:42:02.956	 85 170 9 170 170 85,	2474
2016/05/16 21:42:02.958	 85 170 9 171 170 85,	2475
2016/05/16 21:42:02.962	 85 170 9 168 170 85,	2472
2016/05/16 21:42:02.963	 85 170 9 168 170 85,	2472
2016/05/16 21:42:02.965	 85 170 9 164 170 85,	2468
2016/05/16 21:42:02.967	 85 170 9 166 170 85,	2470
2016/05/16 21:42:02.969	 85 170 9 166 170 85,	2470
2016/05/16 21:42:02.971	 85 170 9 170 170 85,	2474
2016/05/16 21:42:02.973	 85 170 9 171 170 85,	2475
2016/05/16 21:42:02.974	 85 170 9 172 170 85,	2476
2016/05/16 21:42:02.976	 85 170 9 172 170 85,	2476
2016/05/16 21:42:02.978	 85 170 9 176 170 85,	2480
2016/05/16 21:42:02.980	 85 170 9 172 170 85,	2476
2016/05/16 21:42:02.982	 85 170 9 169 170 85,	2473
2016/05/16 21:42:02.983	 85 170 9 169 170 85,	2473
2016/05/16 21:42:02.985	 85 170 9 167 170 85,	2471
2016/05/16 21:42:02.987	 85 170 9 166 170 85,	2470
2016/05/16 21:42:02.989	 85 170 9 165 170 85,	2469
2016/05/16 21:42:02.990	 85 170 9 165 170 85,	2469
2016/05/16 21:42:02.992	 85 170 9 161 170 85,	2465
2016/05/16 21:42:02.994	 85 170 9 164 170 85,	2468
2016/05/16 21:42:02.996	 85 170 9 167 170 85,	2471
2016/05/16 21:42:02.998	 85 170 9 167 170 85,	2471
2016/05/16 21:42:02.998	 85 170 9 168 170 85,	2472
2016/05/16 21:42:03.000	 85 170 9 172 170 85,	2476
2016/05/16 21:42:03.002	 85 170 9 172 170 85,	2476
2016/05/16 21:42:03.004	 85 170 9 170 170 85,	2474
2016/05/16 21:42:03.006	 85 170 9 168 170 85,	2472
2016/05/16 21:42:03.007	 85 170 9 167 170 85,	2471
2016/05/16 21:42:03.010	 85 170 9 167 170 85,	2471
2016/05/16 21:42:03.011	 85 170 9 168 170 85,	2472
2016/05/16 21:42:03.013	 85 170 9 170 170 85,	2474
2016/05/16 21:42:03.015	 85 170 9 171 170 85,	2475
2016/05/16 21:42:03.017	 85 170 9 171 170 85,	2475
2016/05/16 21:42:03.019	 85 170 9 171 170 85,	2475
2016/05/16 21:42:03.020	 85 170 9 171 170 85,	2475
2016/05/16 21:42:03.022	 85 170 9 168 170 85,	2472
2016/05/16 21:42:03.024	 85 170 9 168 170 85,	2472
2016/05/16 21:42:03.026	 85 170 9 170 170 85,	2474
2016/05/16 21:42:03.028	 85 170 9 168 170 85,	2472
2016/05/16 21:42:03.030	 85 170 9 168 170 85,	2472
2016/05/16 21:42:03.032	 85 170 9 168 170 85,	2472
2016/05/16 21:42:03.033	 85 170 9 169 170 85,	2473
2016/05/16 21:42:03.035	 85 170 9 170 170 85,	2474
2016/05/16 21:42:03.038	 85 170 9 171 170 85,	2475
2016/05/16 21:42:03.042	 85 170 9 172 170 85,	2476
2016/05/16 21:42:03.043	 85 170 9 172 170 85,	2476
2016/05/16 21:42:03.045	 85 170 9 173 170 85,	2477
2016/05/16 21:42:03.047	 85 170 9 173 170 85,	2477
2016/05/16 21:42:03.048	 85 170 9 171 170 85,	2475
2016/05/16 21:42:03.050	 85 170 9 170 170 85,	2474
2016/05/16 21:42:03.052	 85 170 9 169 170 85,	2473
2016/05/16 21:42:03.053	 85 170 9 169 170 85,	2473
2016/05/16 21:42:03.056	 85 170 9 167 170 85,	2471
2016/05/16 21:42:03.058	 85 170 9 166 170 85,	2470
2016/05/16 21:42:03.059	 85 170 9 163 170 85,	2467
2016/05/16 21:42:03.061	 85 170 9 163 170 85,	2467
2016/05/16 21:42:03.063	 85 170 9 164 170 85,	2468
2016/05/16 21:42:03.065	 85 170 9 165 170 85,	2469
2016/05/16 21:42:03.068	 85 170 9 163 170 85,	2467
2016/05/16 21:42:03.070	 85 170 9 163 170 85,	2467
2016/05/16 21:42:03.072	 85 170 9 166 170 85,	2470
2016/05/16 21:42:03.074	 85 170 9 166 170 85,	2470
2016/05/16 21:42:03.076	 85 170 9 163 170 85,	2467
2016/05/16 21:42:03.078	 85 170 9 169 170 85,	2473
2016/05/16 21:42:03.080	 85 170 9 169 170 85,	2473
2016/05/16 21:42:03.081	 85 170 9 170 170 85,	2474
2016/05/16 21:42:03.084	 85 170 9 170 170 85,	2474
2016/05/16 21:42:03.085	 85 170 9 168 170 85,	2472
2016/05/16 21:42:03.087	 85 170 9 168 170 85,	2472
2016/05/16 21:42:03.088	 85 170 9 169 170 85,	2473
2016/05/16 21:42:03.090	 85 170 9 169 170 85,	2473
2016/05/16 21:42:03.092	 85 170 9 169 170 85,	2473
2016/05/16 21:42:03.094	 85 170 9 171 170 85,	2475
2016/05/16 21:42:03.096	 85 170 9 172 170 85,	2476
2016/05/16 21:42:03.098	 85 170 9 172 170 85,	2476
2016/05/16 21:42:03.100	 85 170 9 174 170 85,	2478
2016/05/16 21:42:03.101	 85 170 9 175 170 85,	2479
2016/05/16 21:42:03.104	 85 170 9 174 170 85,	2478
2016/05/16 21:42:03.106	 85 170 9 174 170 85,	2478
2016/05/16 21:42:03.107	 85 170 9 172 170 85,	2476
2016/05/16 21:42:03.111	 85 170 9 172 170 85,	2476
2016/05/16 21:42:03.113	 85 170 9 170 170 85,	2474
2016/05/16 21:42:03.115	 85 170 9 170 170 85,	2474
2016/05/16 21:42:03.116	 85 170 9 167 170 85,	2471
2016/05/16 21:42:03.119	 85 170 9 165 170 85,	2469
2016/05/16 21:42:03.120	 85 170 9 165 170 85,	2469
2016/05/16 21:42:03.122	 85 170 9 168 170 85,	2472
2016/05/16 21:42:03.124	 85 170 9 172 170 85,	2476
2016/05/16 21:42:03.125	 85 170 9 172 170 85,	2476
2016/05/16 21:42:03.128	 85 170 9 172 170 85,	2476
2016/05/16 21:42:03.129	 85 170 9 172 170 85,	2476
2016/05/16 21:42:03.130	 85 170 9 168 170 85,	2472
2016/05/16 21:42:03.132	 85 170 9 168 170 85,	2472
2016/05/16 21:42:03.134	 85 170 9 168 170 85,	2472
2016/05/16 21:42:03.135	 85 170 9 166 170 85,	2470
2016/05/16 21:42:03.137	 85 170 9 168 170 85,	2472
2016/05/16 21:42:03.139	 85 170 9 171 170 85,	2475
2016/05/16 21:42:03.141	 85 170 9 171 170 85,	2475
2016/05/16 21:42:03.143	 85 170 9 168 170 85,	2472
2016/05/16 21:42:03.145	 85 170 9 168 170 85,	2472
2016/05/16 21:42:03.146	 85 170 9 167 170 85,	2471
2016/05/16 21:42:03.148	 85 170 9 167 170 85,	2471
2016/05/16 21:42:03.152	 85 170 9 165 170 85,	2469
2016/05/16 21:42:03.156	 85 170 9 164 170 85,	2468
2016/05/16 21:42:03.158	 85 170 9 164 170 85,	2468
2016/05/16 21:42:03.160	 85 170 9 162 170 85,	2466
2016/05/16 21:42:03.162	 85 170 9 165 170 85,	2469
2016/05/16 21:42:03.164	 85 170 9 167 170 85,	2471
2016/05/16 21:42:03.166	 85 170 9 167 170 85,	2471
2016/05/16 21:42:03.167	 85 170 9 170 170 85,	2474
2016/05/16 21:42:03.169	 85 170 9 171 170 85,	2475
2016/05/16 21:42:03.171	 85 170 9 167 170 85,	2471
2016/05/16 21:42:03.173	 85 170 9 167 170 85,	2471
2016/05/16 21:42:03.174	 85 170 9 168 170 85,	2472
2016/05/16 21:42:03.177	 85 170 9 168 170 85,	2472
2016/05/16 21:42:03.178	 85 170 9 167 170 85,	2471
2016/05/16 21:42:03.180	 85 170 9 167 170 85,	2471
2016/05/16 21:42:03.182	 85 170 9 166 170 85,	2470
2016/05/16 21:42:03.184	 85 170 9 165 170 85,	2469
2016/05/16 21:42:03.186	 85 170 9 167 170 85,	2471
2016/05/16 21:42:03.187	 85 170 9 167 170 85,	2471
2016/05/16 21:42:03.189	 85 170 9 167 170 85,	2471
2016/05/16 21:42:03.191	 85 170 9 169 170 85,	2473
2016/05/16 21:42:03.194	 85 170 9 169 170 85,	2473
2016/05/16 21:42:03.196	 85 170 9 165 170 85,	2469
2016/05/16 21:42:03.197	 85 170 9 164 170 85,	2468
2016/05/16 21:42:03.199	 85 170 9 165 170 85,	2469
2016/05/16 21:42:03.201	 85 170 9 165 170 85,	2469
2016/05/16 21:42:03.203	 85 170 9 164 170 85,	2468
2016/05/16 21:42:03.205	 85 170 9 167 170 85,	2471
2016/05/16 21:42:03.207	 85 170 9 169 170 85,	2473
2016/05/16 21:42:03.209	 85 170 9 169 170 85,	2473
2016/05/16 21:42:03.212	 85 170 9 168 170 85,	2472
2016/05/16 21:42:03.214	 85 170 9 172 170 85,	2476
2016/05/16 21:42:03.216	 85 170 9 170 170 85,	2474
2016/05/16 21:42:03.217	 85 170 9 170 170 85,	2474
2016/05/16 21:42:03.219	 85 170 9 163 170 85,	2467
2016/05/16 21:42:03.221	 85 170 9 160 170 85,	2464
2016/05/16 21:42:03.223	 85 170 9 156 170 85,	2460
2016/05/16 21:42:03.224	 85 170 9 156 170 85,	2460
2016/05/16 21:42:03.227	 85 170 9 156 170 85,	2460
2016/05/16 21:42:03.228	 85 170 9 156 170 85,	2460
2016/05/16 21:42:03.230	 85 170 9 158 170 85,	2462
2016/05/16 21:42:03.232	 85 170 9 166 170 85,	2470
2016/05/16 21:42:03.234	 85 170 9 165 170 85,	2469
2016/05/16 21:42:03.236	 85 170 9 165 170 85,	2469
2016/05/16 21:42:03.237	 85 170 9 165 170 85,	2469
2016/05/16 21:42:03.239	 85 170 9 170 170 85,	2474
2016/05/16 21:42:03.241	 85 170 9 164 170 85,	2468
2016/05/16 21:42:03.243	 85 170 9 160 170 85,	2464
2016/05/16 21:42:03.246	 85 170 9 160 170 85,	2464
2016/05/16 21:42:03.247	 85 170 9 159 170 85,	2463
2016/05/16 21:42:03.249	 85 170 9 159 170 85,	2463
2016/05/16 21:42:03.251	 85 170 9 160 170 85,	2464
2016/05/16 21:42:03.253	 85 170 9 160 170 85,	2464
2016/05/16 21:42:03.254	 85 170 9 160 170 85,	2464
2016/05/16 21:42:03.258	 85 170 9 164 170 85,	2468
2016/05/16 21:42:03.261	 85 170 9 166 170 85,	2470
2016/05/16 21:42:03.263	 85 170 9 166 170 85,	2470
2016/05/16 21:42:03.265	 85 170 9 169 170 85,	2473
2016/05/16 21:42:03.266	 85 170 9 172 170 85,	2476
2016/05/16 21:42:03.268	 85 170 9 174 170 85,	2478
2016/05/16 21:42:03.270	 85 170 9 174 170 85,	2478
2016/05/16 21:42:03.271	 85 170 9 172 170 85,	2476
2016/05/16 21:42:03.273	 85 170 9 169 170 85,	2473
2016/05/16 21:42:03.276	 85 170 9 169 170 85,	2473
2016/05/16 21:42:03.278	 85 170 9 166 170 85,	2470
2016/05/16 21:42:03.280	 85 170 9 167 170 85,	2471
2016/05/16 21:42:03.282	 85 170 9 166 170 85,	2470
2016/05/16 21:42:03.283	 85 170 9 166 170 85,	2470
2016/05/16 21:42:03.285	 85 170 9 167 170 85,	2471
2016/05/16 21:42:03.287	 85 170 9 168 170 85,	2472
2016/05/16 21:42:03.289	 85 170 9 171 170 85,	2475
2016/05/16 21:42:03.291	 85 170 9 171 170 85,	2475
2016/05/16 21:42:03.294	 85 170 9 176 170 85,	2480
2016/05/16 21:42:03.296	 85 170 9 176 170 85,	2480
2016/05/16 21:42:03.298	 85 170 9 177 170 85,	2481
2016/05/16 21:42:03.299	 85 170 9 177 170 85,	2481
2016/05/16 21:42:03.302	 85 170 9 173 170 85,	2477
2016/05/16 21:42:03.304	 85 170 9 171 170 85,	2475
2016/05/16 21:42:03.305	 85 170 9 169 170 85,	2473
2016/05/16 21:42:03.306	 85 170 9 161 170 85,	2465
2016/05/16 21:42:03.308	 85 170 9 159 170 85,	2463
2016/05/16 21:42:03.310	 85 170 9 156 170 85,	2460
2016/05/16 21:42:03.312	 85 170 9 156 170 85,	2460
2016/05/16 21:42:03.314	 85 170 9 158 170 85,	2462
2016/05/16 21:42:03.316	 85 170 9 161 170 85,	2465
2016/05/16 21:42:03.318	 85 170 9 163 170 85,	2467
2016/05/16 21:42:03.319	 85 170 9 163 170 85,	2467
2016/05/16 21:42:03.321	 85 170 9 171 170 85,	2475
2016/05/16 21:42:03.323	 85 170 9 172 170 85,	2476
2016/05/16 21:42:03.325	 85 170 9 172 170 85,	2476
2016/05/16 21:42:03.328	 85 170 9 172 170 85,	2476
2016/05/16 21:42:03.330	 85 170 9 169 170 85,	2473
2016/05/16 21:42:03.331	 85 170 9 166 170 85,	2470
2016/05/16 21:42:03.333	 85 170 9 164 170 85,	2468
2016/05/16 21:42:03.335	 85 170 9 164 170 85,	2468
2016/05/16 21:42:03.337	 85 170 9 157 170 85,	2461
2016/05/16 21:42:03.339	 85 170 9 155 170 85,	2459
2016/05/16 21:42:03.340	 85 170 9 158 170 85,	2462
2016/05/16 21:42:03.342	 85 170 9 158 170 85,	2462
2016/05/16 21:42:03.344	 85 170 9 164 170 85,	2468
2016/05/16 21:42:03.346	 85 170 9 168 170 85,	2472
2016/05/16 21:42:03.348	 85 170 9 168 170 85,	2472
2016/05/16 21:42:03.349	 85 170 9 170 170 85,	2474
2016/05/16 21:42:03.350	 85 170 9 169 170 85,	2473
2016/05/16 21:42:03.352	 85 170 9 170 170 85,	2474
2016/05/16 21:42:03.354	 85 170 9 170 170 85,	2474
2016/05/16 21:42:03.356	 85 170 9 166 170 85,	2470
2016/05/16 21:42:03.357	 85 170 9 167 170 85,	2471
2016/05/16 21:42:03.359	 85 170 9 166 170 85,	2470
2016/05/16 21:42:03.362	 85 170 9 166 170 85,	2470
2016/05/16 21:42:03.364	 85 170 9 163 170 85,	2467
2016/05/16 21:42:03.367	 85 170 9 163 170 85,	2467
2016/05/16 21:42:03.370	 85 170 9 163 170 85,	2467
2016/05/16 21:42:03.371	 85 170 9 163 170 85,	2467
2016/05/16 21:42:03.373	 85 170 9 167 170 85,	2471
2016/05/16 21:42:03.375	 85 170 9 171 170 85,	2475
2016/05/16 21:42:03.377	 85 170 9 170 170 85,	2474
2016/05/16 21:42:03.379	 85 170 9 170 170 85,	2474
2016/05/16 21:42:03.381	 85 170 9 174 170 85,	2478
2016/05/16 21:42:03.382	 85 170 9 174 170 85,	2478
2016/05/16 21:42:03.384	 85 170 9 174 170 85,	2478
2016/05/16 21:42:03.386	 85 170 9 172 170 85,	2476
2016/05/16 21:42:03.388	 85 170 9 168 170 85,	2472
2016/05/16 21:42:03.390	 85 170 9 167 170 85,	2471
2016/05/16 21:42:03.391	 85 170 9 167 170 85,	2471
2016/05/16 21:42:03.393	 85 170 9 166 170 85,	2470
2016/05/16 21:42:03.397	 85 170 9 167 170 85,	2471
2016/05/16 21:42:03.399	 85 170 9 170 170 85,	2474
2016/05/16 21:42:03.401	 85 170 9 170 170 85,	2474
2016/05/16 21:42:03.403	 85 170 9 172 170 85,	2476
2016/05/16 21:42:03.404	 85 170 9 170 170 85,	2474
2016/05/16 21:42:03.406	 85 170 9 171 170 85,	2475
2016/05/16 21:42:03.408	 85 170 9 171 170 85,	2475
2016/05/16 21:42:03.410	 85 170 9 167 170 85,	2471
2016/05/16 21:42:03.412	 85 170 9 167 170 85,	2471
2016/05/16 21:42:03.414	 85 170 9 167 170 85,	2471
2016/05/16 21:42:03.416	 85 170 9 167 170 85,	2471
2016/05/16 21:42:03.417	 85 170 9 163 170 85,	2467
2016/05/16 21:42:03.419	 85 170 9 163 170 85,	2467
2016/05/16 21:42:03.421	 85 170 9 163 170 85,	2467
2016/05/16 21:42:03.422	 85 170 9 163 170 85,	2467
2016/05/16 21:42:03.424	 85 170 9 165 170 85,	2469
2016/05/16 21:42:03.426	 85 170 9 164 170 85,	2468
2016/05/16 21:42:03.428	 85 170 9 164 170 85,	2468
2016/05/16 21:42:03.430	 85 170 9 164 170 85,	2468
2016/05/16 21:42:03.432	 85 170 9 163 170 85,	2467
2016/05/16 21:42:03.434	 85 170 9 162 170 85,	2466
2016/05/16 21:42:03.436	 85 170 9 162 170 85,	2466
2016/05/16 21:42:03.437	 85 170 9 164 170 85,	2468
2016/05/16 21:42:03.439	 85 170 9 163 170 85,	2467
2016/05/16 21:42:03.441	 85 170 9 164 170 85,	2468
2016/05/16 21:42:03.443	 85 170 9 164 170 85,	2468
2016/05/16 21:42:03.445	 85 170 9 163 170 85,	2467
2016/05/16 21:42:03.447	 85 170 9 162 170 85,	2466
2016/05/16 21:42:03.449	 85 170 9 163 170 85,	2467
2016/05/16 21:42:03.450	 85 170 9 163 170 85,	2467
2016/05/16 21:42:03.452	 85 170 9 164 170 85,	2468
2016/05/16 21:42:03.454	 85 170 9 165 170 85,	2469
2016/05/16 21:42:03.456	 85 170 9 168 170 85,	2472
2016/05/16 21:42:03.457	 85 170 9 166 170 85,	2470
2016/05/16 21:42:03.460	 85 170 9 166 170 85,	2470
2016/05/16 21:42:03.461	 85 170 9 167 170 85,	2471
2016/05/16 21:42:03.463	 85 170 9 167 170 85,	2471
2016/05/16 21:42:03.465	 85 170 9 166 170 85,	2470
2016/05/16 21:42:03.467	 85 170 9 166 170 85,	2470
2016/05/16 21:42:03.469	 85 170 9 165 170 85,	2469
2016/05/16 21:42:03.470	 85 170 9 165 170 85,	2469
2016/05/16 21:42:03.472	 85 170 9 168 170 85,	2472
2016/05/16 21:42:03.475	 85 170 9 171 170 85,	2475
2016/05/16 21:42:03.479	 85 170 9 171 170 85,	2475
2016/05/16 21:42:03.480	 85 170 9 171 170 85,	2475
2016/05/16 21:42:03.481	 85 170 9 175 170 85,	2479
2016/05/16 21:42:03.483	 85 170 9 176 170 85,	2480
2016/05/16 21:42:03.485	 85 170 9 174 170 85,	2478
2016/05/16 21:42:03.487	 85 170 9 174 170 85,	2478
2016/05/16 21:42:03.489	 85 170 9 170 170 85,	2474
2016/05/16 21:42:03.491	 85 170 9 167 170 85,	2471
2016/05/16 21:42:03.493	 85 170 9 166 170 85,	2470
2016/05/16 21:42:03.495	 85 170 9 167 170 85,	2471
2016/05/16 21:42:03.497	 85 170 9 166 170 85,	2470
2016/05/16 21:42:03.499	 85 170 9 168 170 85,	2472
2016/05/16 21:42:03.500	 85 170 9 168 170 85,	2472
2016/05/16 21:42:03.502	 85 170 9 171 170 85,	2475
2016/05/16 21:42:03.504	 85 170 9 174 170 85,	2478
2016/05/16 21:42:03.507	 85 170 9 176 170 85,	2480
2016/05/16 21:42:03.509	 85 170 9 176 170 85,	2480
2016/05/16 21:42:03.511	 85 170 9 172 170 85,	2476
2016/05/16 21:42:03.513	 85 170 9 170 170 85,	2474
2016/05/16 21:42:03.515	 85 170 9 170 170 85,	2474
2016/05/16 21:42:03.516	 85 170 9 170 170 85,	2474
2016/05/16 21:42:03.518	 85 170 9 169 170 85,	2473
2016/05/16 21:42:03.520	 85 170 9 171 170 85,	2475
2016/05/16 21:42:03.522	 85 170 9 172 170 85,	2476
2016/05/16 21:42:03.524	 85 170 9 172 170 85,	2476
2016/05/16 21:42:03.524	 85 170 9 175 170 85,	2479
2016/05/16 21:42:03.526	 85 170 9 176 170 85,	2480
2016/05/16 21:42:03.529	 85 170 9 173 170 85,	2477
2016/05/16 21:42:03.530	 85 170 9 173 170 85,	2477
2016/05/16 21:42:03.532	 85 170 9 168 170 85,	2472
2016/05/16 21:42:03.534	 85 170 9 167 170 85,	2471
2016/05/16 21:42:03.536	 85 170 9 167 170 85,	2471
2016/05/16 21:42:03.538	 85 170 9 168 170 85,	2472
2016/05/16 21:42:03.540	 85 170 9 166 170 85,	2470
2016/05/16 21:42:03.541	 85 170 9 169 170 85,	2473
2016/05/16 21:42:03.543	 85 170 9 169 170 85,	2473
2016/05/16 21:42:03.545	 85 170 9 170 170 85,	2474
2016/05/16 21:42:03.547	 85 170 9 170 170 85,	2474
2016/05/16 21:42:03.549	 85 170 9 174 170 85,	2478
2016/05/16 21:42:03.551	 85 170 9 174 170 85,	2478
2016/05/16 21:42:03.552	 85 170 9 172 170 85,	2476
2016/05/16 21:42:03.554	 85 170 9 172 170 85,	2476
2016/05/16 21:42:03.556	 85 170 9 174 170 85,	2478
2016/05/16 21:42:03.559	 85 170 9 174 170 85,	2478
2016/05/16 21:42:03.561	 85 170 9 169 170 85,	2473
2016/05/16 21:42:03.563	 85 170 9 168 170 85,	2472
2016/05/16 21:42:03.565	 85 170 9 169 170 85,	2473
2016/05/16 21:42:03.567	 85 170 9 169 170 85,	2473
2016/05/16 21:42:03.568	 85 170 9 163 170 85,	2467
2016/05/16 21:42:03.570	 85 170 9 161 170 85,	2465
2016/05/16 21:42:03.572	 85 170 9 161 170 85,	2465
2016/05/16 21:42:03.573	 85 170 9 159 170 85,	2463
2016/05/16 21:42:03.575	 85 170 9 160 170 85,	2464
2016/05/16 21:42:03.577	 85 170 9 160 170 85,	2464
2016/05/16 21:42:03.579	 85 170 9 160 170 85,	2464
2016/05/16 21:42:03.581	 85 170 9 161 170 85,	2465
2016/05/16 21:42:03.583	 85 170 9 161 170 85,	2465
2016/05/16 21:42:03.586	 85 170 9 158 170 85,	2462
2016/05/16 21:42:03.589	 85 170 9 158 170 85,	2462
2016/05/16 21:42:03.591	 85 170 9 162 170 85,	2466
2016/05/16 21:42:03.593	 85 170 9 162 170 85,	2466
2016/05/16 21:42:03.595	 85 170 9 165 170 85,	2469
2016/05/16 21:42:03.597	 85 170 9 165 170 85,	2469
2016/05/16 21:42:03.599	 85 170 9 166 170 85,	2470
2016/05/16 21:42:03.601	 85 170 9 164 170 85,	2468
2016/05/16 21:42:03.602	 85 170 9 169 170 85,	2473
2016/05/16 21:42:03.604	 85 170 9 169 170 85,	2473
2016/05/16 21:42:03.606	 85 170 9 174 170 85,	2478
2016/05/16 21:42:03.608	 85 170 9 175 170 85,	2479
2016/05/16 21:42:03.610	 85 170 9 175 170 85,	2479
2016/05/16 21:42:03.612	 85 170 9 171 170 85,	2475
2016/05/16 21:42:03.615	 85 170 9 170 170 85,	2474
2016/05/16 21:42:03.617	 85 170 9 169 170 85,	2473
2016/05/16 21:42:03.619	 85 170 9 169 170 85,	2473
2016/05/16 21:42:03.620	 85 170 9 163 170 85,	2467
2016/05/16 21:42:03.622	 85 170 9 163 170 85,	2467
2016/05/16 21:42:03.624	 85 170 9 162 170 85,	2466
2016/05/16 21:42:03.627	 85 170 9 162 170 85,	2466
2016/05/16 21:42:03.630	 85 170 9 161 170 85,	2465
2016/05/16 21:42:03.633	 85 170 9 163 170 85,	2467
2016/05/16 21:42:03.635	 85 170 9 162 170 85,	2466
2016/05/16 21:42:03.637	 85 170 9 162 170 85,	2466
2016/05/16 21:42:03.640	 85 170 9 170 170 85,	2474
2016/05/16 21:42:03.642	 85 170 9 172 170 85,	2476
2016/05/16 21:42:03.645	 85 170 9 172 170 85,	2476
2016/05/16 21:42:03.647	 85 170 9 172 170 85,	2476
2016/05/16 21:42:03.650	 85 170 9 168 170 85,	2472
2016/05/16 21:42:03.652	 85 170 9 165 170 85,	2469
2016/05/16 21:42:03.654	 85 170 9 163 170 85,	2467
2016/05/16 21:42:03.655	 85 170 9 162 170 85,	2466
2016/05/16 21:42:03.658	 85 170 9 162 170 85,	2466
2016/05/16 21:42:03.661	 85 170 9 166 170 85,	2470
2016/05/16 21:42:03.663	 85 170 9 166 170 85,	2470
2016/05/16 21:42:03.665	 85 170 9 172 170 85,	2476
2016/05/16 21:42:03.667	 85 170 9 174 170 85,	2478
2016/05/16 21:42:03.670	 85 170 9 174 170 85,	2478
2016/05/16 21:42:03.671	 85 170 9 174 170 85,	2478
2016/05/16 21:42:03.674	 85 170 9 174 170 85,	2478
2016/05/16 21:42:03.676	 85 170 9 173 170 85,	2477
2016/05/16 21:42:03.678	 85 170 9 172 170 85,	2476
2016/05/16 21:42:03.680	 85 170 9 172 170 85,	2476
2016/05/16 21:42:03.682	 85 170 9 169 170 85,	2473
2016/05/16 21:42:03.684	 85 170 9 169 170 85,	2473
2016/05/16 21:42:03.686	 85 170 9 169 170 85,	2473
2016/05/16 21:42:03.688	 85 170 9 169 170 85,	2473
2016/05/16 21:42:03.689	 85 170 9 167 170 85,	2471
2016/05/16 21:42:03.692	 85 170 9 169 170 85,	2473
2016/05/16 21:42:03.696	 85 170 9 170 170 85,	2474
2016/05/16 21:42:03.698	 85 170 9 174 170 85,	2478
2016/05/16 21:42:03.700	 85 170 9 173 170 85,	2477
2016/05/16 21:42:03.702	 85 170 9 170 170 85,	2474
2016/05/16 21:42:03.704	 85 170 9 170 170 85,	2474
2016/05/16 21:42:03.706	 85 170 9 169 170 85,	2473
2016/05/16 21:42:03.708	 85 170 9 165 170 85,	2469
2016/05/16 21:42:03.710	 85 170 9 163 170 85,	2467
2016/05/16 21:42:03.713	 85 170 9 163 170 85,	2467
2016/05/16 21:42:03.715	 85 170 9 161 170 85,	2465
2016/05/16 21:42:03.717	 85 170 9 159 170 85,	2463
2016/05/16 21:42:03.719	 85 170 9 159 170 85,	2463
2016/05/16 21:42:03.721	 85 170 9 159 170 85,	2463
2016/05/16 21:42:03.723	 85 170 9 162 170 85,	2466
2016/05/16 21:42:03.726	 85 170 9 164 170 85,	2468
2016/05/16 21:42:03.728	 85 170 9 167 170 85,	2471
2016/05/16 21:42:03.730	 85 170 9 167 170 85,	2471
2016/05/16 21:42:03.732	 85 170 9 167 170 85,	2471
2016/05/16 21:42:03.736	 85 170 9 169 170 85,	2473
2016/05/16 21:42:03.739	 85 170 9 170 170 85,	2474
2016/05/16 21:42:03.741	 85 170 9 166 170 85,	2470
2016/05/16 21:42:03.742	 85 170 9 168 170 85,	2472
2016/05/16 21:42:03.744	 85 170 9 165 170 85,	2469
2016/05/16 21:42:03.746	 85 170 9 165 170 85,	2469
2016/05/16 21:42:03.748	 85 170 9 163 170 85,	2467
2016/05/16 21:42:03.750	 85 170 9 164 170 85,	2468
2016/05/16 21:42:03.752	 85 170 9 162 170 85,	2466
2016/05/16 21:42:03.754	 85 170 9 162 170 85,	2466
2016/05/16 21:42:03.758	 85 170 9 168 170 85,	2472
2016/05/16 21:42:03.761	 85 170 9 171 170 85,	2475
2016/05/16 21:42:03.763	 85 170 9 172 170 85,	2476
2016/05/16 21:42:03.765	 85 170 9 172 170 85,	2476
2016/05/16 21:42:03.767	 85 170 9 175 170 85,	2479
2016/05/16 21:42:03.768	 85 170 9 172 170 85,	2476
2016/05/16 21:42:03.770	 85 170 9 171 170 85,	2475
2016/05/16 21:42:03.772	 85 170 9 171 170 85,	2475
2016/05/16 21:42:03.774	 85 170 9 170 170 85,	2474
2016/05/16 21:42:03.775	 85 170 9 165 170 85,	2469
2016/05/16 21:42:03.779	 85 170 9 164 170 85,	2468
2016/05/16 21:42:03.780	 85 170 9 164 170 85,	2468
2016/05/16 21:42:03.782	 85 170 9 166 170 85,	2470
2016/05/16 21:42:03.784	 85 170 9 167 170 85,	2471
2016/05/16 21:42:03.785	 85 170 9 167 170 85,	2471
2016/05/16 21:42:03.787	 85 170 9 164 170 85,	2468
2016/05/16 21:42:03.788	 85 170 9 164 170 85,	2468
2016/05/16 21:42:03.790	 85 170 9 163 170 85,	2467
2016/05/16 21:42:03.792	 85 170 9 163 170 85,	2467
2016/05/16 21:42:03.794	 85 170 9 156 170 85,	2460
2016/05/16 21:42:03.796	 85 170 9 157 170 85,	2461
2016/05/16 21:42:03.797	 85 170 9 158 170 85,	2462
2016/05/16 21:42:03.799	 85 170 9 158 170 85,	2462
2016/05/16 21:42:03.801	 85 170 9 161 170 85,	2465
2016/05/16 21:42:03.803	 85 170 9 165 170 85,	2469
2016/05/16 21:42:03.805	 85 170 9 169 170 85,	2473
2016/05/16 21:42:03.807	 85 170 9 169 170 85,	2473
2016/05/16 21:42:03.811	 85 170 9 174 170 85,	2478
2016/05/16 21:42:03.813	 85 170 9 175 170 85,	2479
2016/05/16 21:42:03.815	 85 170 9 175 170 85,	2479
2016/05/16 21:42:03.817	 85 170 9 175 170 85,	2479
2016/05/16 21:42:03.819	 85 170 9 175 170 85,	2479
2016/05/16 21:42:03.821	 85 170 9 176 170 85,	2480
2016/05/16 21:42:03.823	 85 170 9 176 170 85,	2480
2016/05/16 21:42:03.825	 85 170 9 176 170 85,	2480
2016/05/16 21:42:03.827	 85 170 9 176 170 85,	2480
2016/05/16 21:42:03.829	 85 170 9 176 170 85,	2480
2016/05/16 21:42:03.830	 85 170 9 176 170 85,	2480
2016/05/16 21:42:03.832	 85 170 9 175 170 85,	2479
2016/05/16 21:42:03.834	 85 170 9 174 170 85,	2478
2016/05/16 21:42:03.836	 85 170 9 176 170 85,	2480
2016/05/16 21:42:03.837	 85 170 9 176 170 85,	2480
2016/05/16 21:42:03.840	 85 170 9 173 170 85,	2477
2016/05/16 21:42:03.842	 85 170 9 173 170 85,	2477
2016/05/16 21:42:03.844	 85 170 9 172 170 85,	2476
2016/05/16 21:42:03.846	 85 170 9 172 170 85,	2476
2016/05/16 21:42:03.848	 85 170 9 171 170 85,	2475
2016/05/16 21:42:03.849	 85 170 9 174 170 85,	2478
2016/05/16 21:42:03.851	 85 170 9 175 170 85,	2479
2016/05/16 21:42:03.853	 85 170 9 175 170 85,	2479
2016/05/16 21:42:03.855	 85 170 9 178 170 85,	2482
2016/05/16 21:42:03.856	 85 170 9 177 170 85,	2481
2016/05/16 21:42:03.858	 85 170 9 175 170 85,	2479
2016/05/16 21:42:03.860	 85 170 9 176 170 85,	2480
2016/05/16 21:42:03.862	 85 170 9 175 170 85,	2479
2016/05/16 21:42:03.864	 85 170 9 172 170 85,	2476
2016/05/16 21:42:03.866	 85 170 9 172 170 85,	2476
2016/05/16 21:42:03.868	 85 170 9 174 170 85,	2478
2016/05/16 21:42:03.869	 85 170 9 170 170 85,	2474
2016/05/16 21:42:03.871	 85 170 9 167 170 85,	2471
2016/05/16 21:42:03.873	 85 170 9 167 170 85,	2471
2016/05/16 21:42:03.874	 85 170 9 168 170 85,	2472
2016/05/16 21:42:03.876	 85 170 9 168 170 85,	2472
2016/05/16 21:42:03.878	 85 170 9 169 170 85,	2473
2016/05/16 21:42:03.880	 85 170 9 169 170 85,	2473
2016/05/16 21:42:03.882	 85 170 9 172 170 85,	2476
2016/05/16 21:42:03.884	 85 170 9 172 170 85,	2476
2016/05/16 21:42:03.886	 85 170 9 173 170 85,	2477
2016/05/16 21:42:03.887	 85 170 9 173 170 85,	2477
2016/05/16 21:42:03.889	 85 170 9 175 170 85,	2479
2016/05/16 21:42:03.891	 85 170 9 174 170 85,	2478
2016/05/16 21:42:03.893	 85 170 9 174 170 85,	2478
2016/05/16 21:42:03.895	 85 170 9 171 170 85,	2475
2016/05/16 21:42:03.897	 85 170 9 173 170 85,	2477
2016/05/16 21:42:03.898	 85 170 9 171 170 85,	2475
2016/05/16 21:42:03.900	 85 170 9 171 170 85,	2475
2016/05/16 21:42:03.902	 85 170 9 163 170 85,	2467
2016/05/16 21:42:03.904	 85 170 9 164 170 85,	2468
2016/05/16 21:42:03.905	 85 170 9 163 170 85,	2467
2016/05/16 21:42:03.907	 85 170 9 163 170 85,	2467
2016/05/16 21:42:03.910	 85 170 9 166 170 85,	2470
2016/05/16 21:42:03.914	 85 170 9 169 170 85,	2473
2016/05/16 21:42:03.917	 85 170 9 167 170 85,	2471
2016/05/16 21:42:03.918	 85 170 9 167 170 85,	2471
2016/05/16 21:42:03.920	 85 170 9 167 170 85,	2471
2016/05/16 21:42:03.922	 85 170 9 163 170 85,	2467
2016/05/16 21:42:03.923	 85 170 9 162 170 85,	2466
2016/05/16 21:42:03.925	 85 170 9 162 170 85,	2466
2016/05/16 21:42:03.929	 85 170 9 161 170 85,	2465
2016/05/16 21:42:03.931	 85 170 9 159 170 85,	2463
2016/05/16 21:42:03.933	 85 170 9 159 170 85,	2463
2016/05/16 21:42:03.935	 85 170 9 163 170 85,	2467
2016/05/16 21:42:03.937	 85 170 9 166 170 85,	2470
2016/05/16 21:42:03.939	 85 170 9 167 170 85,	2471
2016/05/16 21:42:03.941	 85 170 9 167 170 85,	2471
2016/05/16 21:42:03.944	 85 170 9 167 170 85,	2471
2016/05/16 21:42:03.945	 85 170 9 168 170 85,	2472
2016/05/16 21:42:03.947	 85 170 9 170 170 85,	2474
2016/05/16 21:42:03.949	 85 170 9 170 170 85,	2474
2016/05/16 21:42:03.951	 85 170 9 166 170 85,	2470
2016/05/16 21:42:03.953	 85 170 9 167 170 85,	2471
2016/05/16 21:42:03.954	 85 170 9 167 170 85,	2471
2016/05/16 21:42:03.956	 85 170 9 167 170 85,	2471
2016/05/16 21:42:03.958	 85 170 9 166 170 85,	2470
2016/05/16 21:42:03.959	 85 170 9 165 170 85,	2469
2016/05/16 21:42:03.962	 85 170 9 163 170 85,	2467
2016/05/16 21:42:03.964	 85 170 9 163 170 85,	2467
2016/05/16 21:42:03.965	 85 170 9 166 170 85,	2470
2016/05/16 21:42:03.967	 85 170 9 164 170 85,	2468
2016/05/16 21:42:03.969	 85 170 9 162 170 85,	2466
2016/05/16 21:42:03.971	 85 170 9 162 170 85,	2466
2016/05/16 21:42:03.973	 85 170 9 164 170 85,	2468
2016/05/16 21:42:03.975	 85 170 9 166 170 85,	2470
2016/05/16 21:42:03.977	 85 170 9 166 170 85,	2470
2016/05/16 21:42:03.979	 85 170 9 166 170 85,	2470
2016/05/16 21:42:03.981	 85 170 9 162 170 85,	2466
2016/05/16 21:42:03.982	 85 170 9 162 170 85,	2466
2016/05/16 21:42:03.984	 85 170 9 162 170 85,	2466
2016/05/16 21:42:03.986	 85 170 9 161 170 85,	2465
2016/05/16 21:42:03.987	 85 170 9 160 170 85,	2464
2016/05/16 21:42:03.989	 85 170 9 163 170 85,	2467
2016/05/16 21:42:03.991	 85 170 9 163 170 85,	2467
2016/05/16 21:42:03.993	 85 170 9 162 170 85,	2466
2016/05/16 21:42:03.995	 85 170 9 165 170 85,	2469
2016/05/16 21:42:03.997	 85 170 9 167 170 85,	2471
2016/05/16 21:42:03.998	 85 170 9 167 170 85,	2471
2016/05/16 21:42:04.000	 85 170 9 164 170 85,	2468
2016/05/16 21:42:04.002	 85 170 9 166 170 85,	2470
2016/05/16 21:42:04.003	 85 170 9 165 170 85,	2469
2016/05/16 21:42:04.004	 85 170 9 165 170 85,	2469
2016/05/16 21:42:04.006	 85 170 9 165 170 85,	2469
2016/05/16 21:42:04.008	 85 170 9 164 170 85,	2468
2016/05/16 21:42:04.010	 85 170 9 164 170 85,	2468
2016/05/16 21:42:04.012	 85 170 9 168 170 85,	2472
2016/05/16 21:42:04.014	 85 170 9 169 170 85,	2473
2016/05/16 21:42:04.016	 85 170 9 167 170 85,	2471
2016/05/16 21:42:04.018	 85 170 9 167 170 85,	2471
2016/05/16 21:42:04.019	 85 170 9 167 170 85,	2471
2016/05/16 21:42:04.022	 85 170 9 164 170 85,	2468
2016/05/16 21:42:04.023	 85 170 9 161 170 85,	2465
2016/05/16 21:42:04.026	 85 170 9 161 170 85,	2465
2016/05/16 21:42:04.029	 85 170 9 160 170 85,	2464
2016/05/16 21:42:04.030	 85 170 9 159 170 85,	2463
2016/05/16 21:42:04.032	 85 170 9 159 170 85,	2463
2016/05/16 21:42:04.034	 85 170 9 159 170 85,	2463
2016/05/16 21:42:04.036	 85 170 9 161 170 85,	2465
2016/05/16 21:42:04.037	 85 170 9 162 170 85,	2466
2016/05/16 21:42:04.039	 85 170 9 162 170 85,	2466
2016/05/16 21:42:04.041	 85 170 9 162 170 85,	2466
2016/05/16 21:42:04.043	 85 170 9 162 170 85,	2466
2016/05/16 21:42:04.046	 85 170 9 167 170 85,	2471
2016/05/16 21:42:04.047	 85 170 9 167 170 85,	2471
2016/05/16 21:42:04.048	 85 170 9 168 170 85,	2472
2016/05/16 21:42:04.051	 85 170 9 171 170 85,	2475
2016/05/16 21:42:04.053	 85 170 9 170 170 85,	2474
2016/05/16 21:42:04.055	 85 170 9 170 170 85,	2474
2016/05/16 21:42:04.057	 85 170 9 164 170 85,	2468
2016/05/16 21:42:04.059	 85 170 9 164 170 85,	2468
2016/05/16 21:42:04.063	 85 170 9 164 170 85,	2468
2016/05/16 21:42:04.064	 85 170 9 164 170 85,	2468
2016/05/16 21:42:04.067	 85 170 9 165 170 85,	2469
2016/05/16 21:42:04.069	 85 170 9 167 170 85,	2471
2016/05/16 21:42:04.070	 85 170 9 168 170 85,	2472
2016/05/16 21:42:04.072	 85 170 9 168 170 85,	2472
2016/05/16 21:42:04.074	 85 170 9 171 170 85,	2475
2016/05/16 21:42:04.075	 85 170 9 172 170 85,	2476
2016/05/16 21:42:04.078	 85 170 9 175 170 85,	2479
2016/05/16 21:42:04.080	 85 170 9 175 170 85,	2479
2016/05/16 21:42:04.081	 85 170 9 174 170 85,	2478
2016/05/16 21:42:04.083	 85 170 9 174 170 85,	2478
2016/05/16 21:42:04.085	 85 170 9 174 170 85,	2478
2016/05/16 21:42:04.087	 85 170 9 175 170 85,	2479
2016/05/16 21:42:04.088	 85 170 9 171 170 85,	2475
2016/05/16 21:42:04.090	 85 170 9 172 170 85,	2476
2016/05/16 21:42:04.091	 85 170 9 172 170 85,	2476
2016/05/16 21:42:04.093	 85 170 9 168 170 85,	2472
2016/05/16 21:42:04.095	 85 170 9 167 170 85,	2471
2016/05/16 21:42:04.096	 85 170 9 168 170 85,	2472
2016/05/16 21:42:04.099	 85 170 9 168 170 85,	2472
2016/05/16 21:42:04.100	 85 170 9 167 170 85,	2471
2016/05/16 21:42:04.102	 85 170 9 169 170 85,	2473
2016/05/16 21:42:04.104	 85 170 9 172 170 85,	2476
2016/05/16 21:42:04.106	 85 170 9 172 170 85,	2476
2016/05/16 21:42:04.108	 85 170 9 175 170 85,	2479
2016/05/16 21:42:04.109	 85 170 9 179 170 85,	2483
2016/05/16 21:42:04.111	 85 170 9 180 170 85,	2484
2016/05/16 21:42:04.113	 85 170 9 180 170 85,	2484
2016/05/16 21:42:04.115	 85 170 9 181 170 85,	2485
2016/05/16 21:42:04.117	 85 170 9 180 170 85,	2484
2016/05/16 21:42:04.119	 85 170 9 176 170 85,	2480
2016/05/16 21:42:04.121	 85 170 9 172 170 85,	2476
2016/05/16 21:42:04.123	 85 170 9 170 170 85,	2474
2016/05/16 21:42:04.125	 85 170 9 167 170 85,	2471
2016/05/16 21:42:04.126	 85 170 9 167 170 85,	2471
2016/05/16 21:42:04.128	 85 170 9 169 170 85,	2473
2016/05/16 21:42:04.131	 85 170 9 170 170 85,	2474
2016/05/16 21:42:04.134	 85 170 9 173 170 85,	2477
2016/05/16 21:42:04.135	 85 170 9 173 170 85,	2477
2016/05/16 21:42:04.137	 85 170 9 175 170 85,	2479
2016/05/16 21:42:04.139	 85 170 9 175 170 85,	2479
2016/05/16 21:42:04.140	 85 170 9 176 170 85,	2480
2016/05/16 21:42:04.142	 85 170 9 176 170 85,	2480
2016/05/16 21:42:04.144	 85 170 9 175 170 85,	2479
2016/05/16 21:42:04.146	 85 170 9 175 170 85,	2479
2016/05/16 21:42:04.148	 85 170 9 174 170 85,	2478
2016/05/16 21:42:04.149	 85 170 9 174 170 85,	2478
2016/05/16 21:42:04.151	 85 170 9 167 170 85,	2471
2016/05/16 21:42:04.153	 85 170 9 166 170 85,	2470
2016/05/16 21:42:04.155	 85 170 9 164 170 85,	2468
2016/05/16 21:42:04.156	 85 170 9 164 170 85,	2468
2016/05/16 21:42:04.158	 85 170 9 168 170 85,	2472
2016/05/16 21:42:04.161	 85 170 9 166 170 85,	2470
2016/05/16 21:42:04.163	 85 170 9 166 170 85,	2470
2016/05/16 21:42:04.165	 85 170 9 169 170 85,	2473
2016/05/16 21:42:04.167	 85 170 9 168 170 85,	2472
2016/05/16 21:42:04.168	 85 170 9 167 170 85,	2471
2016/05/16 21:42:04.170	 85 170 9 167 170 85,	2471
2016/05/16 21:42:04.172	 85 170 9 170 170 85,	2474
2016/05/16 21:42:04.174	 85 170 9 170 170 85,	2474
2016/05/16 21:42:04.175	 85 170 9 169 170 85,	2473
2016/05/16 21:42:04.179	 85 170 9 169 170 85,	2473
2016/05/16 21:42:04.180	 85 170 9 162 170 85,	2466
2016/05/16 21:42:04.182	 85 170 9 158 170 85,	2462
2016/05/16 21:42:04.184	 85 170 9 159 170 85,	2463
2016/05/16 21:42:04.186	 85 170 9 159 170 85,	2463
2016/05/16 21:42:04.187	 85 170 9 162 170 85,	2466
2016/05/16 21:42:04.189	 85 170 9 163 170 85,	2467
2016/05/16 21:42:04.191	 85 170 9 166 170 85,	2470
2016/05/16 21:42:04.193	 85 170 9 166 170 85,	2470
2016/05/16 21:42:04.195	 85 170 9 167 170 85,	2471
2016/05/16 21:42:04.197	 85 170 9 168 170 85,	2472
2016/05/16 21:42:04.198	 85 170 9 168 170 85,	2472
2016/05/16 21:42:04.200	 85 170 9 166 170 85,	2470
2016/05/16 21:42:04.202	 85 170 9 165 170 85,	2469
2016/05/16 21:42:04.204	 85 170 9 164 170 85,	2468
2016/05/16 21:42:04.205	 85 170 9 164 170 85,	2468
2016/05/16 21:42:04.207	 85 170 9 163 170 85,	2467
2016/05/16 21:42:04.209	 85 170 9 164 170 85,	2468
2016/05/16 21:42:04.211	 85 170 9 162 170 85,	2466
2016/05/16 21:42:04.212	 85 170 9 162 170 85,	2466
2016/05/16 21:42:04.214	 85 170 9 162 170 85,	2466
2016/05/16 21:42:04.216	 85 170 9 164 170 85,	2468
2016/05/16 21:42:04.218	 85 170 9 164 170 85,	2468
2016/05/16 21:42:04.220	 85 170 9 164 170 85,	2468
2016/05/16 21:42:04.222	 85 170 9 165 170 85,	2469
2016/05/16 21:42:04.223	 85 170 9 164 170 85,	2468
2016/05/16 21:42:04.224	 85 170 9 162 170 85,	2466
2016/05/16 21:42:04.226	 85 170 9 162 170 85,	2466
2016/05/16 21:42:04.229	 85 170 9 168 170 85,	2472
2016/05/16 21:42:04.231	 85 170 9 165 170 85,	2469
2016/05/16 21:42:04.233	 85 170 9 165 170 85,	2469
2016/05/16 21:42:04.234	 85 170 9 169 170 85,	2473
2016/05/16 21:42:04.236	 85 170 9 166 170 85,	2470
2016/05/16 21:42:04.239	 85 170 9 166 170 85,	2470
2016/05/16 21:42:04.244	 85 170 9 166 170 85,	2470
2016/05/16 21:42:04.246	 85 170 9 164 170 85,	2468
2016/05/16 21:42:04.248	 85 170 9 162 170 85,	2466
2016/05/16 21:42:04.250	 85 170 9 163 170 85,	2467
2016/05/16 21:42:04.252	 85 170 9 163 170 85,	2467
2016/05/16 21:42:04.254	 85 170 9 166 170 85,	2470
2016/05/16 21:42:04.259	 85 170 9 167 170 85,	2471
2016/05/16 21:42:04.262	 85 170 9 167 170 85,	2471
2016/05/16 21:42:04.264	 85 170 9 167 170 85,	2471
2016/05/16 21:42:04.265	 85 170 9 169 170 85,	2473
2016/05/16 21:42:04.266	 85 170 9 172 170 85,	2476
2016/05/16 21:42:04.268	 85 170 9 171 170 85,	2475
2016/05/16 21:42:04.273	 85 170 9 171 170 85,	2475
2016/05/16 21:42:04.275	 85 170 9 171 170 85,	2475
2016/05/16 21:42:04.277	 85 170 9 174 170 85,	2478
2016/05/16 21:42:04.279	 85 170 9 172 170 85,	2476
2016/05/16 21:42:04.281	 85 170 9 170 170 85,	2474
2016/05/16 21:42:04.282	 85 170 9 170 170 85,	2474
2016/05/16 21:42:04.284	 85 170 9 169 170 85,	2473
2016/05/16 21:42:04.286	 85 170 9 169 170 85,	2473
2016/05/16 21:42:04.289	 85 170 9 173 170 85,	2477
2016/05/16 21:42:04.294	 85 170 9 174 170 85,	2478
2016/05/16 21:42:04.297	 85 170 9 175 170 85,	2479
2016/05/16 21:42:04.298	 85 170 9 175 170 85,	2479
2016/05/16 21:42:04.300	 85 170 9 174 170 85,	2478
2016/05/16 21:42:04.302	 85 170 9 172 170 85,	2476
2016/05/16 21:42:04.305	 85 170 9 174 170 85,	2478
2016/05/16 21:42:04.307	 85 170 9 174 170 85,	2478
2016/05/16 21:42:04.309	 85 170 9 176 170 85,	2480
2016/05/16 21:42:04.310	 85 170 9 176 170 85,	2480
2016/05/16 21:42:04.313	 85 170 9 176 170 85,	2480
2016/05/16 21:42:04.315	 85 170 9 176 170 85,	2480
2016/05/16 21:42:04.316	 85 170 9 173 170 85,	2477
2016/05/16 21:42:04.318	 85 170 9 173 170 85,	2477
2016/05/16 21:42:04.320	 85 170 9 172 170 85,	2476
2016/05/16 21:42:04.322	 85 170 9 172 170 85,	2476
2016/05/16 21:42:04.324	 85 170 9 174 170 85,	2478
2016/05/16 21:42:04.326	 85 170 9 172 170 85,	2476
2016/05/16 21:42:04.329	 85 170 9 172 170 85,	2476
2016/05/16 21:42:04.331	 85 170 9 174 170 85,	2478
2016/05/16 21:42:04.333	 85 170 9 176 170 85,	2480
2016/05/16 21:42:04.334	 85 170 9 176 170 85,	2480
2016/05/16 21:42:04.336	 85 170 9 176 170 85,	2480
2016/05/16 21:42:04.338	 85 170 9 178 170 85,	2482
2016/05/16 21:42:04.340	 85 170 9 178 170 85,	2482
2016/05/16 21:42:04.342	 85 170 9 176 170 85,	2480
2016/05/16 21:42:04.344	 85 170 9 176 170 85,	2480
2016/05/16 21:42:04.346	 85 170 9 171 170 85,	2475
2016/05/16 21:42:04.347	 85 170 9 169 170 85,	2473
2016/05/16 21:42:04.349	 85 170 9 168 170 85,	2472
2016/05/16 21:42:04.351	 85 170 9 168 170 85,	2472
2016/05/16 21:42:04.353	 85 170 9 167 170 85,	2471
2016/05/16 21:42:04.356	 85 170 9 167 170 85,	2471
2016/05/16 21:42:04.358	 85 170 9 169 170 85,	2473
2016/05/16 21:42:04.360	 85 170 9 171 170 85,	2475
2016/05/16 21:42:04.361	 85 170 9 173 170 85,	2477
2016/05/16 21:42:04.363	 85 170 9 175 170 85,	2479
2016/05/16 21:42:04.365	 85 170 9 175 170 85,	2479
2016/05/16 21:42:04.367	 85 170 9 173 170 85,	2477
2016/05/16 21:42:04.369	 85 170 9 173 170 85,	2477
2016/05/16 21:42:04.371	 85 170 9 173 170 85,	2477
2016/05/16 21:42:04.373	 85 170 9 173 170 85,	2477
2016/05/16 21:42:04.375	 85 170 9 171 170 85,	2475
2016/05/16 21:42:04.377	 85 170 9 169 170 85,	2473
2016/05/16 21:42:04.379	 85 170 9 167 170 85,	2471
2016/05/16 21:42:04.383	 85 170 9 167 170 85,	2471
2016/05/16 21:42:04.385	 85 170 9 170 170 85,	2474
2016/05/16 21:42:04.386	 85 170 9 170 170 85,	2474
2016/05/16 21:42:04.388	 85 170 9 166 170 85,	2470
2016/05/16 21:42:04.390	 85 170 9 166 170 85,	2470
2016/05/16 21:42:04.392	 85 170 9 168 170 85,	2472
2016/05/16 21:42:04.395	 85 170 9 169 170 85,	2473
2016/05/16 21:42:04.397	 85 170 9 169 170 85,	2473
2016/05/16 21:42:04.399	 85 170 9 169 170 85,	2473
2016/05/16 21:42:04.401	 85 170 9 171 170 85,	2475
2016/05/16 21:42:04.403	 85 170 9 170 170 85,	2474
2016/05/16 21:42:04.405	 85 170 9 170 170 85,	2474
2016/05/16 21:42:04.407	 85 170 9 166 170 85,	2470
2016/05/16 21:42:04.408	 85 170 9 165 170 85,	2469
2016/05/16 21:42:04.411	 85 170 9 164 170 85,	2468
2016/05/16 21:42:04.413	 85 170 9 164 170 85,	2468
2016/05/16 21:42:04.415	 85 170 9 159 170 85,	2463
2016/05/16 21:42:04.417	 85 170 9 159 170 85,	2463
2016/05/16 21:42:04.418	 85 170 9 161 170 85,	2465
2016/05/16 21:42:04.420	 85 170 9 161 170 85,	2465
2016/05/16 21:42:04.422	 85 170 9 161 170 85,	2465
2016/05/16 21:42:04.424	 85 170 9 165 170 85,	2469
2016/05/16 21:42:04.426	 85 170 9 168 170 85,	2472
2016/05/16 21:42:04.428	 85 170 9 168 170 85,	2472
2016/05/16 21:42:04.430	 85 170 9 167 170 85,	2471
2016/05/16 21:42:04.432	 85 170 9 169 170 85,	2473
2016/05/16 21:42:04.434	 85 170 9 167 170 85,	2471
2016/05/16 21:42:04.436	 85 170 9 167 170 85,	2471
2016/05/16 21:42:04.438	 85 170 9 167 170 85,	2471
2016/05/16 21:42:04.440	 85 170 9 166 170 85,	2470
2016/05/16 21:42:04.441	 85 170 9 166 170 85,	2470
2016/05/16 21:42:04.443	 85 170 9 165 170 85,	2469
2016/05/16 21:42:04.445	 85 170 9 164 170 85,	2468
2016/05/16 21:42:04.447	 85 170 9 163 170 85,	2467
2016/05/16 21:42:04.449	 85 170 9 163 170 85,	2467
2016/05/16 21:42:04.450	 85 170 9 167 170 85,	2471
2016/05/16 21:42:04.452	 85 170 9 165 170 85,	2469
2016/05/16 21:42:04.454	 85 170 9 164 170 85,	2468
2016/05/16 21:42:04.456	 85 170 9 164 170 85,	2468
2016/05/16 21:42:04.458	 85 170 9 161 170 85,	2465
2016/05/16 21:42:04.461	 85 170 9 161 170 85,	2465
2016/05/16 21:42:04.464	 85 170 9 161 170 85,	2465
2016/05/16 21:42:04.466	 85 170 9 161 170 85,	2465
2016/05/16 21:42:04.468	 85 170 9 159 170 85,	2463
2016/05/16 21:42:04.470	 85 170 9 161 170 85,	2465
2016/05/16 21:42:04.471	 85 170 9 161 170 85,	2465
2016/05/16 21:42:04.473	 85 170 9 161 170 85,	2465
2016/05/16 21:42:04.475	 85 170 9 158 170 85,	2462
2016/05/16 21:42:04.477	 85 170 9 160 170 85,	2464
2016/05/16 21:42:04.481	 85 170 9 162 170 85,	2466
2016/05/16 21:42:04.483	 85 170 9 162 170 85,	2466
2016/05/16 21:42:04.484	 85 170 9 164 170 85,	2468
2016/05/16 21:42:04.485	 85 170 9 163 170 85,	2467
2016/05/16 21:42:04.487	 85 170 9 163 170 85,	2467
2016/05/16 21:42:04.489	 85 170 9 163 170 85,	2467
2016/05/16 21:42:04.492	 85 170 9 164 170 85,	2468
2016/05/16 21:42:04.494	 85 170 9 162 170 85,	2466
2016/05/16 21:42:04.496	 85 170 9 162 170 85,	2466
2016/05/16 21:42:04.497	 85 170 9 158 170 85,	2462
2016/05/16 21:42:04.499	 85 170 9 156 170 85,	2460
2016/05/16 21:42:04.501	 85 170 9 156 170 85,	2460
2016/05/16 21:42:04.502	 85 170 9 156 170 85,	2460
2016/05/16 21:42:04.504	 85 170 9 159 170 85,	2463
2016/05/16 21:42:04.506	 85 170 9 160 170 85,	2464
2016/05/16 21:42:04.508	 85 170 9 164 170 85,	2468
2016/05/16 21:42:04.511	 85 170 9 164 170 85,	2468
2016/05/16 21:42:04.513	 85 170 9 167 170 85,	2471
2016/05/16 21:42:04.515	 85 170 9 166 170 85,	2470
2016/05/16 21:42:04.517	 85 170 9 168 170 85,	2472
2016/05/16 21:42:04.519	 85 170 9 167 170 85,	2471
2016/05/16 21:42:04.521	 85 170 9 165 170 85,	2469
2016/05/16 21:42:04.523	 85 170 9 164 170 85,	2468
2016/05/16 21:42:04.524	 85 170 9 164 170 85,	2468
2016/05/16 21:42:04.526	 85 170 9 160 170 85,	2464
2016/05/16 21:42:04.527	 85 170 9 160 170 85,	2464
2016/05/16 21:42:04.529	 85 170 9 161 170 85,	2465
2016/05/16 21:42:04.531	 85 170 9 161 170 85,	2465
2016/05/16 21:42:04.532	 85 170 9 163 170 85,	2467
2016/05/16 21:42:04.534	 85 170 9 166 170 85,	2470
2016/05/16 21:42:04.536	 85 170 9 166 170 85,	2470
2016/05/16 21:42:04.538	 85 170 9 166 170 85,	2470
2016/05/16 21:42:04.539	 85 170 9 166 170 85,	2470
2016/05/16 21:42:04.541	 85 170 9 166 170 85,	2470
2016/05/16 21:42:04.543	 85 170 9 164 170 85,	2468
2016/05/16 21:42:04.545	 85 170 9 164 170 85,	2468
2016/05/16 21:42:04.547	 85 170 9 164 170 85,	2468
2016/05/16 21:42:04.549	 85 170 9 163 170 85,	2467
2016/05/16 21:42:04.551	 85 170 9 162 170 85,	2466
2016/05/16 21:42:04.553	 85 170 9 167 170 85,	2471
2016/05/16 21:42:04.555	 85 170 9 164 170 85,	2468
2016/05/16 21:42:04.557	 85 170 9 163 170 85,	2467
2016/05/16 21:42:04.559	 85 170 9 163 170 85,	2467
2016/05/16 21:42:04.560	 85 170 9 167 170 85,	2471
2016/05/16 21:42:04.562	 85 170 9 167 170 85,	2471
2016/05/16 21:42:04.564	 85 170 9 168 170 85,	2472
2016/05/16 21:42:04.566	 85 170 9 168 170 85,	2472
2016/05/16 21:42:04.569	 85 170 9 167 170 85,	2471
2016/05/16 21:42:04.571	 85 170 9 171 170 85,	2475
2016/05/16 21:42:04.573	 85 170 9 174 170 85,	2478
2016/05/16 21:42:04.575	 85 170 9 174 170 85,	2478
2016/05/16 21:42:04.577	 85 170 9 169 170 85,	2473
2016/05/16 21:42:04.579	 85 170 9 167 170 85,	2471
2016/05/16 21:42:04.581	 85 170 9 168 170 85,	2472
2016/05/16 21:42:04.583	 85 170 9 168 170 85,	2472
2016/05/16 21:42:04.585	 85 170 9 170 170 85,	2474
2016/05/16 21:42:04.588	 85 170 9 171 170 85,	2475
2016/05/16 21:42:04.590	 85 170 9 170 170 85,	2474
2016/05/16 21:42:04.592	 85 170 9 170 170 85,	2474
2016/05/16 21:42:04.594	 85 170 9 171 170 85,	2475
2016/05/16 21:42:04.597	 85 170 9 169 170 85,	2473
2016/05/16 21:42:04.599	 85 170 9 169 170 85,	2473
2016/05/16 21:42:04.601	 85 170 9 172 170 85,	2476
2016/05/16 21:42:04.604	 85 170 9 169 170 85,	2473
2016/05/16 21:42:04.606	 85 170 9 164 170 85,	2468
2016/05/16 21:42:04.608	 85 170 9 164 170 85,	2468
2016/05/16 21:42:04.609	 85 170 9 165 170 85,	2469
2016/05/16 21:42:04.612	 85 170 9 162 170 85,	2466
2016/05/16 21:42:04.614	 85 170 9 161 170 85,	2465
2016/05/16 21:42:04.615	 85 170 9 161 170 85,	2465
2016/05/16 21:42:04.616	 85 170 9 167 170 85,	2471
2016/05/16 21:42:04.618	 85 170 9 167 170 85,	2471
2016/05/16 21:42:04.620	 85 170 9 171 170 85,	2475
2016/05/16 21:42:04.622	 85 170 9 171 170 85,	2475
2016/05/16 21:42:04.623	 85 170 9 174 170 85,	2478
2016/05/16 21:42:04.625	 85 170 9 172 170 85,	2476
2016/05/16 21:42:04.627	 85 170 9 173 170 85,	2477
2016/05/16 21:42:04.629	 85 170 9 173 170 85,	2477
2016/05/16 21:42:04.631	 85 170 9 168 170 85,	2472
2016/05/16 21:42:04.633	 85 170 9 168 170 85,	2472
2016/05/16 21:42:04.635	 85 170 9 168 170 85,	2472
2016/05/16 21:42:04.637	 85 170 9 164 170 85,	2468
2016/05/16 21:42:04.638	 85 170 9 169 170 85,	2473
2016/05/16 21:42:04.640	 85 170 9 168 170 85,	2472
2016/05/16 21:42:04.642	 85 170 9 168 170 85,	2472
2016/05/16 21:42:04.643	 85 170 9 170 170 85,	2474
2016/05/16 21:42:04.646	 85 170 9 174 170 85,	2478
2016/05/16 21:42:04.649	 85 170 9 174 170 85,	2478
2016/05/16 21:42:04.651	 85 170 9 174 170 85,	2478
2016/05/16 21:42:04.653	 85 170 9 177 170 85,	2481
2016/05/16 21:42:04.654	 85 170 9 176 170 85,	2480
2016/05/16 21:42:04.656	 85 170 9 172 170 85,	2476
2016/05/16 21:42:04.658	 85 170 9 172 170 85,	2476
2016/05/16 21:42:04.659	 85 170 9 170 170 85,	2474
2016/05/16 21:42:04.661	 85 170 9 166 170 85,	2470
2016/05/16 21:42:04.663	 85 170 9 165 170 85,	2469
2016/05/16 21:42:04.665	 85 170 9 165 170 85,	2469
2016/05/16 21:42:04.667	 85 170 9 167 170 85,	2471
2016/05/16 21:42:04.669	 85 170 9 168 170 85,	2472
2016/05/16 21:42:04.670	 85 170 9 168 170 85,	2472
2016/05/16 21:42:04.672	 85 170 9 170 170 85,	2474
2016/05/16 21:42:04.674	 85 170 9 173 170 85,	2477
2016/05/16 21:42:04.675	 85 170 9 176 170 85,	2480
2016/05/16 21:42:04.679	 85 170 9 176 170 85,	2480
2016/05/16 21:42:04.682	 85 170 9 173 170 85,	2477
2016/05/16 21:42:04.684	 85 170 9 172 170 85,	2476
2016/05/16 21:42:04.686	 85 170 9 171 170 85,	2475
2016/05/16 21:42:04.687	 85 170 9 171 170 85,	2475
2016/05/16 21:42:04.689	 85 170 9 167 170 85,	2471
2016/05/16 21:42:04.691	 85 170 9 167 170 85,	2471
2016/05/16 21:42:04.692	 85 170 9 167 170 85,	2471
2016/05/16 21:42:04.694	 85 170 9 167 170 85,	2471
2016/05/16 21:42:04.697	 85 170 9 170 170 85,	2474
2016/05/16 21:42:04.699	 85 170 9 174 170 85,	2478
2016/05/16 21:42:04.701	 85 170 9 175 170 85,	2479
2016/05/16 21:42:04.702	 85 170 9 175 170 85,	2479
2016/05/16 21:42:04.705	 85 170 9 179 170 85,	2483
2016/05/16 21:42:04.707	 85 170 9 178 170 85,	2482
2016/05/16 21:42:04.710	 85 170 9 179 170 85,	2483
2016/05/16 21:42:04.712	 85 170 9 178 170 85,	2482
2016/05/16 21:42:04.714	 85 170 9 174 170 85,	2478
2016/05/16 21:42:04.716	 85 170 9 172 170 85,	2476
2016/05/16 21:42:04.717	 85 170 9 172 170 85,	2476
2016/05/16 21:42:04.720	 85 170 9 171 170 85,	2475
2016/05/16 21:42:04.721	 85 170 9 169 170 85,	2473
2016/05/16 21:42:04.723	 85 170 9 169 170 85,	2473
2016/05/16 21:42:04.725	 85 170 9 169 170 85,	2473
2016/05/16 21:42:04.727	 85 170 9 168 170 85,	2472
2016/05/16 21:42:04.729	 85 170 9 171 170 85,	2475
2016/05/16 21:42:04.731	 85 170 9 174 170 85,	2478
2016/05/16 21:42:04.732	 85 170 9 174 170 85,	2478
2016/05/16 21:42:04.734	 85 170 9 170 170 85,	2474
2016/05/16 21:42:04.736	 85 170 9 168 170 85,	2472
2016/05/16 21:42:04.738	 85 170 9 167 170 85,	2471
2016/05/16 21:42:04.739	 85 170 9 167 170 85,	2471
2016/05/16 21:42:04.741	 85 170 9 164 170 85,	2468
2016/05/16 21:42:04.743	 85 170 9 164 170 85,	2468
2016/05/16 21:42:04.745	 85 170 9 163 170 85,	2467
2016/05/16 21:42:04.746	 85 170 9 161 170 85,	2465
2016/05/16 21:42:04.747	 85 170 9 160 170 85,	2464
2016/05/16 21:42:04.749	 85 170 9 160 170 85,	2464
2016/05/16 21:42:04.751	 85 170 9 160 170 85,	2464
2016/05/16 21:42:04.753	 85 170 9 164 170 85,	2468
2016/05/16 21:42:04.756	 85 170 9 164 170 85,	2468
2016/05/16 21:42:04.759	 85 170 9 163 170 85,	2467
2016/05/16 21:42:04.762	 85 170 9 163 170 85,	2467
2016/05/16 21:42:04.765	 85 170 9 163 170 85,	2467
2016/05/16 21:42:04.767	 85 170 9 162 170 85,	2466
2016/05/16 21:42:04.769	 85 170 9 163 170 85,	2467
2016/05/16 21:42:04.770	 85 170 9 163 170 85,	2467
2016/05/16 21:42:04.772	 85 170 9 165 170 85,	2469
2016/05/16 21:42:04.774	 85 170 9 164 170 85,	2468
2016/05/16 21:42:04.776	 85 170 9 166 170 85,	2470
2016/05/16 21:42:04.778	 85 170 9 166 170 85,	2470
2016/05/16 21:42:04.781	 85 170 9 167 170 85,	2471
2016/05/16 21:42:04.782	 85 170 9 168 170 85,	2472
2016/05/16 21:42:04.784	 85 170 9 168 170 85,	2472
2016/05/16 21:42:04.786	 85 170 9 168 170 85,	2472
2016/05/16 21:42:04.788	 85 170 9 167 170 85,	2471
2016/05/16 21:42:04.790	 85 170 9 167 170 85,	2471
2016/05/16 21:42:04.792	 85 170 9 167 170 85,	2471
2016/05/16 21:42:04.797	 85 170 9 166 170 85,	2470
2016/05/16 21:42:04.799	 85 170 9 167 170 85,	2471
2016/05/16 21:42:04.801	 85 170 9 166 170 85,	2470
2016/05/16 21:42:04.803	 85 170 9 166 170 85,	2470
2016/05/16 21:42:04.805	 85 170 9 164 170 85,	2468
2016/05/16 21:42:04.806	 85 170 9 166 170 85,	2470
2016/05/16 21:42:04.808	 85 170 9 164 170 85,	2468
2016/05/16 21:42:04.810	 85 170 9 164 170 85,	2468
2016/05/16 21:42:04.813	 85 170 9 164 170 85,	2468
2016/05/16 21:42:04.814	 85 170 9 164 170 85,	2468
2016/05/16 21:42:04.816	 85 170 9 163 170 85,	2467
2016/05/16 21:42:04.819	 85 170 9 163 170 85,	2467
2016/05/16 21:42:04.821	 85 170 9 165 170 85,	2469
2016/05/16 21:42:04.823	 85 170 9 163 170 85,	2467
2016/05/16 21:42:04.825	 85 170 9 163 170 85,	2467
2016/05/16 21:42:04.827	 85 170 9 163 170 85,	2467
2016/05/16 21:42:04.829	 85 170 9 163 170 85,	2467
2016/05/16 21:42:04.831	 85 170 9 166 170 85,	2470
2016/05/16 21:42:04.833	 85 170 9 166 170 85,	2470
2016/05/16 21:42:04.834	 85 170 9 168 170 85,	2472
2016/05/16 21:42:04.836	 85 170 9 168 170 85,	2472
2016/05/16 21:42:04.838	 85 170 9 172 170 85,	2476
2016/05/16 21:42:04.840	 85 170 9 172 170 85,	2476
2016/05/16 21:42:04.841	 85 170 9 171 170 85,	2475
2016/05/16 21:42:04.843	 85 170 9 172 170 85,	2476
2016/05/16 21:42:04.846	 85 170 9 172 170 85,	2476
2016/05/16 21:42:04.849	 85 170 9 172 170 85,	2476
2016/05/16 21:42:04.851	 85 170 9 168 170 85,	2472
2016/05/16 21:42:04.853	 85 170 9 166 170 85,	2470
2016/05/16 21:42:04.855	 85 170 9 164 170 85,	2468
2016/05/16 21:42:04.857	 85 170 9 164 170 85,	2468
2016/05/16 21:42:04.859	 85 170 9 166 170 85,	2470
2016/05/16 21:42:04.861	 85 170 9 168 170 85,	2472
2016/05/16 21:42:04.863	 85 170 9 165 170 85,	2469
2016/05/16 21:42:04.865	 85 170 9 165 170 85,	2469
2016/05/16 21:42:04.867	 85 170 9 169 170 85,	2473
2016/05/16 21:42:04.868	 85 170 9 169 170 85,	2473
2016/05/16 21:42:04.870	 85 170 9 169 170 85,	2473
2016/05/16 21:42:04.872	 85 170 9 171 170 85,	2475
2016/05/16 21:42:04.874	 85 170 9 169 170 85,	2473
2016/05/16 21:42:04.876	 85 170 9 168 170 85,	2472
2016/05/16 21:42:04.879	 85 170 9 168 170 85,	2472
2016/05/16 21:42:04.881	 85 170 9 168 170 85,	2472
2016/05/16 21:42:04.883	 85 170 9 167 170 85,	2471
2016/05/16 21:42:04.885	 85 170 9 167 170 85,	2471
2016/05/16 21:42:04.886	 85 170 9 167 170 85,	2471
2016/05/16 21:42:04.888	 85 170 9 164 170 85,	2468
2016/05/16 21:42:04.890	 85 170 9 162 170 85,	2466
2016/05/16 21:42:04.891	 85 170 9 164 170 85,	2468
2016/05/16 21:42:04.893	 85 170 9 164 170 85,	2468
2016/05/16 21:42:04.896	 85 170 9 187 170 85,	2491
2016/05/16 21:42:05.093	 85 170 9 216 170 85,	2520
2016/05/16 21:42:05.097	 85 170 10 11 170 85,	2571
2016/05/16 21:42:05.099	 85 170 10 11 170 85,	2571
2016/05/16 21:42:05.101	 85 170 10 209 170 85,	2769
2016/05/16 21:42:05.105	 85 170 11 79 170 85,	2895
2016/05/16 21:42:05.107	 85 170 11 211 170 85,	3027
2016/05/16 21:42:05.110	 85 170 12 184 170 85,	3256
2016/05/16 21:42:05.113	 85 170 13 0 170 85,	3328
2016/05/16 21:42:05.116	 85 170 13 31 170 85,	3359
2016/05/16 21:42:05.119	 85 170 13 31 170 85,	3359
2016/05/16 21:42:05.125	 85 170 12 232 170 85,	3304
2016/05/16 21:42:05.127	 85 170 12 158 170 85,	3230
2016/05/16 21:42:05.129	 85 170 12 66 170 85,	3138
2016/05/16 21:42:05.131	 85 170 12 66 170 85,	3138
2016/05/16 21:42:05.133	 85 170 11 148 170 85,	2964
2016/05/16 21:42:05.134	 85 170 11 91 170 85,	2907
2016/05/16 21:42:05.136	 85 170 11 67 170 85,	2883
2016/05/16 21:42:05.138	 85 170 11 67 170 85,	2883
2016/05/16 21:42:05.140	 85 170 11 123 170 85,	2939
2016/05/16 21:42:05.141	 85 170 11 178 170 85,	2994
2016/05/16 21:42:05.142	 85 170 11 231 170 85,	3047
2016/05/16 21:42:05.144	 85 170 11 231 170 85,	3047
2016/05/16 21:42:05.147	 85 170 12 26 170 85,	3098
2016/05/16 21:42:05.149	 85 170 12 13 170 85,	3085
2016/05/16 21:42:05.151	 85 170 11 228 170 85,	3044
2016/05/16 21:42:05.153	 85 170 11 77 170 85,	2893
2016/05/16 21:42:05.155	 85 170 10 244 170 85,	2804
2016/05/16 21:42:05.156	 85 170 10 162 170 85,	2722
2016/05/16 21:42:05.158	 85 170 10 162 170 85,	2722
2016/05/16 21:42:05.160	 85 170 10 26 170 85,	2586
2016/05/16 21:42:05.163	 85 170 9 238 170 85,	2542
2016/05/16 21:42:05.165	 85 170 9 212 170 85,	2516
2016/05/16 21:42:05.166	 85 170 9 212 170 85,	2516
2016/05/16 21:42:05.168	 85 170 9 216 170 85,	2520
2016/05/16 21:42:05.170	 85 170 9 231 170 85,	2535
2016/05/16 21:42:05.171	 85 170 9 240 170 85,	2544
2016/05/16 21:42:05.173	 85 170 9 240 170 85,	2544
2016/05/16 21:42:05.175	 85 170 9 206 170 85,	2510
2016/05/16 21:42:05.177	 85 170 9 171 170 85,	2475
2016/05/16 21:42:05.179	 85 170 9 142 170 85,	2446
2016/05/16 21:42:05.181	 85 170 9 142 170 85,	2446
2016/05/16 21:42:05.183	 85 170 9 101 170 85,	2405
2016/05/16 21:42:05.184	 85 170 9 39 170 85,	2343
2016/05/16 21:42:05.186	 85 170 8 222 170 85,	2270
2016/05/16 21:42:05.187	 85 170 8 222 170 85,	2270
2016/05/16 21:42:05.189	 85 170 8 62 170 85,	2110
2016/05/16 21:42:05.191	 85 170 8 25 170 85,	2073
2016/05/16 21:42:05.193	 85 170 8 25 170 85,	2073
2016/05/16 21:42:05.196	 85 170 8 7 170 85,	2055
2016/05/16 21:42:05.198	 85 170 8 16 170 85,	2064
2016/05/16 21:42:05.200	 85 170 8 25 170 85,	2073
2016/05/16 21:42:05.201	 85 170 8 25 170 85,	2073
2016/05/16 21:42:05.203	 85 170 8 49 170 85,	2097
2016/05/16 21:42:05.205	 85 170 8 66 170 85,	2114
2016/05/16 21:42:05.207	 85 170 8 80 170 85,	2128
2016/05/16 21:42:05.209	 85 170 8 80 170 85,	2128
2016/05/16 21:42:05.211	 85 170 8 66 170 85,	2114
2016/05/16 21:42:05.214	 85 170 8 34 170 85,	2082
2016/05/16 21:42:05.216	 85 170 7 253 170 85,	2045
2016/05/16 21:42:05.218	 85 170 7 253 170 85,	2045
2016/05/16 21:42:05.219	 85 170 7 198 170 85,	1990
2016/05/16 21:42:05.221	 85 170 7 185 170 85,	1977
2016/05/16 21:42:05.223	 85 170 7 181 170 85,	1973
2016/05/16 21:42:05.225	 85 170 7 181 170 85,	1973
2016/05/16 21:42:05.229	 85 170 7 218 170 85,	2010
2016/05/16 21:42:05.231	 85 170 7 235 170 85,	2027
2016/05/16 21:42:05.233	 85 170 7 235 170 85,	2027
2016/05/16 21:42:05.235	 85 170 8 16 170 85,	2064
2016/05/16 21:42:05.239	 85 170 8 31 170 85,	2079
2016/05/16 21:42:05.241	 85 170 8 43 170 85,	2091
2016/05/16 21:42:05.255	 85 170 8 43 170 85,	2091
2016/05/16 21:42:05.260	 85 170 8 44 170 85,	2092
2016/05/16 21:42:05.263	 85 170 8 32 170 85,	2080
2016/05/16 21:42:05.265	 85 170 8 19 170 85,	2067
2016/05/16 21:42:05.266	 85 170 8 19 170 85,	2067
2016/05/16 21:42:05.286	 85 170 8 3 170 85,	2051
2016/05/16 21:42:05.288	 85 170 8 10 170 85,	2058
2016/05/16 21:42:05.290	 85 170 8 26 170 85,	2074
2016/05/16 21:42:05.292	 85 170 8 26 170 85,	2074
2016/05/16 21:42:05.295	 85 170 8 64 170 85,	2112
2016/05/16 21:42:05.297	 85 170 8 87 170 85,	2135
2016/05/16 21:42:05.299	 85 170 8 108 170 85,	2156
2016/05/16 21:42:05.301	 85 170 8 108 170 85,	2156
2016/05/16 21:42:05.317	 85 170 8 140 170 85,	2188
2016/05/16 21:42:05.319	 85 170 8 162 170 85,	2210
2016/05/16 21:42:05.321	 85 170 8 162 170 85,	2210
2016/05/16 21:42:05.323	 85 170 8 168 170 85,	2216
2016/05/16 21:42:05.348	 85 170 8 173 170 85,	2221
2016/05/16 21:42:05.350	 85 170 8 181 170 85,	2229
2016/05/16 21:42:05.352	 85 170 8 181 170 85,	2229
2016/05/16 21:42:05.354	 85 170 8 203 170 85,	2251
2016/05/16 21:42:05.356	 85 170 8 211 170 85,	2259
2016/05/16 21:42:05.358	 85 170 8 225 170 85,	2273
2016/05/16 21:42:05.360	 85 170 8 225 170 85,	2273
2016/05/16 21:42:05.379	 85 170 9 12 170 85,	2316
2016/05/16 21:42:05.381	 85 170 9 29 170 85,	2333
2016/05/16 21:42:05.396	 85 170 9 43 170 85,	2347
2016/05/16 21:42:05.399	 85 170 9 43 170 85,	2347
2016/05/16 21:42:05.402	 85 170 9 59 170 85,	2363
2016/05/16 21:42:05.404	 85 170 9 66 170 85,	2370
2016/05/16 21:42:05.406	 85 170 9 75 170 85,	2379
2016/05/16 21:42:05.407	 85 170 9 75 170 85,	2379
2016/05/16 21:42:05.408	 85 170 9 91 170 85,	2395
2016/05/16 21:42:05.413	 85 170 9 101 170 85,	2405
2016/05/16 21:42:05.415	 85 170 9 110 170 85,	2414
2016/05/16 21:42:05.428	 85 170 9 128 170 85,	2432
2016/05/16 21:42:05.431	 85 170 9 140 170 85,	2444
2016/05/16 21:42:05.444	 85 170 9 150 170 85,	2454
2016/05/16 21:42:05.448	 85 170 9 150 170 85,	2454
2016/05/16 21:42:05.450	 85 170 9 165 170 85,	2469
2016/05/16 21:42:05.451	 85 170 9 179 170 85,	2483
2016/05/16 21:42:05.453	 85 170 9 190 170 85,	2494
2016/05/16 21:42:05.455	 85 170 9 190 170 85,	2494
2016/05/16 21:42:05.478	 85 170 9 205 170 85,	2509
2016/05/16 21:42:05.481	 85 170 9 211 170 85,	2515
2016/05/16 21:42:05.483	 85 170 9 219 170 85,	2523
2016/05/16 21:42:05.485	 85 170 9 219 170 85,	2523
2016/05/16 21:42:05.494	 85 170 9 239 170 85,	2543
2016/05/16 21:42:05.496	 85 170 9 244 170 85,	2548
2016/05/16 21:42:05.526	 85 170 9 247 170 85,	2551
2016/05/16 21:42:05.529	 85 170 9 247 170 85,	2551
2016/05/16 21:42:05.531	 85 170 10 3 170 85,	2563
2016/05/16 21:42:05.533	 85 170 10 4 170 85,	2564
2016/05/16 21:42:05.534	 85 170 10 7 170 85,	2567
2016/05/16 21:42:05.536	 85 170 10 16 170 85,	2576
2016/05/16 21:42:05.537	 85 170 10 19 170 85,	2579
2016/05/16 21:42:05.539	 85 170 10 23 170 85,	2583
2016/05/16 21:42:05.541	 85 170 10 23 170 85,	2583
2016/05/16 21:42:05.543	 85 170 10 26 170 85,	2586
2016/05/16 21:42:05.545	 85 170 10 29 170 85,	2589
2016/05/16 21:42:05.551	 85 170 10 32 170 85,	2592
2016/05/16 21:42:05.556	 85 170 10 32 170 85,	2592
2016/05/16 21:42:05.558	 85 170 10 28 170 85,	2588
2016/05/16 21:42:05.560	 85 170 10 26 170 85,	2586
2016/05/16 21:42:05.587	 85 170 10 25 170 85,	2585
2016/05/16 21:42:05.590	 85 170 10 25 170 85,	2585
2016/05/16 21:42:05.593	 85 170 10 19 170 85,	2579
2016/05/16 21:42:05.595	 85 170 10 19 170 85,	2579
2016/05/16 21:42:05.597	 85 170 10 19 170 85,	2579
2016/05/16 21:42:05.600	 85 170 10 19 170 85,	2579
2016/05/16 21:42:05.602	 85 170 10 23 170 85,	2583
2016/05/16 21:42:05.616	 85 170 10 25 170 85,	2585
2016/05/16 21:42:05.618	 85 170 10 25 170 85,	2585
2016/05/16 21:42:05.620	 85 170 10 25 170 85,	2585
2016/05/16 21:42:05.621	 85 170 10 25 170 85,	2585
2016/05/16 21:42:05.623	 85 170 10 23 170 85,	2583
2016/05/16 21:42:05.625	 85 170 10 23 170 85,	2583
2016/05/16 21:42:05.645	 85 170 10 19 170 85,	2579
2016/05/16 21:42:05.647	 85 170 10 15 170 85,	2575
2016/05/16 21:42:05.649	 85 170 10 10 170 85,	2570
2016/05/16 21:42:05.651	 85 170 10 10 170 85,	2570
2016/05/16 21:42:05.661	 85 170 10 7 170 85,	2567
2016/05/16 21:42:05.666	 85 170 10 3 170 85,	2563
2016/05/16 21:42:05.668	 85 170 10 2 170 85,	2562
2016/05/16 21:42:05.669	 85 170 10 2 170 85,	2562
2016/05/16 21:42:05.671	 85 170 10 2 170 85,	2562
2016/05/16 21:42:05.678	 85 170 10 0 170 85,	2560
2016/05/16 21:42:05.680	 85 170 10 1 170 85,	2561
2016/05/16 21:42:05.691	 85 170 10 1 170 85,	2561
2016/05/16 21:42:05.694	 85 170 9 249 170 85,	2553
2016/05/16 21:42:05.697	 85 170 9 246 170 85,	2550
2016/05/16 21:42:05.698	 85 170 9 242 170 85,	2546
2016/05/16 21:42:05.712	 85 170 9 242 170 85,	2546
2016/05/16 21:42:05.714	 85 170 9 226 170 85,	2530
2016/05/16 21:42:05.725	 85 170 9 220 170 85,	2524
2016/05/16 21:42:05.727	 85 170 9 220 170 85,	2524
2016/05/16 21:42:05.739	 85 170 9 212 170 85,	2516
2016/05/16 21:42:05.741	 85 170 9 211 170 85,	2515
2016/05/16 21:42:05.743	 85 170 9 206 170 85,	2510
2016/05/16 21:42:05.746	 85 170 9 206 170 85,	2510
2016/05/16 21:42:05.776	 85 170 9 205 170 85,	2509
2016/05/16 21:42:05.781	 85 170 9 203 170 85,	2507
2016/05/16 21:42:05.783	 85 170 9 198 170 85,	2502
2016/05/16 21:42:05.785	 85 170 9 198 170 85,	2502
2016/05/16 21:42:05.787	 85 170 9 195 170 85,	2499
2016/05/16 21:42:05.789	 85 170 9 188 170 85,	2492
2016/05/16 21:42:05.791	 85 170 9 183 170 85,	2487
2016/05/16 21:42:05.793	 85 170 9 183 170 85,	2487
2016/05/16 21:42:05.794	 85 170 9 174 170 85,	2478
2016/05/16 21:42:05.796	 85 170 9 171 170 85,	2475
2016/05/16 21:42:05.798	 85 170 9 168 170 85,	2472
2016/05/16 21:42:05.802	 85 170 9 168 170 85,	2472
2016/05/16 21:42:05.803	 85 170 9 163 170 85,	2467
2016/05/16 21:42:05.816	 85 170 9 164 170 85,	2468
2016/05/16 21:42:05.818	 85 170 9 164 170 85,	2468
2016/05/16 21:42:05.834	 85 170 9 160 170 85,	2464
2016/05/16 21:42:05.836	 85 170 9 160 170 85,	2464
2016/05/16 21:42:05.838	 85 170 9 160 170 85,	2464
2016/05/16 21:42:05.855	 85 170 9 160 170 85,	2464
2016/05/16 21:42:05.857	 85 170 9 156 170 85,	2460
2016/05/16 21:42:05.859	 85 170 9 154 170 85,	2458
2016/05/16 21:42:05.861	 85 170 9 150 170 85,	2454
2016/05/16 21:42:05.863	 85 170 9 150 170 85,	2454
2016/05/16 21:42:05.864	 85 170 9 145 170 85,	2449
2016/05/16 21:42:05.867	 85 170 9 143 170 85,	2447
2016/05/16 21:42:05.870	 85 170 9 141 170 85,	2445
2016/05/16 21:42:05.894	 85 170 9 141 170 85,	2445
2016/05/16 21:42:05.897	 85 170 9 140 170 85,	2444
2016/05/16 21:42:05.899	 85 170 9 138 170 85,	2442
2016/05/16 21:42:05.902	 85 170 9 136 170 85,	2440
2016/05/16 21:42:05.905	 85 170 9 136 170 85,	2440
2016/05/16 21:42:05.907	 85 170 9 136 170 85,	2440
2016/05/16 21:42:05.910	 85 170 9 135 170 85,	2439
2016/05/16 21:42:05.915	 85 170 9 134 170 85,	2438
2016/05/16 21:42:05.917	 85 170 9 138 170 85,	2442
2016/05/16 21:42:05.928	 85 170 9 136 170 85,	2440
2016/05/16 21:42:05.930	 85 170 9 135 170 85,	2439
2016/05/16 21:42:05.933	 85 170 9 135 170 85,	2439
2016/05/16 21:42:05.936	 85 170 9 131 170 85,	2435
2016/05/16 21:42:05.943	 85 170 9 129 170 85,	2433
2016/05/16 21:42:05.946	 85 170 9 129 170 85,	2433
2016/05/16 21:42:05.962	 85 170 9 129 170 85,	2433
2016/05/16 21:42:05.964	 85 170 9 130 170 85,	2434
2016/05/16 21:42:05.967	 85 170 9 131 170 85,	2435
2016/05/16 21:42:05.970	 85 170 9 131 170 85,	2435
2016/05/16 21:42:05.972	 85 170 9 131 170 85,	2435
2016/05/16 21:42:05.974	 85 170 9 130 170 85,	2434
2016/05/16 21:42:05.988	 85 170 9 132 170 85,	2436
2016/05/16 21:42:05.993	 85 170 9 135 170 85,	2439
2016/05/16 21:42:06.004	 85 170 9 135 170 85,	2439
2016/05/16 21:42:06.007	 85 170 9 141 170 85,	2445
2016/05/16 21:42:06.009	 85 170 9 146 170 85,	2450
2016/05/16 21:42:06.011	 85 170 9 147 170 85,	2451
2016/05/16 21:42:06.014	 85 170 9 149 170 85,	2453
2016/05/16 21:42:06.016	 85 170 9 148 170 85,	2452
2016/05/16 21:42:06.018	 85 170 9 147 170 85,	2451
2016/05/16 21:42:06.041	 85 170 9 147 170 85,	2451
2016/05/16 21:42:06.043	 85 170 9 151 170 85,	2455
2016/05/16 21:42:06.045	 85 170 9 150 170 85,	2454
2016/05/16 21:42:06.047	 85 170 9 150 170 85,	2454
2016/05/16 21:42:06.049	 85 170 9 150 170 85,	2454
2016/05/16 21:42:06.055	 85 170 9 154 170 85,	2458
2016/05/16 21:42:06.057	 85 170 9 152 170 85,	2456
2016/05/16 21:42:06.088	 85 170 9 154 170 85,	2458
2016/05/16 21:42:06.090	 85 170 9 154 170 85,	2458
2016/05/16 21:42:06.092	 85 170 9 156 170 85,	2460
2016/05/16 21:42:06.094	 85 170 9 156 170 85,	2460
2016/05/16 21:42:06.096	 85 170 9 156 170 85,	2460
2016/05/16 21:42:06.098	 85 170 9 156 170 85,	2460
2016/05/16 21:42:06.099	 85 170 9 151 170 85,	2455
2016/05/16 21:42:06.102	 85 170 9 150 170 85,	2454
2016/05/16 21:42:06.107	 85 170 9 151 170 85,	2455
2016/05/16 21:42:06.109	 85 170 9 151 170 85,	2455
2016/05/16 21:42:06.110	 85 170 9 154 170 85,	2458
2016/05/16 21:42:06.113	 85 170 9 156 170 85,	2460
2016/05/16 21:42:06.129	 85 170 9 156 170 85,	2460
2016/05/16 21:42:06.133	 85 170 9 158 170 85,	2462
2016/05/16 21:42:06.145	 85 170 9 161 170 85,	2465
2016/05/16 21:42:06.149	 85 170 9 161 170 85,	2465
2016/05/16 21:42:06.151	 85 170 9 161 170 85,	2465
2016/05/16 21:42:06.153	 85 170 9 162 170 85,	2466
2016/05/16 21:42:06.178	 85 170 9 163 170 85,	2467
2016/05/16 21:42:06.180	 85 170 9 165 170 85,	2469
2016/05/16 21:42:06.182	 85 170 9 165 170 85,	2469
2016/05/16 21:42:06.184	 85 170 9 166 170 85,	2470
2016/05/16 21:42:06.186	 85 170 9 165 170 85,	2469
2016/05/16 21:42:06.188	 85 170 9 167 170 85,	2471
2016/05/16 21:42:06.189	 85 170 9 167 170 85,	2471
2016/05/16 21:42:06.191	 85 170 9 170 170 85,	2474
2016/05/16 21:42:06.193	 85 170 9 169 170 85,	2473
2016/05/16 21:42:06.209	 85 170 9 170 170 85,	2474
2016/05/16 21:42:06.213	 85 170 9 170 170 85,	2474
2016/05/16 21:42:06.215	 85 170 9 171 170 85,	2475
2016/05/16 21:42:06.217	 85 170 9 171 170 85,	2475
2016/05/16 21:42:06.219	 85 170 9 171 170 85,	2475
2016/05/16 21:42:06.221	 85 170 9 171 170 85,	2475
2016/05/16 21:42:06.244	 85 170 9 173 170 85,	2477
2016/05/16 21:42:06.248	 85 170 9 171 170 85,	2475
2016/05/16 21:42:06.249	 85 170 9 171 170 85,	2475
2016/05/16 21:42:06.250	 85 170 9 170 170 85,	2474
2016/05/16 21:42:06.252	 85 170 9 168 170 85,	2472
2016/05/16 21:42:06.254	 85 170 9 168 170 85,	2472
2016/05/16 21:42:06.257	 85 170 9 168 170 85,	2472
2016/05/16 21:42:06.275	 85 170 9 173 170 85,	2477
2016/05/16 21:42:06.277	 85 170 9 177 170 85,	2481
2016/05/16 21:42:06.279	 85 170 9 176 170 85,	2480
2016/05/16 21:42:06.281	 85 170 9 176 170 85,	2480
2016/05/16 21:42:06.295	 85 170 9 181 170 85,	2485
2016/05/16 21:42:06.297	 85 170 9 182 170 85,	2486
2016/05/16 21:42:06.299	 85 170 9 182 170 85,	2486
2016/05/16 21:42:06.301	 85 170 9 182 170 85,	2486
