2016/05/13 15:17:23.220	 85 170 14 180 185 0 170 85,	15420304
2016/05/13 15:17:23.289	 85 170 246 55 33 0 170 85,	6517264
2016/05/13 15:17:23.294	 85 170 252 233 12 0 170 85,	13537472
2016/05/13 15:17:23.335	 85 170 5 187 237 0 170 85,	6012624
2016/05/13 15:17:23.343	 85 170 13 66 159 0 170 85,	13904368
2016/05/13 15:17:23.381	 85 170 248 4 240 0 170 85,	8408832
2016/05/13 15:17:23.428	 85 170 255 181 62 0 170 85,	16471008
2016/05/13 15:17:23.474	 85 170 8 134 150 0 170 85,	8939872
2016/05/13 15:17:23.483	 85 170 14 190 118 0 170 85,	15460192
2016/05/13 15:17:23.522	 85 170 15 198 157 0 170 85,	16542160
2016/05/13 15:17:23.568	 85 170 11 62 68 0 170 85,	11789376
2016/05/13 15:17:23.574	 85 170 2 230 54 0 170 85,	3040096
2016/05/13 15:17:23.616	 85 170 250 126 135 0 170 85,	11004016
2016/05/13 15:17:23.662	 85 170 245 35 95 0 170 85,	5387760
2016/05/13 15:17:23.671	 85 170 244 239 200 0 170 85,	5176448
2016/05/13 15:17:23.709	 85 170 250 28 153 0 170 85,	10602896
2016/05/13 15:17:23.756	 85 170 2 154 235 0 170 85,	2731696
2016/05/13 15:17:23.762	 85 170 11 29 22 0 170 85,	11653472
2016/05/13 15:17:23.803	 85 170 246 42 226 0 170 85,	6467104
2016/05/13 15:17:23.849	 85 170 252 220 56 0 170 85,	13484928
2016/05/13 15:17:23.851	 85 170 5 195 232 0 170 85,	6045312
2016/05/13 15:17:23.896	 85 170 13 81 132 0 170 85,	13965376
2016/05/13 15:17:23.944	 85 170 16 32 47 0 170 85,	131824
2016/05/13 15:17:23.946	 85 170 13 68 77 0 170 85,	13911248
2016/05/13 15:17:23.990	 85 170 5 204 63 0 170 85,	6079472
2016/05/13 15:17:24.035	 85 170 253 1 156 0 170 85,	13638080
2016/05/13 15:17:24.083	 85 170 246 93 167 0 170 85,	6675056
2016/05/13 15:17:24.092	 85 170 244 102 42 0 170 85,	4612768
2016/05/13 15:17:24.131	 85 170 248 9 80 0 170 85,	8426752
2016/05/13 15:17:24.178	 85 170 255 204 143 0 170 85,	16566512
2016/05/13 15:17:24.181	 85 170 8 171 62 0 170 85,	9090016
2016/05/13 15:17:24.224	 85 170 245 17 104 0 170 85,	5314176
2016/05/13 15:17:24.271	 85 170 250 66 213 0 170 85,	10759504
2016/05/13 15:17:24.273	 85 170 2 186 57 0 170 85,	2859920
2016/05/13 15:17:24.319	 85 170 11 31 113 0 170 85,	11663120
2016/05/13 15:17:24.366	 85 170 15 206 239 0 170 85,	16576240
2016/05/13 15:17:24.368	 85 170 14 206 38 0 170 85,	15524448
2016/05/13 15:17:24.412	 85 170 8 170 231 0 170 85,	9088624
2016/05/13 15:17:24.458	 85 170 255 215 28 0 170 85,	16609728
2016/05/13 15:17:24.460	 85 170 248 59 199 0 170 85,	8633456
2016/05/13 15:17:24.506	 85 170 244 139 194 0 170 85,	4766752
2016/05/13 15:17:24.553	 85 170 246 54 136 0 170 85,	6514816
2016/05/13 15:17:24.559	 85 170 252 204 31 0 170 85,	13418992
2016/05/13 15:17:24.600	 85 170 5 181 104 0 170 85,	5985920
2016/05/13 15:17:24.649	 85 170 244 115 53 0 170 85,	4666192
2016/05/13 15:17:24.657	 85 170 247 250 181 0 170 85,	8366928
2016/05/13 15:17:24.693	 85 170 255 163 152 0 170 85,	16398720
2016/05/13 15:17:24.741	 85 170 8 126 61 0 170 85,	8905680
2016/05/13 15:17:24.745	 85 170 14 193 157 0 170 85,	15473104
2016/05/13 15:17:24.787	 85 170 15 190 6 0 170 85,	16506976
2016/05/13 15:17:24.833	 85 170 11 22 159 0 170 85,	11626992
2016/05/13 15:17:24.880	 85 170 2 224 62 0 170 85,	3015648
2016/05/13 15:17:24.883	 85 170 250 119 111 0 170 85,	10974960
2016/05/13 15:17:24.927	 85 170 245 66 141 0 170 85,	5515472
2016/05/13 15:17:24.974	 85 170 245 48 20 0 170 85,	5439808
2016/05/13 15:17:24.978	 85 170 250 87 65 0 170 85,	10843152
2016/05/13 15:17:25.021	 85 170 2 195 114 0 170 85,	2897696
2016/05/13 15:17:25.067	 85 170 244 152 113 0 170 85,	4818704
2016/05/13 15:17:25.070	 85 170 246 102 0 0 170 85,	6709248
2016/05/13 15:17:25.115	 85 170 252 232 106 0 170 85,	13534880
2016/05/13 15:17:25.162	 85 170 5 185 215 0 170 85,	6004080
2016/05/13 15:17:25.164	 85 170 13 42 50 0 170 85,	13804320
2016/05/13 15:17:25.208	 85 170 15 239 216 0 170 85,	16711040
2016/05/13 15:17:25.255	 85 170 13 12 47 0 170 85,	13681392
2016/05/13 15:17:25.257	 85 170 5 204 251 0 170 85,	6082480
2016/05/13 15:17:25.303	 85 170 253 3 132 0 170 85,	13645888
2016/05/13 15:17:25.348	 85 170 246 110 210 0 170 85,	6745376
2016/05/13 15:17:25.351	 85 170 244 129 171 0 170 85,	4725424
2016/05/13 15:17:25.396	 85 170 248 16 21 0 170 85,	8454480
2016/05/13 15:17:25.443	 85 170 255 196 20 0 170 85,	16531776
2016/05/13 15:17:25.490	 85 170 245 58 102 0 170 85,	5482080
2016/05/13 15:17:25.493	 85 170 245 44 24 0 170 85,	5423488
2016/05/13 15:17:25.537	 85 170 250 81 169 0 170 85,	10820240
2016/05/13 15:17:25.583	 85 170 2 211 183 0 170 85,	2964336
2016/05/13 15:17:25.587	 85 170 11 12 2 0 170 85,	11583520
2016/05/13 15:17:25.632	 85 170 15 160 128 0 170 85,	16386048
2016/05/13 15:17:25.678	 85 170 14 150 55 0 170 85,	15295344
2016/05/13 15:17:25.684	 85 170 8 124 110 0 170 85,	8898272
2016/05/13 15:17:25.723	 85 170 255 207 152 0 170 85,	16578944
2016/05/13 15:17:25.771	 85 170 248 34 73 0 170 85,	8529040
2016/05/13 15:17:25.777	 85 170 244 142 66 0 170 85,	4776992
2016/05/13 15:17:25.818	 85 170 246 101 155 0 170 85,	6707632
2016/05/13 15:17:25.865	 85 170 253 33 82 0 170 85,	13767968
2016/05/13 15:17:25.871	 85 170 5 214 29 0 170 85,	6119888
2016/05/13 15:17:25.912	 85 170 244 165 29 0 170 85,	4870608
2016/05/13 15:17:25.960	 85 170 248 58 135 0 170 85,	8628336
2016/05/13 15:17:25.970	 85 170 255 232 155 0 170 85,	16681392
2016/05/13 15:17:26.005	 85 170 8 179 63 0 170 85,	9122800
2016/05/13 15:17:26.052	 85 170 14 174 97 0 170 85,	15394320
2016/05/13 15:17:26.055	 85 170 15 89 205 0 170 85,	16096464
2016/05/13 15:17:26.099	 85 170 10 140 171 0 170 85,	11061936
2016/05/13 15:17:26.146	 85 170 2 77 3 0 170 85,	2412592
2016/05/13 15:17:26.154	 85 170 250 48 55 0 170 85,	10683248
2016/05/13 15:17:26.193	 85 170 245 106 33 0 170 85,	5677584
2016/05/13 15:17:26.240	 85 170 245 199 227 0 170 85,	6061616
2016/05/13 15:17:26.247	 85 170 251 44 100 0 170 85,	11716160
2016/05/13 15:17:26.288	 85 170 3 137 39 0 170 85,	3707504
2016/05/13 15:17:26.334	 85 170 245 11 207 0 170 85,	5291248
2016/05/13 15:17:26.381	 85 170 247 35 121 0 170 85,	7485328
2016/05/13 15:17:26.386	 85 170 253 221 54 0 170 85,	14537568
2016/05/13 15:17:26.427	 85 170 6 112 199 0 170 85,	6753392
2016/05/13 15:17:26.474	 85 170 13 83 242 0 170 85,	13975328
2016/05/13 15:17:26.478	 85 170 15 146 7 0 170 85,	16326768
2016/05/13 15:17:26.521	 85 170 12 80 32 0 170 85,	12911104
2016/05/13 15:17:26.568	 85 170 4 223 161 0 170 85,	5110288
2016/05/13 15:17:26.574	 85 170 252 67 29 0 170 85,	12857808
2016/05/13 15:17:26.616	 85 170 246 49 148 0 170 85,	6494528
2016/05/13 15:17:26.661	 85 170 244 250 199 0 170 85,	5221488
2016/05/13 15:17:26.667	 85 170 249 38 11 0 170 85,	9593008
2016/05/13 15:17:26.709	 85 170 1 12 206 0 170 85,	1101024
2016/05/13 15:17:26.756	 85 170 245 69 30 0 170 85,	5525984
2016/05/13 15:17:26.763	 85 170 246 23 76 0 170 85,	6386880
2016/05/13 15:17:26.803	 85 170 251 187 191 0 170 85,	12303344
2016/05/13 15:17:26.849	 85 170 4 22 104 0 170 85,	4286080
2016/05/13 15:17:26.855	 85 170 11 170 18 0 170 85,	12230944
2016/05/13 15:17:26.896	 85 170 15 77 94 0 170 85,	16045536
2016/05/13 15:17:26.943	 85 170 13 92 90 0 170 85,	14009760
2016/05/13 15:17:26.949	 85 170 6 210 162 0 170 85,	7154208
2016/05/13 15:17:26.990	 85 170 254 160 209 0 170 85,	15338768
2016/05/13 15:17:27.036	 85 170 248 31 71 0 170 85,	8516720
2016/05/13 15:17:27.084	 85 170 245 179 136 0 170 85,	5978240
2016/05/13 15:17:27.088	 85 170 248 68 156 0 170 85,	8669632
2016/05/13 15:17:27.132	 85 170 254 173 179 0 170 85,	15391536
2016/05/13 15:17:27.177	 85 170 246 230 130 0 170 85,	7235616
2016/05/13 15:17:27.183	 85 170 246 29 244 0 170 85,	6414144
2016/05/13 15:17:27.224	 85 170 250 86 251 0 170 85,	10842032
2016/05/13 15:17:27.274	 85 170 1 201 52 0 170 85,	1872704
2016/05/13 15:17:27.285	 85 170 9 135 142 0 170 85,	9992416
2016/05/13 15:17:27.318	 85 170 14 48 28 0 170 85,	14877120
2016/05/13 15:17:27.365	 85 170 13 190 51 0 170 85,	14410544
2016/05/13 15:17:27.412	 85 170 8 108 199 0 170 85,	8834160
2016/05/13 15:17:27.418	 85 170 0 165 124 0 170 85,	677824
2016/05/13 15:17:27.459	 85 170 249 107 38 0 170 85,	9876064
2016/05/13 15:17:27.505	 85 170 245 229 66 0 170 85,	6181920
2016/05/13 15:17:27.508	 85 170 247 65 223 0 170 85,	7609840
2016/05/13 15:17:27.553	 85 170 253 68 113 0 170 85,	13911824
2016/05/13 15:17:27.600	 85 170 247 154 202 0 170 85,	7974048
2016/05/13 15:17:27.604	 85 170 245 218 184 0 170 85,	6138752
2016/05/13 15:17:27.648	 85 170 249 4 237 0 170 85,	9457360
2016/05/13 15:17:27.693	 85 170 255 251 228 0 170 85,	16760384
2016/05/13 15:17:27.740	 85 170 7 233 49 0 170 85,	8295184
2016/05/13 15:17:27.744	 85 170 13 124 99 0 170 85,	14140976
2016/05/13 15:17:27.787	 85 170 14 102 90 0 170 85,	15099296
2016/05/13 15:17:27.834	 85 170 10 52 129 0 170 85,	10700816
2016/05/13 15:17:27.838	 85 170 2 173 2 0 170 85,	2805792
2016/05/13 15:17:27.881	 85 170 250 242 100 0 170 85,	11478592
2016/05/13 15:17:27.929	 85 170 246 63 55 0 170 85,	6550384
2016/05/13 15:17:27.947	 85 170 246 99 119 0 170 85,	6698864
2016/05/13 15:17:27.974	 85 170 251 71 189 0 170 85,	11828176
2016/05/13 15:17:28.021	 85 170 248 212 42 0 170 85,	9257632
2016/05/13 15:17:28.025	 85 170 245 219 0 0 170 85,	6139904
2016/05/13 15:17:28.068	 85 170 247 171 49 0 170 85,	8041232
2016/05/13 15:17:28.115	 85 170 253 187 97 0 170 85,	14398992
2016/05/13 15:17:28.121	 85 170 5 244 159 0 170 85,	6244848
2016/05/13 15:17:28.162	 85 170 12 149 60 0 170 85,	13194176
2016/05/13 15:17:28.209	 85 170 14 231 201 0 170 85,	15629456
2016/05/13 15:17:28.215	 85 170 11 207 62 0 170 85,	12383200
2016/05/13 15:17:28.256	 85 170 4 233 176 0 170 85,	5151488
2016/05/13 15:17:28.303	 85 170 252 212 52 0 170 85,	13452096
2016/05/13 15:17:28.312	 85 170 246 233 91 0 170 85,	7247280
2016/05/13 15:17:28.349	 85 170 245 134 252 0 170 85,	5795776
2016/05/13 15:17:28.397	 85 170 249 128 190 0 170 85,	9964512
2016/05/13 15:17:28.443	 85 170 249 245 171 0 170 85,	10443440
2016/05/13 15:17:28.449	 85 170 245 121 73 0 170 85,	5739664
2016/05/13 15:17:28.489	 85 170 246 24 5 0 170 85,	6389840
2016/05/13 15:17:28.536	 85 170 251 204 164 0 170 85,	12372544
2016/05/13 15:17:28.545	 85 170 3 225 153 0 170 85,	4069776
2016/05/13 15:17:28.585	 85 170 11 110 46 0 170 85,	11985632
2016/05/13 15:17:28.630	 85 170 14 219 231 0 170 85,	15580784
2016/05/13 15:17:28.633	 85 170 13 4 127 0 170 85,	13649904
2016/05/13 15:17:28.676	 85 170 6 190 142 0 170 85,	7071968
2016/05/13 15:17:28.724	 85 170 254 146 60 0 170 85,	15279040
2016/05/13 15:17:28.726	 85 170 248 16 90 0 170 85,	8455584
2016/05/13 15:17:28.772	 85 170 245 146 31 0 170 85,	5841392
2016/05/13 15:17:28.819	 85 170 248 42 100 0 170 85,	8562240
2016/05/13 15:17:28.826	 85 170 251 208 85 0 170 85,	12387664
2016/05/13 15:17:28.866	 85 170 246 140 210 0 170 85,	6868256
2016/05/13 15:17:28.912	 85 170 245 241 10 0 170 85,	6230176
2016/05/13 15:17:28.926	 85 170 250 75 167 0 170 85,	10795632
2016/05/13 15:17:28.959	 85 170 1 250 95 0 170 85,	2074096
2016/05/13 15:17:29.005	 85 170 9 206 127 0 170 85,	10282992
2016/05/13 15:17:29.053	 85 170 14 101 165 0 170 85,	15096400
2016/05/13 15:17:29.060	 85 170 13 217 106 0 170 85,	14522016
2016/05/13 15:17:29.100	 85 170 8 202 237 0 170 85,	9219792
2016/05/13 15:17:29.108	 85 170 1 13 94 0 170 85,	1103328
2016/05/13 15:17:29.146	 85 170 249 202 75 0 170 85,	10265776
2016/05/13 15:17:29.193	 85 170 245 242 45 0 170 85,	6234832
2016/05/13 15:17:29.240	 85 170 247 1 90 0 170 85,	7345568
2016/05/13 15:17:29.248	 85 170 252 174 36 0 170 85,	13296192
2016/05/13 15:17:29.288	 85 170 247 228 2 0 170 85,	8273952
2016/05/13 15:17:29.335	 85 170 245 203 97 0 170 85,	6075920
2016/05/13 15:17:29.344	 85 170 248 171 55 0 170 85,	9089904
2016/05/13 15:17:29.382	 85 170 255 97 252 0 170 85,	16129984
2016/05/13 15:17:29.428	 85 170 7 71 23 0 170 85,	7631216
2016/05/13 15:17:29.438	 85 170 13 0 198 0 170 85,	13634656
2016/05/13 15:17:29.475	 85 170 14 14 194 0 170 85,	14740512
2016/05/13 15:17:29.523	 85 170 10 58 221 0 170 85,	10726864
2016/05/13 15:17:29.531	 85 170 3 35 5 0 170 85,	3289168
2016/05/13 15:17:29.569	 85 170 251 132 235 0 170 85,	12078768
2016/05/13 15:17:29.614	 85 170 246 232 100 0 170 85,	7243328
2016/05/13 15:17:29.662	 85 170 246 182 179 0 170 85,	7039792
2016/05/13 15:17:29.665	 85 170 251 134 211 0 170 85,	12086576
2016/05/13 15:17:29.709	 85 170 249 78 117 0 170 85,	9758544
2016/05/13 15:17:29.756	 85 170 246 52 7 0 170 85,	6504560
2016/05/13 15:17:29.762	 85 170 248 9 85 0 170 85,	8426832
2016/05/13 15:17:29.802	 85 170 254 18 42 0 170 85,	14754464
2016/05/13 15:17:29.849	 85 170 5 222 155 0 170 85,	6154672
2016/05/13 15:17:29.857	 85 170 12 39 20 0 170 85,	12742976
2016/05/13 15:17:29.899	 85 170 14 52 255 0 170 85,	14897136
2016/05/13 15:17:29.912	 85 170 11 34 136 0 170 85,	11675776
2016/05/13 15:17:29.943	 85 170 4 62 10 0 170 85,	4448416
2016/05/13 15:17:29.990	 85 170 252 149 203 0 170 85,	13196464
2016/05/13 15:17:30.037	 85 170 247 44 194 0 170 85,	7523360
2016/05/13 15:17:30.041	 85 170 246 79 191 0 170 85,	6618096
2016/05/13 15:17:30.084	 85 170 250 75 228 0 170 85,	10796608
2016/05/13 15:17:30.131	 85 170 250 16 189 0 170 85,	10554320
2016/05/13 15:17:30.133	 85 170 246 71 32 0 170 85,	6582784
2016/05/13 15:17:30.177	 85 170 247 50 73 0 170 85,	7546000
2016/05/13 15:17:30.224	 85 170 252 170 9 0 170 85,	13279376
2016/05/13 15:17:30.228	 85 170 4 127 88 0 170 85,	4715904
2016/05/13 15:17:30.271	 85 170 11 90 181 0 170 85,	11905872
2016/05/13 15:17:30.318	 85 170 14 84 17 0 170 85,	15024400
2016/05/13 15:17:30.364	 85 170 12 41 46 0 170 85,	12751584
2016/05/13 15:17:30.366	 85 170 5 209 1 0 170 85,	6098960
2016/05/13 15:17:30.412	 85 170 254 10 83 0 170 85,	14722352
2016/05/13 15:17:30.418	 85 170 248 28 61 0 170 85,	8504272
2016/05/13 15:17:30.460	 85 170 246 6 207 0 170 85,	6319344
2016/05/13 15:17:30.505	 85 170 249 1 14 0 170 85,	9441504
2016/05/13 15:17:30.553	 85 170 251 87 110 0 170 85,	11892448
2016/05/13 15:17:30.568	 85 170 246 155 34 0 170 85,	6926880
2016/05/13 15:17:30.599	 85 170 246 80 25 0 170 85,	6619536
2016/05/13 15:17:30.645	 85 170 250 244 216 0 170 85,	11488640
2016/05/13 15:17:30.649	 85 170 2 140 105 0 170 85,	2672272
2016/05/13 15:17:30.692	 85 170 10 46 214 0 170 85,	10677600
2016/05/13 15:17:30.739	 85 170 14 110 240 0 170 85,	15134464
2016/05/13 15:17:30.744	 85 170 13 38 4 0 170 85,	13787200
2016/05/13 15:17:30.787	 85 170 7 73 213 0 170 85,	7642448
2016/05/13 15:17:30.834	 85 170 255 67 179 0 170 85,	16005936
2016/05/13 15:17:30.837	 85 170 248 147 231 0 170 85,	8994416
2016/05/13 15:17:30.881	 85 170 245 198 48 0 170 85,	6054656
2016/05/13 15:17:30.927	 85 170 248 11 88 0 170 85,	8435072
2016/05/13 15:17:30.934	 85 170 252 88 29 0 170 85,	12943824
2016/05/13 15:17:30.974	 85 170 246 230 104 0 170 85,	7235200
2016/05/13 15:17:31.022	 85 170 245 246 102 0 170 85,	6252128
2016/05/13 15:17:31.027	 85 170 250 40 143 0 170 85,	10651888
2016/05/13 15:17:31.069	 85 170 1 131 10 0 170 85,	1585312
2016/05/13 15:17:31.115	 85 170 9 90 231 0 170 85,	9809520
2016/05/13 15:17:31.127	 85 170 14 61 106 0 170 85,	14931616
2016/05/13 15:17:31.163	 85 170 13 205 52 0 170 85,	14472000
2016/05/13 15:17:31.209	 85 170 8 175 209 0 170 85,	9108752
2016/05/13 15:17:31.256	 85 170 0 169 162 0 170 85,	694816
2016/05/13 15:17:31.260	 85 170 249 101 230 0 170 85,	9854560
2016/05/13 15:17:31.303	 85 170 245 216 95 0 170 85,	6129136
2016/05/13 15:17:31.349	 85 170 247 56 67 0 170 85,	7570480
2016/05/13 15:17:31.354	 85 170 253 139 203 0 170 85,	14204080
2016/05/13 15:17:31.396	 85 170 247 113 87 0 170 85,	7804272
2016/05/13 15:17:31.443	 85 170 245 184 6 0 170 85,	5996640
2016/05/13 15:17:31.491	 85 170 249 26 250 0 170 85,	9547680
2016/05/13 15:17:31.501	 85 170 0 46 19 0 170 85,	188720
2016/05/13 15:17:31.539	 85 170 8 58 150 0 170 85,	8628576
2016/05/13 15:17:31.554	 85 170 13 176 191 0 170 85,	14355440
2016/05/13 15:17:31.585	 85 170 14 47 177 0 170 85,	14875408
2016/05/13 15:17:31.630	 85 170 9 194 248 0 170 85,	10235776
2016/05/13 15:17:31.678	 85 170 2 17 208 0 170 85,	2170112
2016/05/13 15:17:31.680	 85 170 250 128 60 0 170 85,	11011008
2016/05/13 15:17:31.724	 85 170 246 50 114 0 170 85,	6498080
2016/05/13 15:17:31.772	 85 170 246 183 62 0 170 85,	7042016
2016/05/13 15:17:31.779	 85 170 254 244 132 0 170 85,	15681600
2016/05/13 15:17:31.819	 85 170 248 56 232 0 170 85,	8621696
2016/05/13 15:17:31.867	 85 170 245 183 201 0 170 85,	5995664
2016/05/13 15:17:31.878	 85 170 248 69 13 0 170 85,	8671440
2016/05/13 15:17:31.913	 85 170 254 248 12 0 170 85,	15696064
2016/05/13 15:17:31.958	 85 170 7 22 254 0 170 85,	7434208
2016/05/13 15:17:31.966	 85 170 13 56 34 0 170 85,	13861408
2016/05/13 15:17:32.006	 85 170 14 158 68 0 170 85,	15328320
2016/05/13 15:17:32.052	 85 170 10 187 100 0 170 85,	11253312
2016/05/13 15:17:32.099	 85 170 3 45 64 0 170 85,	3331072
2016/05/13 15:17:32.102	 85 170 251 74 114 0 170 85,	11839264
2016/05/13 15:17:32.147	 85 170 246 74 130 0 170 85,	6596640
2016/05/13 15:17:32.159	 85 170 246 28 58 0 170 85,	6407072
2016/05/13 15:17:32.193	 85 170 255 232 40 0 170 85,	16679552
2016/05/13 15:17:32.239	 85 170 248 214 14 0 170 85,	9265376
2016/05/13 15:17:32.288	 85 170 245 134 238 0 170 85,	5795552
2016/05/13 15:17:32.291	 85 170 247 145 129 0 170 85,	7936016
2016/05/13 15:17:32.333	 85 170 253 250 233 0 170 85,	14659216
2016/05/13 15:17:32.380	 85 170 6 47 233 0 170 85,	6487696
2016/05/13 15:17:32.384	 85 170 12 213 229 0 170 85,	13459024
2016/05/13 15:17:32.429	 85 170 14 240 77 0 170 85,	15664336
2016/05/13 15:17:32.475	 85 170 11 140 203 0 170 85,	12111024
2016/05/13 15:17:32.489	 85 170 4 47 29 0 170 85,	4387280
2016/05/13 15:17:32.524	 85 170 251 234 177 0 170 85,	12495632
2016/05/13 15:17:32.569	 85 170 246 125 255 0 170 85,	6807536
2016/05/13 15:17:32.576	 85 170 245 180 84 0 170 85,	5981504
2016/05/13 15:17:32.615	 85 170 0 234 26 0 170 85,	958880
2016/05/13 15:17:32.663	 85 170 249 127 90 0 170 85,	9958816
2016/05/13 15:17:32.671	 85 170 245 210 18 0 170 85,	6103328
2016/05/13 15:17:32.708	 85 170 247 11 14 0 170 85,	7385312
2016/05/13 15:17:32.755	 85 170 252 208 9 0 170 85,	13435024
2016/05/13 15:17:32.803	 85 170 4 229 104 0 170 85,	5133952
2016/05/13 15:17:32.808	 85 170 11 245 2 0 170 85,	12537888
2016/05/13 15:17:32.850	 85 170 14 182 87 0 170 85,	15426928
2016/05/13 15:17:32.896	 85 170 12 90 202 0 170 85,	12954784
2016/05/13 15:17:32.899	 85 170 5 181 26 0 170 85,	5984672
2016/05/13 15:17:32.944	 85 170 253 200 38 0 170 85,	14451296
2016/05/13 15:17:32.991	 85 170 247 162 75 0 170 85,	8004784
2016/05/13 15:17:32.998	 85 170 245 198 199 0 170 85,	6057072
2016/05/13 15:17:33.037	 85 170 2 227 174 0 170 85,	3029728
2016/05/13 15:17:33.085	 85 170 251 105 21 0 170 85,	11964752
2016/05/13 15:17:33.094	 85 170 246 156 11 0 170 85,	6930608
2016/05/13 15:17:33.131	 85 170 246 110 96 0 170 85,	6743552
2016/05/13 15:17:33.178	 85 170 251 72 181 0 170 85,	11832144
2016/05/13 15:17:33.186	 85 170 3 15 89 0 170 85,	3208592
2016/05/13 15:17:33.224	 85 170 10 143 152 0 170 85,	11073920
2016/05/13 15:17:33.272	 85 170 14 111 17 0 170 85,	15134992
2016/05/13 15:17:33.317	 85 170 13 14 250 0 170 85,	13692832
2016/05/13 15:17:33.324	 85 170 7 21 7 0 170 85,	7426160
2016/05/13 15:17:33.366	 85 170 255 0 138 0 170 85,	15730848
2016/05/13 15:17:33.412	 85 170 248 61 201 0 170 85,	8641680
2016/05/13 15:17:33.417	 85 170 245 127 8 0 170 85,	5763200
2016/05/13 15:17:33.459	 85 170 3 214 54 0 170 85,	4023136
2016/05/13 15:17:33.506	 85 170 251 157 213 0 170 85,	12180816
2016/05/13 15:17:33.516	 85 170 246 63 3 0 170 85,	6549552
2016/05/13 15:17:33.554	 85 170 245 170 212 0 170 85,	5942592
2016/05/13 15:17:33.599	 85 170 250 80 67 0 170 85,	10814512
2016/05/13 15:17:33.603	 85 170 2 75 79 0 170 85,	2405616
2016/05/13 15:17:33.646	 85 170 10 17 178 0 170 85,	10558240
2016/05/13 15:17:33.693	 85 170 14 234 114 0 170 85,	15640352
2016/05/13 15:17:33.698	 85 170 13 252 150 0 170 85,	14666080
2016/05/13 15:17:33.741	 85 170 8 34 253 0 170 85,	8531920
2016/05/13 15:17:33.786	 85 170 255 223 55 0 170 85,	16642928
2016/05/13 15:17:33.791	 85 170 248 167 58 0 170 85,	9073568
2016/05/13 15:17:33.834	 85 170 245 143 102 0 170 85,	5830240
2016/05/13 15:17:33.880	 85 170 5 34 233 0 170 85,	5385872
2016/05/13 15:17:33.927	 85 170 252 231 116 0 170 85,	13530944
2016/05/13 15:17:33.935	 85 170 246 229 46 0 170 85,	7230176
2016/05/13 15:17:33.975	 85 170 245 155 220 0 170 85,	5881280
2016/05/13 15:17:33.982	 85 170 249 77 224 0 170 85,	9756160
2016/05/13 15:17:34.021	 85 170 0 223 242 0 170 85,	917280
2016/05/13 15:17:34.068	 85 170 8 246 117 0 170 85,	9398096
2016/05/13 15:17:34.115	 85 170 14 65 221 0 170 85,	14949840
2016/05/13 15:17:34.120	 85 170 14 66 55 0 170 85,	14951280
2016/05/13 15:17:34.164	 85 170 9 72 91 0 170 85,	9733552
2016/05/13 15:17:34.208	 85 170 1 60 154 0 170 85,	1296800
2016/05/13 15:17:34.211	 85 170 249 153 125 0 170 85,	10065872
2016/05/13 15:17:34.257	 85 170 245 142 177 0 170 85,	5827344
2016/05/13 15:17:34.303	 85 170 246 150 210 0 170 85,	6909216
2016/05/13 15:17:34.314	 85 170 253 190 32 0 170 85,	14410240
2016/05/13 15:17:34.349	 85 170 247 42 108 0 170 85,	7513792
2016/05/13 15:17:34.396	 85 170 245 30 150 0 170 85,	5368160
2016/05/13 15:17:34.399	 85 170 248 89 116 0 170 85,	8755008
2016/05/13 15:17:34.444	 85 170 255 240 197 0 170 85,	16714832
2016/05/13 15:17:34.491	 85 170 8 107 217 0 170 85,	8830352
2016/05/13 15:17:34.507	 85 170 14 45 125 0 170 85,	14866384
2016/05/13 15:17:34.537	 85 170 14 216 135 0 170 85,	15566960
2016/05/13 15:17:34.585	 85 170 10 68 4 0 170 85,	10764352
2016/05/13 15:17:34.599	 85 170 2 88 90 0 170 85,	2459040
2016/05/13 15:17:34.632	 85 170 250 125 193 0 170 85,	11000848
2016/05/13 15:17:34.677	 85 170 245 199 34 0 170 85,	6058528
2016/05/13 15:17:34.725	 85 170 246 41 2 0 170 85,	6459424
2016/05/13 15:17:34.732	 85 170 255 34 224 0 170 85,	15871488
2016/05/13 15:17:34.772	 85 170 248 45 109 0 170 85,	8574672
2016/05/13 15:17:34.782	 85 170 245 97 205 0 170 85,	5643472
2016/05/13 15:17:34.819	 85 170 247 204 104 0 170 85,	8177280
2016/05/13 15:17:34.866	 85 170 254 160 181 0 170 85,	15338320
2016/05/13 15:17:34.911	 85 170 6 237 11 0 170 85,	7262384
2016/05/13 15:17:34.920	 85 170 13 72 235 0 170 85,	13930160
2016/05/13 15:17:34.959	 85 170 14 215 219 0 170 85,	15564208
2016/05/13 15:17:35.006	 85 170 11 11 78 0 170 85,	11580640
2016/05/13 15:17:35.015	 85 170 3 166 97 0 170 85,	3827216
2016/05/13 15:17:35.052	 85 170 251 185 139 0 170 85,	12294320
2016/05/13 15:17:35.099	 85 170 246 203 3 0 170 85,	7122992
2016/05/13 15:17:35.105	 85 170 246 40 112 0 170 85,	6457088
2016/05/13 15:17:35.147	 85 170 0 181 146 0 170 85,	743712
2016/05/13 15:17:35.194	 85 170 249 111 239 0 170 85,	9895664
2016/05/13 15:17:35.196	 85 170 245 197 95 0 170 85,	6051312
2016/05/13 15:17:35.240	 85 170 247 40 218 0 170 85,	7507360
2016/05/13 15:17:35.288	 85 170 253 119 95 0 170 85,	14120432
2016/05/13 15:17:35.332	 85 170 5 181 71 0 170 85,	5985392
2016/05/13 15:17:35.335	 85 170 12 137 211 0 170 85,	13147440
2016/05/13 15:17:35.382	 85 170 14 228 239 0 170 85,	15617776
2016/05/13 15:17:35.430	 85 170 11 175 173 0 170 85,	12253904
2016/05/13 15:17:35.435	 85 170 4 173 142 0 170 85,	4905184
2016/05/13 15:17:35.475	 85 170 252 124 116 0 170 85,	13092672
2016/05/13 15:17:35.484	 85 170 246 157 107 0 170 85,	6936240
2016/05/13 15:17:35.520	 85 170 245 98 210 0 170 85,	5647648
2016/05/13 15:17:35.568	 85 170 1 44 69 0 170 85,	1229904
2016/05/13 15:17:35.614	 85 170 249 123 8 0 170 85,	9941120
2016/05/13 15:17:35.619	 85 170 245 128 96 0 170 85,	5768704
2016/05/13 15:17:35.662	 85 170 246 180 163 0 170 85,	7031344
2016/05/13 15:17:35.710	 85 170 253 49 116 0 170 85,	13834048
2016/05/13 15:17:35.718	 85 170 4 223 226 0 170 85,	5111328
2016/05/13 15:17:35.756	 85 170 11 255 53 0 170 85,	12579664
2016/05/13 15:17:35.804	 85 170 14 198 44 0 170 85,	15491776
2016/05/13 15:17:35.822	 85 170 12 66 233 0 170 85,	12856976
2016/05/13 15:17:35.848	 85 170 5 116 105 0 170 85,	5719696
2016/05/13 15:17:35.896	 85 170 253 33 98 0 170 85,	13768224
2016/05/13 15:17:35.904	 85 170 246 206 23 0 170 85,	7135600
2016/05/13 15:17:35.943	 85 170 245 91 50 0 170 85,	5616416
2016/05/13 15:17:35.991	 85 170 2 104 69 0 170 85,	2524240
2016/05/13 15:17:35.995	 85 170 250 243 50 0 170 85,	11481888
2016/05/13 15:17:36.037	 85 170 246 21 208 0 170 85,	6380800
2016/05/13 15:17:36.085	 85 170 246 39 82 0 170 85,	6452512
2016/05/13 15:17:36.102	 85 170 251 50 153 0 170 85,	11741584
2016/05/13 15:17:36.131	 85 170 3 98 254 0 170 85,	3551200
2016/05/13 15:17:36.177	 85 170 11 25 202 0 170 85,	11639968
2016/05/13 15:17:36.224	 85 170 14 230 81 0 170 85,	15623440
2016/05/13 15:17:36.228	 85 170 13 43 154 0 170 85,	13810080
2016/05/13 15:17:36.271	 85 170 6 185 67 0 170 85,	7050288
2016/05/13 15:17:36.318	 85 170 254 95 255 0 170 85,	15073264
2016/05/13 15:17:36.326	 85 170 247 167 135 0 170 85,	8026224
2016/05/13 15:17:36.364	 85 170 245 66 149 0 170 85,	5515600
2016/05/13 15:17:36.411	 85 170 3 115 216 0 170 85,	3620224
2016/05/13 15:17:36.415	 85 170 251 69 253 0 170 85,	11821008
2016/05/13 15:17:36.458	 85 170 246 21 97 0 170 85,	6379024
2016/05/13 15:17:36.507	 85 170 245 214 188 0 170 85,	6122432
2016/05/13 15:17:36.512	 85 170 250 178 33 0 170 85,	11215376
2016/05/13 15:17:36.552	 85 170 2 193 232 0 170 85,	2891392
2016/05/13 15:17:36.599	 85 170 10 94 159 0 170 85,	10873328
2016/05/13 15:17:36.605	 85 170 14 164 99 0 170 85,	15353392
2016/05/13 15:17:36.645	 85 170 13 183 76 0 170 85,	14382272
2016/05/13 15:17:36.693	 85 170 7 192 55 0 170 85,	8127344
2016/05/13 15:17:36.701	 85 170 255 103 157 0 170 85,	16153040
2016/05/13 15:17:36.741	 85 170 248 71 188 0 170 85,	8682432
2016/05/13 15:17:36.788	 85 170 245 62 140 0 170 85,	5499072
2016/05/13 15:17:36.801	 85 170 4 129 79 0 170 85,	4723952
2016/05/13 15:17:36.834	 85 170 252 43 73 0 170 85,	12760208
2016/05/13 15:17:36.881	 85 170 246 117 185 0 170 85,	6773648
2016/05/13 15:17:36.927	 85 170 245 120 196 0 170 85,	5737536
2016/05/13 15:17:36.935	 85 170 249 221 227 0 170 85,	10346032
2016/05/13 15:17:36.974	 85 170 1 164 13 0 170 85,	1720528
2016/05/13 15:17:37.021	 85 170 9 192 100 0 170 85,	10225216
2016/05/13 15:17:37.028	 85 170 14 177 157 0 170 85,	15407568
2016/05/13 15:17:37.068	 85 170 14 80 189 0 170 85,	15010768
2016/05/13 15:17:37.117	 85 170 8 192 192 0 170 85,	9178112
2016/05/13 15:17:37.124	 85 170 0 125 136 0 170 85,	514176
2016/05/13 15:17:37.162	 85 170 249 36 45 0 170 85,	9585360
2016/05/13 15:17:37.210	 85 170 245 138 80 0 170 85,	5809408
2016/05/13 15:17:37.215	 85 170 5 129 204 0 170 85,	5774528
2016/05/13 15:17:37.256	 85 170 253 58 77 0 170 85,	13870288
2016/05/13 15:17:37.303	 85 170 247 21 209 0 170 85,	7429392
2016/05/13 15:17:37.310	 85 170 245 125 141 0 170 85,	5757136
2016/05/13 15:17:37.349	 85 170 249 18 159 0 170 85,	9513456
2016/05/13 15:17:37.396	 85 170 0 138 86 0 170 85,	566624
2016/05/13 15:17:37.444	 85 170 8 175 71 0 170 85,	9106544
2016/05/13 15:17:37.455	 85 170 14 10 93 0 170 85,	14722512
2016/05/13 15:17:37.490	 85 170 14 109 104 0 170 85,	15128192
2016/05/13 15:17:37.539	 85 170 9 149 78 0 170 85,	10048736
2016/05/13 15:17:37.541	 85 170 1 153 0 0 170 85,	1675264
2016/05/13 15:17:37.585	 85 170 249 238 191 0 170 85,	10415088
2016/05/13 15:17:37.596	 85 170 245 155 105 0 170 85,	5879440
2016/05/13 15:17:37.631	 85 170 6 148 106 0 170 85,	6899360
2016/05/13 15:17:37.678	 85 170 254 53 215 0 170 85,	14900592
2016/05/13 15:17:37.725	 85 170 247 121 172 0 170 85,	7838400
2016/05/13 15:17:37.732	 85 170 245 41 76 0 170 85,	5412032
2016/05/13 15:17:37.773	 85 170 248 102 21 0 170 85,	8806736
2016/05/13 15:17:37.819	 85 170 255 171 148 0 170 85,	16431424
2016/05/13 15:17:37.824	 85 170 8 0 191 0 170 85,	8391664
2016/05/13 15:17:37.865	 85 170 14 81 4 0 170 85,	15011904
2016/05/13 15:17:37.913	 85 170 14 179 216 0 170 85,	15416704
2016/05/13 15:17:37.958	 85 170 10 110 153 0 170 85,	10938768
2016/05/13 15:17:37.964	 85 170 2 160 179 0 170 85,	2755376
2016/05/13 15:17:38.006	 85 170 250 161 11 0 170 85,	11145392
2016/05/13 15:17:38.052	 85 170 245 254 106 0 170 85,	6284960
2016/05/13 15:17:38.098	 85 170 7 143 172 0 170 85,	7928512
2016/05/13 15:17:38.103	 85 170 255 69 192 0 170 85,	16014336
2016/05/13 15:17:38.146	 85 170 248 81 29 0 170 85,	8720848
2016/05/13 15:17:38.194	 85 170 245 107 222 0 170 85,	5684704
2016/05/13 15:17:38.203	 85 170 247 196 188 0 170 85,	8145856
2016/05/13 15:17:38.241	 85 170 254 116 98 0 170 85,	15156768
2016/05/13 15:17:38.287	 85 170 6 187 18 0 170 85,	7057696
2016/05/13 15:17:38.292	 85 170 13 52 140 0 170 85,	13846720
2016/05/13 15:17:38.333	 85 170 15 9 65 0 170 85,	15766544
2016/05/13 15:17:38.381	 85 170 11 49 137 0 170 85,	11737232
2016/05/13 15:17:38.386	 85 170 3 159 67 0 170 85,	3798064
2016/05/13 15:17:38.429	 85 170 251 148 29 0 170 85,	12141008
2016/05/13 15:17:38.474	 85 170 246 81 220 0 170 85,	6626752
2016/05/13 15:17:38.483	 85 170 8 155 255 0 170 85,	9027568
2016/05/13 15:17:38.522	 85 170 0 132 83 0 170 85,	542000
2016/05/13 15:17:38.569	 85 170 249 51 250 0 170 85,	9650080
2016/05/13 15:17:38.572	 85 170 245 161 32 0 170 85,	5902848
2016/05/13 15:17:38.615	 85 170 247 83 120 0 170 85,	7681920
2016/05/13 15:17:38.661	 85 170 253 74 240 0 170 85,	13938432
2016/05/13 15:17:38.664	 85 170 5 91 16 0 170 85,	5615872
2016/05/13 15:17:38.709	 85 170 12 35 173 0 170 85,	12729040
2016/05/13 15:17:38.757	 85 170 14 154 65 0 170 85,	15311888
2016/05/13 15:17:38.770	 85 170 11 210 60 0 170 85,	12395456
2016/05/13 15:17:38.804	 85 170 4 214 232 0 170 85,	5074560
2016/05/13 15:17:38.850	 85 170 252 194 185 0 170 85,	13380496
2016/05/13 15:17:38.896	 85 170 246 252 63 0 170 85,	7324656
2016/05/13 15:17:38.902	 85 170 245 171 31 0 170 85,	5943792
2016/05/13 15:17:38.943	 85 170 1 97 118 0 170 85,	1447776
2016/05/13 15:17:38.990	 85 170 249 173 67 0 170 85,	10146864
2016/05/13 15:17:38.999	 85 170 245 141 225 0 170 85,	5824016
2016/05/13 15:17:39.038	 85 170 246 125 23 0 170 85,	6803824
2016/05/13 15:17:39.085	 85 170 252 119 13 0 170 85,	13070544
2016/05/13 15:17:39.088	 85 170 4 217 149 0 170 85,	5085520
2016/05/13 15:17:39.130	 85 170 12 19 167 0 170 85,	12663408
2016/05/13 15:17:39.178	 85 170 15 19 228 0 170 85,	15810112
2016/05/13 15:17:39.181	 85 170 12 124 157 0 170 85,	13093328
2016/05/13 15:17:39.224	 85 170 5 162 24 0 170 85,	5906816
2016/05/13 15:17:39.271	 85 170 253 52 30 0 170 85,	13844960
2016/05/13 15:17:39.274	 85 170 247 19 14 0 170 85,	7418080
2016/05/13 15:17:39.320	 85 170 245 116 61 0 170 85,	5718992
2016/05/13 15:17:39.365	 85 170 2 98 176 0 170 85,	2501376
2016/05/13 15:17:39.368	 85 170 250 103 203 0 170 85,	10910896
2016/05/13 15:17:39.414	 85 170 245 210 67 0 170 85,	6104112
2016/05/13 15:17:39.458	 85 170 246 45 110 0 170 85,	6477536
2016/05/13 15:17:39.466	 85 170 251 157 91 0 170 85,	12178864
2016/05/13 15:17:39.507	 85 170 3 210 161 0 170 85,	4008464
2016/05/13 15:17:39.551	 85 170 11 94 193 0 170 85,	11922448
2016/05/13 15:17:39.599	 85 170 15 25 119 0 170 85,	15832944
2016/05/13 15:17:39.602	 85 170 13 30 126 0 170 85,	13756384
2016/05/13 15:17:39.646	 85 170 6 157 239 0 170 85,	6938352
2016/05/13 15:17:39.692	 85 170 254 95 13 0 170 85,	15069392
2016/05/13 15:17:39.695	 85 170 247 178 86 0 170 85,	8070496
2016/05/13 15:17:39.741	 85 170 245 90 51 0 170 85,	5612336
2016/05/13 15:17:39.787	 85 170 3 101 49 0 170 85,	3560208
2016/05/13 15:17:39.789	 85 170 251 58 72 0 170 85,	11773056
2016/05/13 15:17:39.833	 85 170 246 40 18 0 170 85,	6455584
2016/05/13 15:17:39.880	 85 170 245 242 228 0 170 85,	6237760
2016/05/13 15:17:39.885	 85 170 250 202 156 0 170 85,	11315648
2016/05/13 15:17:39.927	 85 170 2 214 116 0 170 85,	2975552
2016/05/13 15:17:39.974	 85 170 10 191 213 0 170 85,	11271504
2016/05/13 15:17:39.980	 85 170 14 241 212 0 170 85,	15670592
2016/05/13 15:17:40.020	 85 170 13 163 96 0 170 85,	14300672
2016/05/13 15:17:40.069	 85 170 7 131 96 0 170 85,	7878144
2016/05/13 15:17:40.072	 85 170 255 10 0 0 170 85,	15769600
2016/05/13 15:17:40.115	 85 170 248 9 110 0 170 85,	8427232
2016/05/13 15:17:40.163	 85 170 245 71 175 0 170 85,	5536496
2016/05/13 15:17:40.168	 85 170 4 48 141 0 170 85,	4393168
2016/05/13 15:17:40.208	 85 170 251 227 66 0 170 85,	12465184
2016/05/13 15:17:40.256	 85 170 246 124 73 0 170 85,	6800528
2016/05/13 15:17:40.303	 85 170 245 178 21 0 170 85,	5972304
2016/05/13 15:17:40.311	 85 170 250 36 57 0 170 85,	10634128
2016/05/13 15:17:40.349	 85 170 1 219 69 0 170 85,	1946704
2016/05/13 15:17:40.397	 85 170 9 207 48 0 170 85,	10285824
2016/05/13 15:17:40.401	 85 170 14 101 41 0 170 85,	15094416
2016/05/13 15:17:40.443	 85 170 13 231 111 0 170 85,	14579440
2016/05/13 15:17:40.490	 85 170 8 136 44 0 170 85,	8946368
2016/05/13 15:17:40.493	 85 170 0 125 47 0 170 85,	512752
2016/05/13 15:17:40.538	 85 170 249 38 96 0 170 85,	9594368
2016/05/13 15:17:40.584	 85 170 245 176 131 0 170 85,	5965872
2016/05/13 15:17:40.592	 85 170 5 129 22 0 170 85,	5771616
2016/05/13 15:17:40.631	 85 170 253 98 65 0 170 85,	14033936
2016/05/13 15:17:40.676	 85 170 247 83 152 0 170 85,	7682432
2016/05/13 15:17:40.683	 85 170 245 179 143 0 170 85,	5978352
2016/05/13 15:17:40.725	 85 170 249 39 197 0 170 85,	9600080
2016/05/13 15:17:40.770	 85 170 0 107 205 0 170 85,	441552
2016/05/13 15:17:40.819	 85 170 8 103 211 0 170 85,	8813872
2016/05/13 15:17:40.822	 85 170 13 203 51 0 170 85,	14463792
2016/05/13 15:17:40.865	 85 170 14 31 64 0 170 85,	14808064
2016/05/13 15:17:40.912	 85 170 9 91 17 0 170 85,	9810192
2016/05/13 15:17:40.921	 85 170 1 142 178 0 170 85,	1633056
2016/05/13 15:17:40.959	 85 170 249 250 11 0 170 85,	10461360
2016/05/13 15:17:41.005	 85 170 245 215 80 0 170 85,	6124800
2016/05/13 15:17:41.009	 85 170 6 86 7 0 170 85,	6643824
2016/05/13 15:17:41.053	 85 170 253 227 108 0 170 85,	14563008
2016/05/13 15:17:41.099	 85 170 247 121 1 0 170 85,	7835664
2016/05/13 15:17:41.102	 85 170 245 98 18 0 170 85,	5644576
2016/05/13 15:17:41.146	 85 170 248 155 231 0 170 85,	9027184
2016/05/13 15:17:41.163	 85 170 0 3 69 0 170 85,	13392
2016/05/13 15:17:41.193	 85 170 8 87 76 0 170 85,	8746176
2016/05/13 15:17:41.241	 85 170 14 16 138 0 170 85,	14747808
2016/05/13 15:17:41.275	 85 170 14 146 4 0 170 85,	15278144
2016/05/13 15:17:41.287	 85 170 10 3 53 0 170 85,	10498896
2016/05/13 15:17:41.334	 85 170 2 68 234 0 170 85,	2379424
2016/05/13 15:17:41.381	 85 170 250 153 231 0 170 85,	11116144
2016/05/13 15:17:41.386	 85 170 246 24 5 0 170 85,	6389840
2016/05/13 15:17:41.428	 85 170 7 40 185 0 170 85,	7506832
2016/05/13 15:17:41.475	 85 170 254 251 38 0 170 85,	15708768
2016/05/13 15:17:41.484	 85 170 248 71 117 0 170 85,	8681296
2016/05/13 15:17:41.520	 85 170 245 175 244 0 170 85,	5963584
2016/05/13 15:17:41.569	 85 170 248 43 134 0 170 85,	8566880
2016/05/13 15:17:41.615	 85 170 254 224 235 0 170 85,	15601328
2016/05/13 15:17:41.626	 85 170 6 237 178 0 170 85,	7265056
2016/05/13 15:17:41.661	 85 170 13 35 202 0 170 85,	13778080
2016/05/13 15:17:41.710	 85 170 14 135 89 0 170 85,	15234448
2016/05/13 15:17:41.717	 85 170 10 193 122 0 170 85,	11278240
2016/05/13 15:17:41.756	 85 170 3 140 83 0 170 85,	3720496
2016/05/13 15:17:41.766	 85 170 251 92 234 0 170 85,	11914912
2016/05/13 15:17:41.805	 85 170 246 2 39 0 170 85,	6300272
2016/05/13 15:17:41.849	 85 170 8 51 42 0 170 85,	8598176
2016/05/13 15:17:41.897	 85 170 0 1 41 0 170 85,	4752
2016/05/13 15:17:41.905	 85 170 248 177 182 0 170 85,	9116512
2016/05/13 15:17:41.942	 85 170 245 128 252 0 170 85,	5771200
2016/05/13 15:17:41.990	 85 170 247 98 131 0 170 85,	7743536
2016/05/13 15:17:41.997	 85 170 253 198 11 0 170 85,	14442672
2016/05/13 15:17:42.038	 85 170 6 28 34 0 170 85,	6406688
2016/05/13 15:17:42.083	 85 170 12 156 35 0 170 85,	13222448
2016/05/13 15:17:42.090	 85 170 14 195 102 0 170 85,	15480416
2016/05/13 15:17:42.131	 85 170 11 161 36 0 170 85,	12194368
2016/05/13 15:17:42.177	 85 170 4 120 1 0 170 85,	4685840
2016/05/13 15:17:42.183	 85 170 252 233 255 0 170 85,	13541360
2016/05/13 15:17:42.224	 85 170 246 232 27 0 170 85,	7242160
2016/05/13 15:17:42.272	 85 170 9 231 31 0 170 85,	10383856
2016/05/13 15:17:42.317	 85 170 1 216 155 0 170 85,	1935792
2016/05/13 15:17:42.321	 85 170 250 17 241 0 170 85,	10559248
2016/05/13 15:17:42.365	 85 170 245 177 149 0 170 85,	5970256
2016/05/13 15:17:42.412	 85 170 246 103 4 0 170 85,	6713408
2016/05/13 15:17:42.415	 85 170 252 18 232 0 170 85,	12660352
2016/05/13 15:17:42.457	 85 170 4 86 135 0 170 85,	4548720
2016/05/13 15:17:42.504	 85 170 11 123 220 0 170 85,	12041664
2016/05/13 15:17:42.506	 85 170 14 158 246 0 170 85,	15331168
2016/05/13 15:17:42.553	 85 170 12 141 159 0 170 85,	13162992
2016/05/13 15:17:42.599	 85 170 6 73 133 0 170 85,	6592592
2016/05/13 15:17:42.603	 85 170 254 48 27 0 170 85,	14877104
2016/05/13 15:17:42.648	 85 170 247 201 242 0 170 85,	8167200
2016/05/13 15:17:42.693	 85 170 10 133 226 0 170 85,	11034144
2016/05/13 15:17:42.696	 85 170 3 20 108 0 170 85,	3229376
2016/05/13 15:17:42.740	 85 170 251 46 90 0 170 85,	11724192
2016/05/13 15:17:42.786	 85 170 246 77 1 0 170 85,	6606864
2016/05/13 15:17:42.791	 85 170 246 17 169 0 170 85,	6363792
2016/05/13 15:17:42.834	 85 170 250 255 71 0 170 85,	11531376
2016/05/13 15:17:42.880	 85 170 3 75 150 0 170 85,	3455328
2016/05/13 15:17:42.885	 85 170 11 67 133 0 170 85,	11810896
2016/05/13 15:17:42.927	 85 170 15 115 193 0 170 85,	16202768
2016/05/13 15:17:42.974	 85 170 14 4 176 0 170 85,	14699264
2016/05/13 15:17:42.981	 85 170 7 137 145 0 170 85,	7903504
2016/05/13 15:17:43.023	 85 170 254 206 154 0 170 85,	15526304
2016/05/13 15:17:43.069	 85 170 247 140 210 0 170 85,	7916832
2016/05/13 15:17:43.115	 85 170 12 28 84 0 170 85,	12698944
2016/05/13 15:17:43.120	 85 170 4 60 182 0 170 85,	4442976
2016/05/13 15:17:43.164	 85 170 251 124 26 0 170 85,	12042656
2016/05/13 15:17:43.209	 85 170 245 160 21 0 170 85,	5898576
2016/05/13 15:17:43.257	 85 170 244 181 198 0 170 85,	4938848
2016/05/13 15:17:43.259	 85 170 249 123 255 0 170 85,	9945072
2016/05/13 15:17:43.302	 85 170 1 219 226 0 170 85,	1949216
2016/05/13 15:17:43.350	 85 170 10 128 216 0 170 85,	11013504
2016/05/13 15:17:43.354	 85 170 15 153 230 0 170 85,	16359008
2016/05/13 15:17:43.396	 85 170 14 193 202 0 170 85,	15473824
2016/05/13 15:17:43.443	 85 170 8 202 104 0 170 85,	9217664
2016/05/13 15:17:43.448	 85 170 255 229 23 0 170 85,	16666992
2016/05/13 15:17:43.490	 85 170 248 4 126 0 170 85,	8407008
2016/05/13 15:17:43.537	 85 170 244 82 153 0 170 85,	4532624
2016/05/13 15:17:43.541	 85 170 5 78 198 0 170 85,	5565536
2016/05/13 15:17:43.585	 85 170 252 99 111 0 170 85,	12990192
2016/05/13 15:17:43.632	 85 170 245 244 151 0 170 85,	6244720
2016/05/13 15:17:43.637	 85 170 244 107 31 0 170 85,	4633072
2016/05/13 15:17:43.678	 85 170 248 183 117 0 170 85,	9140048
2016/05/13 15:17:43.724	 85 170 0 242 58 0 170 85,	992160
2016/05/13 15:17:43.733	 85 170 9 191 55 0 170 85,	10220400
2016/05/13 15:17:43.772	 85 170 15 95 81 0 170 85,	16119056
2016/05/13 15:17:43.818	 85 170 15 38 100 0 170 85,	15885888
2016/05/13 15:17:43.865	 85 170 9 130 110 0 170 85,	9971424
2016/05/13 15:17:43.872	 85 170 0 176 112 0 170 85,	722688
2016/05/13 15:17:43.912	 85 170 248 166 167 0 170 85,	9071216
2016/05/13 15:17:43.958	 85 170 244 112 79 0 170 85,	4654320
2016/05/13 15:17:43.965	 85 170 6 32 4 0 170 85,	6422592
2016/05/13 15:17:44.007	 85 170 253 37 24 0 170 85,	13783424
2016/05/13 15:17:44.022	 85 170 246 90 183 0 170 85,	6663024
2016/05/13 15:17:44.053	 85 170 244 94 204 0 170 85,	4582592
2016/05/13 15:17:44.099	 85 170 248 45 140 0 170 85,	8575168
2016/05/13 15:17:44.147	 85 170 0 64 159 0 170 85,	264688
2016/05/13 15:17:44.153	 85 170 9 63 167 0 170 85,	9697904
2016/05/13 15:17:44.193	 85 170 15 18 10 0 170 85,	15802528
2016/05/13 15:17:44.239	 85 170 15 114 97 0 170 85,	16197136
2016/05/13 15:17:44.243	 85 170 10 20 47 0 170 85,	10568432
2016/05/13 15:17:44.286	 85 170 1 91 230 0 170 85,	1424992
2016/05/13 15:17:44.334	 85 170 249 9 79 0 170 85,	9475312
2016/05/13 15:17:44.337	 85 170 244 151 73 0 170 85,	4813968
2016/05/13 15:17:44.381	 85 170 6 193 97 0 170 85,	7083536
2016/05/13 15:17:44.428	 85 170 253 193 79 0 170 85,	14423280
2016/05/13 15:17:44.436	 85 170 246 173 128 0 170 85,	7002112
2016/05/13 15:17:44.474	 85 170 244 87 44 0 170 85,	4551360
2016/05/13 15:17:44.522	 85 170 247 175 146 0 170 85,	8059168
2016/05/13 15:17:44.570	 85 170 255 134 214 0 170 85,	16280928
2016/05/13 15:17:44.576	 85 170 8 127 180 0 170 85,	8911680
2016/05/13 15:17:44.615	 85 170 14 198 201 0 170 85,	15494288
2016/05/13 15:17:44.663	 85 170 15 168 203 0 170 85,	16420016
2016/05/13 15:17:44.673	 85 170 10 175 226 0 170 85,	11206176
2016/05/13 15:17:44.709	 85 170 2 43 205 0 170 85,	2276560
2016/05/13 15:17:44.756	 85 170 249 188 164 0 170 85,	10209856
2016/05/13 15:17:44.762	 85 170 244 186 12 0 170 85,	4956352
2016/05/13 15:17:44.802	 85 170 7 133 96 0 170 85,	7886336
2016/05/13 15:17:44.848	 85 170 254 119 38 0 170 85,	15168096
2016/05/13 15:17:44.895	 85 170 247 26 106 0 170 85,	7448224
2016/05/13 15:17:44.896	 85 170 244 84 219 0 170 85,	4541872
2016/05/13 15:17:44.944	 85 170 247 79 38 0 170 85,	7664224
2016/05/13 15:17:44.992	 85 170 254 203 157 0 170 85,	15514064
2016/05/13 15:17:45.008	 85 170 7 227 54 0 170 85,	8270688
2016/05/13 15:17:45.038	 85 170 14 119 133 0 170 85,	15169616
2016/05/13 15:17:45.084	 85 170 15 180 22 0 170 85,	16466272
2016/05/13 15:17:45.090	 85 170 11 46 71 0 170 85,	11723888
2016/05/13 15:17:45.130	 85 170 2 199 227 0 170 85,	2915888
2016/05/13 15:17:45.179	 85 170 250 56 255 0 170 85,	10719216
2016/05/13 15:17:45.188	 85 170 244 247 160 0 170 85,	5208576
2016/05/13 15:17:45.225	 85 170 8 2 99 0 170 85,	8398384
2016/05/13 15:17:45.273	 85 170 255 12 71 0 170 85,	15778928
2016/05/13 15:17:45.285	 85 170 247 117 83 0 170 85,	7820592
2016/05/13 15:17:45.319	 85 170 244 68 17 0 170 85,	4473104
2016/05/13 15:17:45.364	 85 170 246 247 182 0 170 85,	7306080
2016/05/13 15:17:45.367	 85 170 254 80 162 0 170 85,	15010336
2016/05/13 15:17:45.412	 85 170 7 101 89 0 170 85,	7755152
2016/05/13 15:17:45.459	 85 170 14 56 201 0 170 85,	14912656
2016/05/13 15:17:45.461	 85 170 15 204 249 0 170 85,	16568208
2016/05/13 15:17:45.506	 85 170 11 123 141 0 170 85,	12040400
2016/05/13 15:17:45.552	 85 170 3 74 252 0 170 85,	3452864
2016/05/13 15:17:45.599	 85 170 250 168 253 0 170 85,	11177936
2016/05/13 15:17:45.602	 85 170 245 48 206 0 170 85,	5442784
2016/05/13 15:17:45.646	 85 170 8 141 25 0 170 85,	8966544
2016/05/13 15:17:45.694	 85 170 255 165 18 0 170 85,	16404768
2016/05/13 15:17:45.700	 85 170 247 217 32 0 170 85,	8229376
2016/05/13 15:17:45.740	 85 170 244 104 225 0 170 85,	4623888
2016/05/13 15:17:45.787	 85 170 246 169 45 0 170 85,	6984400
2016/05/13 15:17:45.791	 85 170 253 189 52 0 170 85,	14406464
2016/05/13 15:17:45.833	 85 170 6 206 97 0 170 85,	7136784
2016/05/13 15:17:45.880	 85 170 13 242 5 0 170 85,	14622800
2016/05/13 15:17:45.889	 85 170 15 238 58 0 170 85,	16704416
2016/05/13 15:17:45.927	 85 170 12 32 228 0 170 85,	12717632
2016/05/13 15:17:45.975	 85 170 4 1 16 0 170 85,	4198656
2016/05/13 15:17:45.983	 85 170 251 63 26 0 170 85,	11792800
2016/05/13 15:17:46.022	 85 170 245 106 121 0 170 85,	5678992
2016/05/13 15:17:46.069	 85 170 9 15 98 0 170 85,	9500192
2016/05/13 15:17:46.072	 85 170 0 41 210 0 170 85,	171296
2016/05/13 15:17:46.114	 85 170 248 59 6 0 170 85,	8630368
2016/05/13 15:17:46.163	 85 170 244 80 4 0 170 85,	4522048
2016/05/13 15:17:46.168	 85 170 246 78 255 0 170 85,	6615024
2016/05/13 15:17:46.209	 85 170 253 88 154 0 170 85,	13994400
2016/05/13 15:17:46.256	 85 170 6 115 126 0 170 85,	6764512
2016/05/13 15:17:46.303	 85 170 13 217 180 0 170 85,	14523200
2016/05/13 15:17:46.312	 85 170 16 29 84 0 170 85,	120128
2016/05/13 15:17:46.349	 85 170 12 18 123 0 170 85,	12658608
2016/05/13 15:17:46.396	 85 170 3 244 214 0 170 85,	4148576
2016/05/13 15:17:46.400	 85 170 251 51 54 0 170 85,	11744096
2016/05/13 15:17:46.443	 85 170 245 79 225 0 170 85,	5570064
2016/05/13 15:17:46.490	 85 170 8 238 30 0 170 85,	9363936
2016/05/13 15:17:46.494	 85 170 0 44 46 0 170 85,	180960
2016/05/13 15:17:46.539	 85 170 248 37 67 0 170 85,	8541232
2016/05/13 15:17:46.584	 85 170 244 94 32 0 170 85,	4579840
2016/05/13 15:17:46.595	 85 170 246 68 238 0 170 85,	6573792
2016/05/13 15:17:46.632	 85 170 253 72 254 0 170 85,	13930464
2016/05/13 15:17:46.679	 85 170 6 87 68 0 170 85,	6648896
2016/05/13 15:17:46.685	 85 170 13 186 23 0 170 85,	14393712
2016/05/13 15:17:46.781	 85 170 15 254 214 0 170 85,	16772448
2016/05/13 15:17:46.784	 85 170 12 79 172 0 170 85,	12909248
2016/05/13 15:17:46.787	 85 170 4 119 242 0 170 85,	4685600
2016/05/13 15:17:46.818	 85 170 251 161 159 0 170 85,	12196336
2016/05/13 15:17:46.866	 85 170 245 138 205 0 170 85,	5811408
2016/05/13 15:17:46.873	 85 170 9 100 195 0 170 85,	9849904
2016/05/13 15:17:46.913	 85 170 0 125 168 0 170 85,	514688
2016/05/13 15:17:46.959	 85 170 248 107 105 0 170 85,	8828560
2016/05/13 15:17:47.005	 85 170 244 126 114 0 170 85,	4712224
2016/05/13 15:17:47.013	 85 170 246 11 147 0 170 85,	6338864
2016/05/13 15:17:47.053	 85 170 252 216 69 0 170 85,	13468752
2016/05/13 15:17:47.099	 85 170 5 248 244 0 170 85,	6262592
2016/05/13 15:17:47.106	 85 170 13 126 122 0 170 85,	14149536
2016/05/13 15:17:47.146	 85 170 16 9 152 0 170 85,	39296
2016/05/13 15:17:47.192	 85 170 12 146 190 0 170 85,	13183968
2016/05/13 15:17:47.196	 85 170 4 169 133 0 170 85,	4888656
2016/05/13 15:17:47.240	 85 170 251 197 55 0 170 85,	12342128
2016/05/13 15:17:47.289	 85 170 245 159 249 0 170 85,	5898128
2016/05/13 15:17:47.305	 85 170 9 142 173 0 170 85,	10021584
2016/05/13 15:17:47.335	 85 170 0 193 23 0 170 85,	790896
2016/05/13 15:17:47.381	 85 170 248 162 228 0 170 85,	9055808
2016/05/13 15:17:47.388	 85 170 244 132 96 0 170 85,	4736512
2016/05/13 15:17:47.427	 85 170 246 5 140 0 170 85,	6314176
2016/05/13 15:17:47.474	 85 170 252 183 93 0 170 85,	13333968
2016/05/13 15:17:47.479	 85 170 5 201 159 0 170 85,	6068720
2016/05/13 15:17:47.522	 85 170 13 94 232 0 170 85,	14020224
2016/05/13 15:17:47.568	 85 170 15 234 239 0 170 85,	16690928
2016/05/13 15:17:47.615	 85 170 12 167 150 0 170 85,	13269344
2016/05/13 15:17:47.619	 85 170 4 219 41 0 170 85,	5091984
2016/05/13 15:17:47.662	 85 170 251 253 165 0 170 85,	12573264
2016/05/13 15:17:47.711	 85 170 245 185 34 0 170 85,	6001184
2016/05/13 15:17:47.717	 85 170 9 193 61 0 170 85,	10228688
2016/05/13 15:17:47.756	 85 170 1 2 99 0 170 85,	1058352
2016/05/13 15:17:47.803	 85 170 248 237 38 0 170 85,	9359968
2016/05/13 15:17:47.812	 85 170 244 153 148 0 170 85,	4823360
2016/05/13 15:17:47.849	 85 170 245 209 80 0 170 85,	6100224
2016/05/13 15:17:47.899	 85 170 252 109 88 0 170 85,	13030784
2016/05/13 15:17:47.905	 85 170 5 104 83 0 170 85,	5670192
2016/05/13 15:17:47.943	 85 170 13 26 200 0 170 85,	13741184
2016/05/13 15:17:47.989	 85 170 16 2 153 0 170 85,	10640
2016/05/13 15:17:48.037	 85 170 12 230 144 0 170 85,	13527296
2016/05/13 15:17:48.040	 85 170 5 33 147 0 170 85,	5380400
2016/05/13 15:17:48.085	 85 170 252 73 23 0 170 85,	12882288
2016/05/13 15:17:48.107	 85 170 245 230 86 0 170 85,	6186336
2016/05/13 15:17:48.131	 85 170 244 132 202 0 170 85,	4738208
2016/05/13 15:17:48.178	 85 170 1 114 102 0 170 85,	1517152
2016/05/13 15:17:48.189	 85 170 249 16 220 0 170 85,	9506240
2016/05/13 15:17:48.252	 85 170 244 144 80 0 170 85,	4785408
2016/05/13 15:17:48.255	 85 170 245 179 47 0 170 85,	5976816
2016/05/13 15:17:48.318	 85 170 252 14 127 0 170 85,	12642288
2016/05/13 15:17:48.327	 85 170 5 45 127 0 170 85,	5429232
2016/05/13 15:17:48.413	 85 170 12 231 204 0 170 85,	13532352
2016/05/13 15:17:48.415	 85 170 15 244 79 0 170 85,	16729328
2016/05/13 15:17:48.417	 85 170 13 8 170 0 170 85,	13666976
2016/05/13 15:17:48.458	 85 170 5 113 176 0 170 85,	5708544
2016/05/13 15:17:48.507	 85 170 252 146 33 0 170 85,	13181456
2016/05/13 15:17:48.516	 85 170 245 251 4 0 170 85,	6271040
2016/05/13 15:17:48.553	 85 170 244 141 93 0 170 85,	4773328
2016/05/13 15:17:48.599	 85 170 1 155 12 0 170 85,	1683648
2016/05/13 15:17:48.607	 85 170 249 57 41 0 170 85,	9671312
2016/05/13 15:17:48.646	 85 170 244 152 16 0 170 85,	4817152
2016/05/13 15:17:48.694	 85 170 245 183 175 0 170 85,	5995248
2016/05/13 15:17:48.739	 85 170 251 255 78 0 170 85,	12580064
2016/05/13 15:17:48.744	 85 170 5 21 135 0 170 85,	5331056
2016/05/13 15:17:48.789	 85 170 12 254 42 0 170 85,	13623968
2016/05/13 15:17:48.834	 85 170 16 13 125 0 170 85,	55248
2016/05/13 15:17:48.842	 85 170 13 36 130 0 170 85,	13781024
2016/05/13 15:17:48.881	 85 170 5 132 188 0 170 85,	5786560
2016/05/13 15:17:48.930	 85 170 252 128 141 0 170 85,	13109456
2016/05/13 15:17:48.934	 85 170 245 247 245 0 170 85,	6258512
2016/05/13 15:17:48.975	 85 170 244 126 228 0 170 85,	4714048
2016/05/13 15:17:49.023	 85 170 1 169 14 0 170 85,	1741024
2016/05/13 15:17:49.032	 85 170 249 65 148 0 170 85,	9705792
2016/05/13 15:17:49.068	 85 170 244 185 196 0 170 85,	4955200
2016/05/13 15:17:49.116	 85 170 245 168 79 0 170 85,	5932272
2016/05/13 15:17:49.121	 85 170 251 253 148 0 170 85,	12572992
2016/05/13 15:17:49.164	 85 170 5 4 52 0 170 85,	5260096
2016/05/13 15:17:49.209	 85 170 12 219 63 0 170 85,	13480944
2016/05/13 15:17:49.214	 85 170 16 16 201 0 170 85,	68752
2016/05/13 15:17:49.257	 85 170 13 49 27 0 170 85,	13832624
2016/05/13 15:17:49.303	 85 170 5 172 27 0 170 85,	5947824
2016/05/13 15:17:49.309	 85 170 252 156 15 0 170 85,	13222128
2016/05/13 15:17:49.350	 85 170 246 4 95 0 170 85,	6309360
2016/05/13 15:17:49.396	 85 170 244 113 53 0 170 85,	4658000
2016/05/13 15:17:49.406	 85 170 1 168 219 0 170 85,	1740208
2016/05/13 15:17:49.444	 85 170 249 79 67 0 170 85,	9761840
2016/05/13 15:17:49.491	 85 170 244 175 191 0 170 85,	4914160
2016/05/13 15:17:49.536	 85 170 245 169 54 0 170 85,	5935968
2016/05/13 15:17:49.540	 85 170 251 255 97 0 170 85,	12580368
2016/05/13 15:17:49.584	 85 170 4 244 241 0 170 85,	5197584
2016/05/13 15:17:49.839	 85 170 12 224 110 0 170 85,	13502176
2016/05/13 15:17:49.841	 85 170 15 251 9 0 170 85,	16756880
2016/05/13 15:17:49.843	 85 170 13 54 183 0 170 85,	13855600
2016/05/13 15:17:49.845	 85 170 5 152 170 0 170 85,	5868192
2016/05/13 15:17:49.847	 85 170 252 167 127 0 170 85,	13268976
2016/05/13 15:17:49.848	 85 170 246 24 254 0 170 85,	6393824
2016/05/13 15:17:49.850	 85 170 244 126 124 0 170 85,	4712384
2016/05/13 15:17:49.852	 85 170 1 207 219 0 170 85,	1899952
2016/05/13 15:17:49.856	 85 170 249 99 184 0 170 85,	9845632
2016/05/13 15:17:49.913	 85 170 244 185 142 0 170 85,	4954336
2016/05/13 15:17:49.920	 85 170 245 137 205 0 170 85,	5807312
2016/05/13 15:17:49.959	 85 170 251 189 162 0 170 85,	12311072
2016/05/13 15:17:50.006	 85 170 4 205 176 0 170 85,	5036800
2016/05/13 15:17:50.013	 85 170 12 187 140 0 170 85,	13351104
2016/05/13 15:17:50.052	 85 170 15 254 154 0 170 85,	16771488
2016/05/13 15:17:50.098	 85 170 13 70 162 0 170 85,	13920800
2016/05/13 15:17:50.107	 85 170 5 200 142 0 170 85,	6064352
2016/05/13 15:17:50.146	 85 170 252 200 89 0 170 85,	13403536
2016/05/13 15:17:50.193	 85 170 246 24 128 0 170 85,	6391808
2016/05/13 15:17:50.242	 85 170 244 122 185 0 170 85,	4696976
2016/05/13 15:17:50.249	 85 170 248 137 53 0 170 85,	8950608
2016/05/13 15:17:50.287	 85 170 249 152 130 0 170 85,	10061856
2016/05/13 15:17:50.334	 85 170 244 202 9 0 170 85,	5021840
2016/05/13 15:17:50.342	 85 170 245 154 182 0 170 85,	5876576
2016/05/13 15:17:50.381	 85 170 251 152 109 0 170 85,	12158672
2016/05/13 15:17:50.426	 85 170 4 187 121 0 170 85,	4962192
2016/05/13 15:17:50.433	 85 170 12 183 235 0 170 85,	13336240
2016/05/13 15:17:50.474	 85 170 16 10 100 0 170 85,	42560
2016/05/13 15:17:50.521	 85 170 13 97 124 0 170 85,	14030784
2016/05/13 15:17:50.527	 85 170 5 207 213 0 170 85,	6094160
2016/05/13 15:17:50.569	 85 170 252 192 103 0 170 85,	13370992
2016/05/13 15:17:50.616	 85 170 246 25 158 0 170 85,	6396384
2016/05/13 15:17:50.618	 85 170 244 113 4 0 170 85,	4657216
2016/05/13 15:17:50.662	 85 170 248 176 149 0 170 85,	9111888
2016/05/13 15:17:50.709	 85 170 249 97 89 0 170 85,	9835920
2016/05/13 15:17:50.756	 85 170 244 178 109 0 170 85,	4925136
2016/05/13 15:17:50.759	 85 170 245 170 24 0 170 85,	5939584
2016/05/13 15:17:50.802	 85 170 251 221 83 0 170 85,	12440880
