2016/05/13 15:08:10.802	 85 170 3 147 25 0 170 85,	3748240
2016/05/13 15:08:10.805	 85 170 2 71 217 0 170 85,	2391440
2016/05/13 15:08:10.849	 85 170 1 24 146 0 170 85,	1149216
2016/05/13 15:08:10.897	 85 170 0 134 51 0 170 85,	549680
2016/05/13 15:08:10.899	 85 170 0 177 152 0 170 85,	727424
2016/05/13 15:08:10.944	 85 170 1 169 118 0 170 85,	1742688
2016/05/13 15:08:10.990	 85 170 0 209 51 0 170 85,	856880
2016/05/13 15:08:10.993	 85 170 0 118 81 0 170 85,	484624
2016/05/13 15:08:11.038	 85 170 0 253 44 0 170 85,	1036992
2016/05/13 15:08:11.083	 85 170 2 32 75 0 170 85,	2229424
2016/05/13 15:08:11.131	 85 170 3 108 148 0 170 85,	3590464
2016/05/13 15:08:11.139	 85 170 4 78 204 0 170 85,	4517056
2016/05/13 15:08:11.177	 85 170 4 111 136 0 170 85,	4651136
2016/05/13 15:08:11.225	 85 170 3 182 254 0 170 85,	3895264
2016/05/13 15:08:11.231	 85 170 2 126 221 0 170 85,	2616784
2016/05/13 15:08:11.274	 85 170 1 66 80 0 170 85,	1320192
2016/05/13 15:08:11.294	 85 170 0 130 151 0 170 85,	534896
2016/05/13 15:08:11.333	 85 170 0 150 138 0 170 85,	616608
2016/05/13 15:08:11.365	 85 170 1 113 79 0 170 85,	1512688
2016/05/13 15:08:11.412	 85 170 0 231 137 0 170 85,	948368
2016/05/13 15:08:11.423	 85 170 0 113 84 0 170 85,	464192
2016/05/13 15:08:11.459	 85 170 0 216 199 0 170 85,	887920
2016/05/13 15:08:11.505	 85 170 1 236 120 0 170 85,	2017152
2016/05/13 15:08:11.509	 85 170 3 67 222 0 170 85,	3423712
2016/05/13 15:08:11.552	 85 170 4 56 13 0 170 85,	4423888
2016/05/13 15:08:11.599	 85 170 4 121 81 0 170 85,	4691216
2016/05/13 15:08:11.607	 85 170 3 221 68 0 170 85,	4052032
2016/05/13 15:08:11.647	 85 170 2 178 16 0 170 85,	2826496
2016/05/13 15:08:11.695	 85 170 1 120 73 0 170 85,	1541264
2016/05/13 15:08:11.705	 85 170 0 153 104 0 170 85,	628352
2016/05/13 15:08:11.741	 85 170 0 146 237 0 170 85,	601808
2016/05/13 15:08:11.786	 85 170 1 78 150 0 170 85,	1370464
2016/05/13 15:08:11.835	 85 170 2 143 124 0 170 85,	2684864
2016/05/13 15:08:11.837	 85 170 0 110 35 0 170 85,	451120
2016/05/13 15:08:11.881	 85 170 0 186 166 0 170 85,	764512
2016/05/13 15:08:11.929	 85 170 1 199 234 0 170 85,	1867424
2016/05/13 15:08:11.945	 85 170 3 18 143 0 170 85,	3221744
2016/05/13 15:08:11.975	 85 170 4 25 65 0 170 85,	4297744
2016/05/13 15:08:12.022	 85 170 4 121 112 0 170 85,	4691712
2016/05/13 15:08:12.025	 85 170 3 246 208 0 170 85,	4156672
2016/05/13 15:08:12.068	 85 170 2 211 129 0 170 85,	2963472
2016/05/13 15:08:12.115	 85 170 1 142 120 0 170 85,	1632128
2016/05/13 15:08:12.119	 85 170 0 166 175 0 170 85,	682736
2016/05/13 15:08:12.163	 85 170 0 115 116 0 170 85,	472896
2016/05/13 15:08:12.209	 85 170 1 32 155 0 170 85,	1182128
2016/05/13 15:08:12.217	 85 170 2 103 177 0 170 85,	2521872
2016/05/13 15:08:12.256	 85 170 0 99 22 0 170 85,	405856
2016/05/13 15:08:12.303	 85 170 0 159 185 0 170 85,	654224
2016/05/13 15:08:12.319	 85 170 1 168 157 0 170 85,	1739216
2016/05/13 15:08:12.349	 85 170 2 255 158 0 170 85,	3144160
2016/05/13 15:08:12.396	 85 170 4 34 164 0 170 85,	4336192
2016/05/13 15:08:12.444	 85 170 4 141 190 0 170 85,	4774880
2016/05/13 15:08:12.446	 85 170 4 27 70 0 170 85,	4306016
2016/05/13 15:08:12.491	 85 170 2 244 181 0 170 85,	3099472
2016/05/13 15:08:12.537	 85 170 1 155 6 0 170 85,	1683552
2016/05/13 15:08:12.546	 85 170 0 147 212 0 170 85,	605504
2016/05/13 15:08:12.586	 85 170 0 96 79 0 170 85,	394480
2016/05/13 15:08:12.631	 85 170 1 11 171 0 170 85,	1096368
2016/05/13 15:08:12.635	 85 170 2 69 172 0 170 85,	2382528
2016/05/13 15:08:12.678	 85 170 0 101 16 0 170 85,	413952
2016/05/13 15:08:12.723	 85 170 0 130 117 0 170 85,	534352
2016/05/13 15:08:12.728	 85 170 1 134 3 0 170 85,	1597488
2016/05/13 15:08:12.772	 85 170 2 217 140 0 170 85,	2988224
2016/05/13 15:08:12.819	 85 170 4 9 63 0 170 85,	4232176
2016/05/13 15:08:12.829	 85 170 4 131 240 0 170 85,	4734720
2016/05/13 15:08:12.864	 85 170 4 33 203 0 170 85,	4332720
2016/05/13 15:08:12.911	 85 170 4 86 37 0 170 85,	4547152
2016/05/13 15:08:12.919	 85 170 4 17 68 0 170 85,	4265024
2016/05/13 15:08:12.959	 85 170 8 51 88 0 170 85,	8598912
2016/05/13 15:08:13.005	 85 170 11 153 211 0 170 85,	12164400
2016/05/13 15:08:13.052	 85 170 247 220 80 0 170 85,	8242432
2016/05/13 15:08:13.056	 85 170 10 19 54 0 170 85,	10564448
2016/05/13 15:08:13.099	 85 170 250 35 144 0 170 85,	10631424
2016/05/13 15:08:13.149	 85 170 2 163 193 0 170 85,	2767888
2016/05/13 15:08:13.157	 85 170 14 149 238 0 170 85,	15294176
2016/05/13 15:08:13.193	 85 170 23 211 37 0 170 85,	8204880
2016/05/13 15:08:13.242	 85 170 248 62 247 0 170 85,	8646512
2016/05/13 15:08:13.256	 85 170 4 131 22 0 170 85,	4731232
2016/05/13 15:08:13.287	 85 170 2 172 252 0 170 85,	2805696
2016/05/13 15:08:13.335	 85 170 251 42 143 0 170 85,	11708656
2016/05/13 15:08:13.346	 85 170 255 121 30 0 170 85,	16224736
2016/05/13 15:08:13.380	 85 170 3 233 13 0 170 85,	4100304
2016/05/13 15:08:13.427	 85 170 6 198 180 0 170 85,	7105344
2016/05/13 15:08:13.440	 85 170 6 168 81 0 170 85,	6980880
2016/05/13 15:08:13.474	 85 170 3 254 88 0 170 85,	4187520
2016/05/13 15:08:13.522	 85 170 253 124 130 0 170 85,	14141472
2016/05/13 15:08:13.525	 85 170 8 250 130 0 170 85,	9414688
2016/05/13 15:08:13.568	 85 170 6 79 44 0 170 85,	6615744
2016/05/13 15:08:13.615	 85 170 2 105 58 0 170 85,	2528160
2016/05/13 15:08:13.661	 85 170 253 22 127 0 170 85,	13723632
2016/05/13 15:08:13.664	 85 170 245 155 0 0 170 85,	5877760
2016/05/13 15:08:13.709	 85 170 250 214 93 0 170 85,	11363792
2016/05/13 15:08:13.756	 85 170 252 233 253 0 170 85,	13541328
2016/05/13 15:08:13.762	 85 170 252 250 138 0 170 85,	13609120
2016/05/13 15:08:13.802	 85 170 0 114 109 0 170 85,	468688
2016/05/13 15:08:13.813	 85 170 251 68 233 0 170 85,	11816592
2016/05/13 15:08:13.849	 85 170 4 39 59 0 170 85,	4354992
2016/05/13 15:08:13.896	 85 170 250 9 152 0 170 85,	10525056
2016/05/13 15:08:13.943	 85 170 252 52 82 0 170 85,	12797216
2016/05/13 15:08:13.947	 85 170 1 152 99 0 170 85,	1672752
2016/05/13 15:08:13.991	 85 170 3 84 243 0 170 85,	3493680
2016/05/13 15:08:14.037	 85 170 6 171 185 0 170 85,	6994832
2016/05/13 15:08:14.044	 85 170 7 121 182 0 170 85,	7838560
2016/05/13 15:08:14.083	 85 170 3 55 26 0 170 85,	3371424
2016/05/13 15:08:14.131	 85 170 2 239 76 0 170 85,	3077312
2016/05/13 15:08:14.177	 85 170 2 41 39 0 170 85,	2265712
2016/05/13 15:08:14.182	 85 170 239 145 38 0 170 85,	16323168
2016/05/13 15:08:14.226	 85 170 2 76 89 0 170 85,	2409872
2016/05/13 15:08:14.245	 85 170 255 111 192 0 170 85,	16186368
2016/05/13 15:08:14.273	 85 170 4 42 170 0 170 85,	4369056
2016/05/13 15:08:14.318	 85 170 1 209 121 0 170 85,	1906576
2016/05/13 15:08:14.365	 85 170 9 163 232 0 170 85,	10108544
2016/05/13 15:08:14.371	 85 170 11 108 16 0 170 85,	11976960
2016/05/13 15:08:14.411	 85 170 9 10 63 0 170 85,	9479152
2016/05/13 15:08:14.459	 85 170 7 153 126 0 170 85,	7968736
2016/05/13 15:08:14.462	 85 170 4 64 70 0 170 85,	4457568
2016/05/13 15:08:14.505	 85 170 4 234 101 0 170 85,	5154384
2016/05/13 15:08:14.554	 85 170 3 132 80 0 170 85,	3687680
2016/05/13 15:08:14.564	 85 170 4 76 26 0 170 85,	4506016
2016/05/13 15:08:14.599	 85 170 4 2 186 0 170 85,	4205472
2016/05/13 15:08:14.648	 85 170 3 254 183 0 170 85,	4189040
2016/05/13 15:08:14.656	 85 170 2 86 31 0 170 85,	2449904
2016/05/13 15:08:14.694	 85 170 253 82 160 0 170 85,	13969920
2016/05/13 15:08:14.740	 85 170 2 99 157 0 170 85,	2505168
2016/05/13 15:08:14.788	 85 170 5 119 190 0 170 85,	5733344
2016/05/13 15:08:14.795	 85 170 4 49 221 0 170 85,	4398544
2016/05/13 15:08:14.834	 85 170 2 206 87 0 170 85,	2942320
2016/05/13 15:08:14.881	 85 170 1 191 221 0 170 85,	1834448
2016/05/13 15:08:14.895	 85 170 1 31 44 0 170 85,	1176256
2016/05/13 15:08:14.927	 85 170 0 172 226 0 170 85,	708128
2016/05/13 15:08:14.974	 85 170 1 51 89 0 170 85,	1258896
2016/05/13 15:08:14.979	 85 170 1 198 118 0 170 85,	1861472
2016/05/13 15:08:15.021	 85 170 2 33 85 0 170 85,	2233680
2016/05/13 15:08:15.069	 85 170 1 247 78 0 170 85,	2061536
2016/05/13 15:08:15.073	 85 170 2 32 219 0 170 85,	2231728
2016/05/13 15:08:15.116	 85 170 2 70 18 0 170 85,	2384160
2016/05/13 15:08:15.161	 85 170 2 45 133 0 170 85,	2283600
2016/05/13 15:08:15.165	 85 170 2 61 47 0 170 85,	2347760
2016/05/13 15:08:15.211	 85 170 2 157 189 0 170 85,	2743248
2016/05/13 15:08:15.255	 85 170 2 168 194 0 170 85,	2788384
2016/05/13 15:08:15.265	 85 170 2 120 179 0 170 85,	2591536
2016/05/13 15:08:15.305	 85 170 2 95 220 0 170 85,	2489792
2016/05/13 15:08:15.327	 85 170 2 127 158 0 170 85,	2619872
2016/05/13 15:08:15.397	 85 170 2 156 1 0 170 85,	2736144
2016/05/13 15:08:15.402	 85 170 2 100 16 0 170 85,	2507008
2016/05/13 15:08:15.442	 85 170 2 63 159 0 170 85,	2357744
2016/05/13 15:08:15.489	 85 170 2 83 233 0 170 85,	2440848
2016/05/13 15:08:15.497	 85 170 2 109 191 0 170 85,	2546672
2016/05/13 15:08:15.537	 85 170 2 93 110 0 170 85,	2479840
2016/05/13 15:08:15.584	 85 170 2 97 81 0 170 85,	2495760
2016/05/13 15:08:15.589	 85 170 2 95 77 0 170 85,	2487504
2016/05/13 15:08:15.632	 85 170 2 89 162 0 170 85,	2464288
2016/05/13 15:08:15.677	 85 170 2 93 157 0 170 85,	2480592
2016/05/13 15:08:15.682	 85 170 2 103 216 0 170 85,	2522496
2016/05/13 15:08:15.725	 85 170 2 100 148 0 170 85,	2509120
2016/05/13 15:08:15.771	 85 170 2 93 14 0 170 85,	2478304
2016/05/13 15:08:15.777	 85 170 2 88 103 0 170 85,	2459248
2016/05/13 15:08:15.818	 85 170 2 86 164 0 170 85,	2452032
2016/05/13 15:08:15.867	 85 170 2 82 203 0 170 85,	2436272
2016/05/13 15:08:15.878	 85 170 2 79 241 0 170 85,	2424592
2016/05/13 15:08:15.911	 85 170 2 83 146 0 170 85,	2439456
2016/05/13 15:08:15.959	 85 170 2 76 151 0 170 85,	2410864
2016/05/13 15:08:15.970	 85 170 2 112 180 0 170 85,	2558784
2016/05/13 15:08:16.005	 85 170 2 117 112 0 170 85,	2578176
2016/05/13 15:08:16.053	 85 170 2 109 19 0 170 85,	2543920
2016/05/13 15:08:16.099	 85 170 2 101 218 0 170 85,	2514336
2016/05/13 15:08:16.104	 85 170 2 104 172 0 170 85,	2525888
2016/05/13 15:08:16.147	 85 170 2 104 75 0 170 85,	2524336
2016/05/13 15:08:16.193	 85 170 2 87 236 0 170 85,	2457280
2016/05/13 15:08:16.202	 85 170 2 90 109 0 170 85,	2467536
2016/05/13 15:08:16.240	 85 170 2 73 161 0 170 85,	2398736
2016/05/13 15:08:16.287	 85 170 2 66 12 0 170 85,	2367680
2016/05/13 15:08:16.293	 85 170 2 65 204 0 170 85,	2366656
2016/05/13 15:08:16.334	 85 170 2 85 250 0 170 85,	2449312
2016/05/13 15:08:16.382	 85 170 2 93 87 0 170 85,	2479472
2016/05/13 15:08:16.392	 85 170 2 94 102 0 170 85,	2483808
2016/05/13 15:08:16.428	 85 170 2 103 50 0 170 85,	2519840
2016/05/13 15:08:16.473	 85 170 2 101 215 0 170 85,	2514288
2016/05/13 15:08:16.477	 85 170 2 90 81 0 170 85,	2467088
2016/05/13 15:08:16.522	 85 170 2 93 128 0 170 85,	2480128
2016/05/13 15:08:16.568	 85 170 2 97 21 0 170 85,	2494800
2016/05/13 15:08:16.571	 85 170 2 85 89 0 170 85,	2446736
2016/05/13 15:08:16.616	 85 170 2 82 197 0 170 85,	2436176
2016/05/13 15:08:16.661	 85 170 2 76 63 0 170 85,	2409456
2016/05/13 15:08:16.708	 85 170 2 79 110 0 170 85,	2422496
2016/05/13 15:08:16.756	 85 170 2 89 39 0 170 85,	2462320
2016/05/13 15:08:16.803	 85 170 2 99 3 0 170 85,	2502704
2016/05/13 15:08:16.816	 85 170 2 109 80 0 170 85,	2544896
2016/05/13 15:08:16.851	 85 170 2 111 65 0 170 85,	2552848
2016/05/13 15:08:16.869	 85 170 2 104 137 0 170 85,	2525328
2016/05/13 15:08:16.897	 85 170 2 101 91 0 170 85,	2512304
2016/05/13 15:08:16.943	 85 170 2 105 250 0 170 85,	2531232
2016/05/13 15:08:16.990	 85 170 2 108 246 0 170 85,	2543456
2016/05/13 15:08:16.997	 85 170 2 95 200 0 170 85,	2489472
2016/05/13 15:08:17.037	 85 170 2 81 217 0 170 85,	2432400
2016/05/13 15:08:17.084	 85 170 2 69 186 0 170 85,	2382752
2016/05/13 15:08:17.091	 85 170 2 65 214 0 170 85,	2366816
2016/05/13 15:08:17.131	 85 170 2 68 192 0 170 85,	2378752
2016/05/13 15:08:17.178	 85 170 2 76 177 0 170 85,	2411280
2016/05/13 15:08:17.186	 85 170 2 96 246 0 170 85,	2494304
2016/05/13 15:08:17.223	 85 170 2 102 58 0 170 85,	2515872
2016/05/13 15:08:17.273	 85 170 2 102 109 0 170 85,	2516688
2016/05/13 15:08:17.285	 85 170 2 101 250 0 170 85,	2514848
2016/05/13 15:08:17.318	 85 170 2 96 45 0 170 85,	2491088
2016/05/13 15:08:17.364	 85 170 2 103 105 0 170 85,	2520720
2016/05/13 15:08:17.369	 85 170 2 115 254 0 170 85,	2572256
2016/05/13 15:08:17.413	 85 170 2 103 154 0 170 85,	2521504
2016/05/13 15:08:17.459	 85 170 2 93 203 0 170 85,	2481328
2016/05/13 15:08:17.467	 85 170 2 78 146 0 170 85,	2418976
2016/05/13 15:08:17.508	 85 170 2 75 126 0 170 85,	2406368
2016/05/13 15:08:17.553	 85 170 2 78 194 0 170 85,	2419744
2016/05/13 15:08:17.599	 85 170 2 87 170 0 170 85,	2456224
2016/05/13 15:08:17.604	 85 170 2 98 207 0 170 85,	2501872
2016/05/13 15:08:17.646	 85 170 2 106 19 0 170 85,	2531632
2016/05/13 15:08:17.693	 85 170 2 114 206 0 170 85,	2567392
2016/05/13 15:08:17.695	 85 170 2 115 135 0 170 85,	2570352
2016/05/13 15:08:17.739	 85 170 2 103 66 0 170 85,	2520096
2016/05/13 15:08:17.787	 85 170 2 114 86 0 170 85,	2565472
2016/05/13 15:08:17.795	 85 170 2 112 31 0 170 85,	2556400
2016/05/13 15:08:17.836	 85 170 2 111 219 0 170 85,	2555312
2016/05/13 15:08:17.855	 85 170 2 104 29 0 170 85,	2523600
2016/05/13 15:08:17.881	 85 170 2 91 153 0 170 85,	2472336
2016/05/13 15:08:17.927	 85 170 2 72 226 0 170 85,	2395680
2016/05/13 15:08:17.975	 85 170 2 91 192 0 170 85,	2472960
2016/05/13 15:08:17.984	 85 170 2 94 239 0 170 85,	2486000
2016/05/13 15:08:18.022	 85 170 2 106 112 0 170 85,	2533120
2016/05/13 15:08:18.069	 85 170 2 112 60 0 170 85,	2556864
2016/05/13 15:08:18.074	 85 170 2 111 84 0 170 85,	2553152
2016/05/13 15:08:18.114	 85 170 2 107 54 0 170 85,	2536288
2016/05/13 15:08:18.164	 85 170 2 99 65 0 170 85,	2503696
2016/05/13 15:08:18.174	 85 170 2 111 23 0 170 85,	2552176
2016/05/13 15:08:18.209	 85 170 2 109 10 0 170 85,	2543776
2016/05/13 15:08:18.256	 85 170 2 103 243 0 170 85,	2522928
2016/05/13 15:08:18.302	 85 170 2 98 34 0 170 85,	2499104
2016/05/13 15:08:18.309	 85 170 2 91 65 0 170 85,	2470928
2016/05/13 15:08:18.349	 85 170 2 81 195 0 170 85,	2432048
2016/05/13 15:08:18.398	 85 170 2 79 124 0 170 85,	2422720
2016/05/13 15:08:18.407	 85 170 2 82 86 0 170 85,	2434400
2016/05/13 15:08:18.443	 85 170 2 97 93 0 170 85,	2495952
2016/05/13 15:08:18.492	 85 170 2 106 98 0 170 85,	2532896
2016/05/13 15:08:18.508	 85 170 2 104 241 0 170 85,	2526992
2016/05/13 15:08:18.539	 85 170 2 100 34 0 170 85,	2507296
2016/05/13 15:08:18.584	 85 170 2 85 158 0 170 85,	2447840
2016/05/13 15:08:18.591	 85 170 2 93 197 0 170 85,	2481232
2016/05/13 15:08:18.631	 85 170 2 96 59 0 170 85,	2491312
2016/05/13 15:08:18.677	 85 170 2 94 166 0 170 85,	2484832
2016/05/13 15:08:18.679	 85 170 2 83 248 0 170 85,	2441088
2016/05/13 15:08:18.724	 85 170 2 78 140 0 170 85,	2418880
2016/05/13 15:08:18.771	 85 170 2 74 133 0 170 85,	2402384
2016/05/13 15:08:18.819	 85 170 2 79 178 0 170 85,	2423584
2016/05/13 15:08:18.832	 85 170 2 84 48 0 170 85,	2441984
2016/05/13 15:08:18.866	 85 170 2 96 26 0 170 85,	2490784
2016/05/13 15:08:18.913	 85 170 2 107 120 0 170 85,	2537344
2016/05/13 15:08:18.919	 85 170 2 106 20 0 170 85,	2531648
2016/05/13 15:08:18.958	 85 170 2 99 175 0 170 85,	2505456
2016/05/13 15:08:19.005	 85 170 2 99 60 0 170 85,	2503616
2016/05/13 15:08:19.053	 85 170 2 71 223 0 170 85,	2391536
2016/05/13 15:08:19.061	 85 170 2 108 93 0 170 85,	2541008
2016/05/13 15:08:19.100	 85 170 2 88 192 0 170 85,	2460672
2016/05/13 15:08:19.147	 85 170 2 55 11 0 170 85,	2322608
2016/05/13 15:08:19.154	 85 170 2 66 52 0 170 85,	2368320
2016/05/13 15:08:19.193	 85 170 2 72 194 0 170 85,	2395168
2016/05/13 15:08:19.239	 85 170 2 76 210 0 170 85,	2411808
2016/05/13 15:08:19.243	 85 170 2 84 121 0 170 85,	2443152
2016/05/13 15:08:19.286	 85 170 2 105 117 0 170 85,	2529104
2016/05/13 15:08:19.334	 85 170 2 112 173 0 170 85,	2558672
2016/05/13 15:08:19.342	 85 170 2 120 16 0 170 85,	2588928
2016/05/13 15:08:19.382	 85 170 2 115 32 0 170 85,	2568704
2016/05/13 15:08:19.428	 85 170 2 100 82 0 170 85,	2508064
2016/05/13 15:08:19.436	 85 170 2 94 74 0 170 85,	2483360
2016/05/13 15:08:19.476	 85 170 2 106 67 0 170 85,	2532400
2016/05/13 15:08:19.491	 85 170 2 99 172 0 170 85,	2505408
2016/05/13 15:08:19.569	 85 170 2 96 193 0 170 85,	2493456
2016/05/13 15:08:19.574	 85 170 2 90 245 0 170 85,	2469712
2016/05/13 15:08:19.615	 85 170 2 93 94 0 170 85,	2479584
2016/05/13 15:08:19.620	 85 170 2 103 195 0 170 85,	2522160
2016/05/13 15:08:19.661	 85 170 2 117 217 0 170 85,	2579856
2016/05/13 15:08:19.710	 85 170 2 127 100 0 170 85,	2618944
2016/05/13 15:08:19.719	 85 170 2 126 164 0 170 85,	2615872
2016/05/13 15:08:19.756	 85 170 2 132 179 0 170 85,	2640688
2016/05/13 15:08:19.802	 85 170 2 119 5 0 170 85,	2584656
2016/05/13 15:08:19.849	 85 170 2 103 150 0 170 85,	2521440
2016/05/13 15:08:19.853	 85 170 2 96 232 0 170 85,	2494080
2016/05/13 15:08:19.897	 85 170 2 115 232 0 170 85,	2571904
2016/05/13 15:08:19.942	 85 170 2 112 24 0 170 85,	2556288
2016/05/13 15:08:19.947	 85 170 2 100 160 0 170 85,	2509312
2016/05/13 15:08:19.989	 85 170 2 93 141 0 170 85,	2480336
2016/05/13 15:08:20.036	 85 170 2 93 215 0 170 85,	2481520
2016/05/13 15:08:20.042	 85 170 2 89 168 0 170 85,	2464384
2016/05/13 15:08:20.083	 85 170 2 76 17 0 170 85,	2408720
2016/05/13 15:08:20.131	 85 170 2 104 160 0 170 85,	2525696
2016/05/13 15:08:20.135	 85 170 2 103 229 0 170 85,	2522704
2016/05/13 15:08:20.177	 85 170 2 110 108 0 170 85,	2549440
2016/05/13 15:08:20.224	 85 170 2 112 198 0 170 85,	2559072
2016/05/13 15:08:20.228	 85 170 2 108 17 0 170 85,	2539792
2016/05/13 15:08:20.271	 85 170 2 97 46 0 170 85,	2495200
2016/05/13 15:08:20.320	 85 170 2 119 208 0 170 85,	2587904
2016/05/13 15:08:20.329	 85 170 2 116 167 0 170 85,	2574960
2016/05/13 15:08:20.365	 85 170 2 111 62 0 170 85,	2552800
2016/05/13 15:08:20.412	 85 170 2 106 9 0 170 85,	2531472
2016/05/13 15:08:20.419	 85 170 2 102 115 0 170 85,	2516784
2016/05/13 15:08:20.460	 85 170 2 98 135 0 170 85,	2500720
2016/05/13 15:08:20.506	 85 170 2 99 137 0 170 85,	2504848
2016/05/13 15:08:20.554	 85 170 2 108 71 0 170 85,	2540656
2016/05/13 15:08:20.559	 85 170 2 117 145 0 170 85,	2578704
2016/05/13 15:08:20.600	 85 170 2 114 170 0 170 85,	2566816
2016/05/13 15:08:20.646	 85 170 2 113 246 0 170 85,	2563936
2016/05/13 15:08:20.650	 85 170 2 112 62 0 170 85,	2556896
2016/05/13 15:08:20.692	 85 170 2 94 192 0 170 85,	2485248
2016/05/13 15:08:20.739	 85 170 2 95 204 0 170 85,	2489536
2016/05/13 15:08:20.747	 85 170 2 115 16 0 170 85,	2568448
2016/05/13 15:08:20.788	 85 170 2 103 161 0 170 85,	2521616
2016/05/13 15:08:20.803	 85 170 2 93 182 0 170 85,	2480992
2016/05/13 15:08:20.834	 85 170 2 94 95 0 170 85,	2483696
2016/05/13 15:08:20.881	 85 170 2 94 78 0 170 85,	2483424
2016/05/13 15:08:20.927	 85 170 2 97 181 0 170 85,	2497360
2016/05/13 15:08:20.932	 85 170 2 107 119 0 170 85,	2537328
2016/05/13 15:08:20.973	 85 170 2 117 255 0 170 85,	2580464
2016/05/13 15:08:21.021	 85 170 2 121 154 0 170 85,	2595232
2016/05/13 15:08:21.068	 85 170 2 118 47 0 170 85,	2581232
2016/05/13 15:08:21.077	 85 170 2 105 26 0 170 85,	2527648
2016/05/13 15:08:21.116	 85 170 2 97 14 0 170 85,	2494688
2016/05/13 15:08:21.163	 85 170 2 82 167 0 170 85,	2435696
2016/05/13 15:08:21.168	 85 170 2 112 67 0 170 85,	2556976
2016/05/13 15:08:21.209	 85 170 2 104 181 0 170 85,	2526032
2016/05/13 15:08:21.256	 85 170 2 97 35 0 170 85,	2495024
2016/05/13 15:08:21.261	 85 170 2 92 3 0 170 85,	2474032
2016/05/13 15:08:21.304	 85 170 2 95 129 0 170 85,	2488336
2016/05/13 15:08:21.349	 85 170 2 105 85 0 170 85,	2528592
2016/05/13 15:08:21.355	 85 170 2 104 195 0 170 85,	2526256
2016/05/13 15:08:21.398	 85 170 2 113 79 0 170 85,	2561264
2016/05/13 15:08:21.445	 85 170 2 119 159 0 170 85,	2587120
2016/05/13 15:08:21.458	 85 170 2 108 246 0 170 85,	2543456
2016/05/13 15:08:21.491	 85 170 2 102 231 0 170 85,	2518640
2016/05/13 15:08:21.538	 85 170 2 90 120 0 170 85,	2467712
2016/05/13 15:08:21.544	 85 170 2 83 255 0 170 85,	2441200
2016/05/13 15:08:21.584	 85 170 2 104 153 0 170 85,	2525584
2016/05/13 15:08:21.632	 85 170 2 90 77 0 170 85,	2467024
2016/05/13 15:08:21.642	 85 170 2 89 104 0 170 85,	2463360
2016/05/13 15:08:21.677	 85 170 2 79 35 0 170 85,	2421296
2016/05/13 15:08:21.723	 85 170 2 83 12 0 170 85,	2437312
2016/05/13 15:08:21.773	 85 170 2 88 48 0 170 85,	2458368
2016/05/13 15:08:21.781	 85 170 2 93 221 0 170 85,	2481616
2016/05/13 15:08:21.818	 85 170 2 104 145 0 170 85,	2525456
2016/05/13 15:08:21.865	 85 170 2 98 91 0 170 85,	2500016
2016/05/13 15:08:21.869	 85 170 2 98 167 0 170 85,	2501232
2016/05/13 15:08:21.911	 85 170 2 93 224 0 170 85,	2481664
2016/05/13 15:08:21.959	 85 170 2 90 139 0 170 85,	2468016
2016/05/13 15:08:21.965	 85 170 2 83 151 0 170 85,	2439536
2016/05/13 15:08:22.005	 85 170 2 82 206 0 170 85,	2436320
2016/05/13 15:08:22.053	 85 170 2 87 158 0 170 85,	2456032
2016/05/13 15:08:22.062	 85 170 2 80 119 0 170 85,	2426736
2016/05/13 15:08:22.100	 85 170 2 84 12 0 170 85,	2441408
2016/05/13 15:08:22.147	 85 170 2 89 123 0 170 85,	2463664
2016/05/13 15:08:22.156	 85 170 2 90 134 0 170 85,	2467936
2016/05/13 15:08:22.193	 85 170 2 113 58 0 170 85,	2560928
2016/05/13 15:08:22.240	 85 170 2 114 253 0 170 85,	2568144
2016/05/13 15:08:22.287	 85 170 2 117 112 0 170 85,	2578176
2016/05/13 15:08:22.297	 85 170 2 110 94 0 170 85,	2549216
2016/05/13 15:08:22.334	 85 170 2 101 111 0 170 85,	2512624
2016/05/13 15:08:22.381	 85 170 2 90 165 0 170 85,	2468432
2016/05/13 15:08:22.386	 85 170 2 84 237 0 170 85,	2445008
2016/05/13 15:08:22.428	 85 170 2 88 90 0 170 85,	2459040
2016/05/13 15:08:22.474	 85 170 2 93 155 0 170 85,	2480560
2016/05/13 15:08:22.477	 85 170 2 92 36 0 170 85,	2474560
2016/05/13 15:08:22.521	 85 170 2 88 172 0 170 85,	2460352
2016/05/13 15:08:22.568	 85 170 2 94 204 0 170 85,	2485440
2016/05/13 15:08:22.573	 85 170 2 104 100 0 170 85,	2524736
2016/05/13 15:08:22.615	 85 170 2 108 65 0 170 85,	2540560
2016/05/13 15:08:22.663	 85 170 2 115 84 0 170 85,	2569536
2016/05/13 15:08:22.671	 85 170 2 119 60 0 170 85,	2585536
2016/05/13 15:08:22.708	 85 170 2 107 25 0 170 85,	2535824
2016/05/13 15:08:22.756	 85 170 2 101 196 0 170 85,	2513984
2016/05/13 15:08:22.771	 85 170 2 95 33 0 170 85,	2486800
2016/05/13 15:08:22.803	 85 170 2 89 187 0 170 85,	2464688
2016/05/13 15:08:22.849	 85 170 2 91 44 0 170 85,	2470592
2016/05/13 15:08:22.896	 85 170 2 97 203 0 170 85,	2497712
2016/05/13 15:08:22.901	 85 170 2 99 86 0 170 85,	2504032
2016/05/13 15:08:22.945	 85 170 2 96 104 0 170 85,	2492032
2016/05/13 15:08:22.953	 85 170 2 104 206 0 170 85,	2526432
2016/05/13 15:08:22.990	 85 170 2 112 10 0 170 85,	2556064
2016/05/13 15:08:23.037	 85 170 2 121 139 0 170 85,	2594992
2016/05/13 15:08:23.084	 85 170 2 124 25 0 170 85,	2605456
2016/05/13 15:08:23.093	 85 170 2 116 156 0 170 85,	2574784
2016/05/13 15:08:23.131	 85 170 2 113 48 0 170 85,	2560768
2016/05/13 15:08:23.179	 85 170 2 97 162 0 170 85,	2497056
2016/05/13 15:08:23.189	 85 170 2 97 118 0 170 85,	2496352
2016/05/13 15:08:23.224	 85 170 2 91 38 0 170 85,	2470496
2016/05/13 15:08:23.272	 85 170 2 110 43 0 170 85,	2548400
2016/05/13 15:08:23.277	 85 170 2 100 68 0 170 85,	2507840
2016/05/13 15:08:23.319	 85 170 2 101 115 0 170 85,	2512688
2016/05/13 15:08:23.364	 85 170 2 95 72 0 170 85,	2487424
2016/05/13 15:08:23.370	 85 170 2 104 110 0 170 85,	2524896
2016/05/13 15:08:23.412	 85 170 2 106 41 0 170 85,	2531984
2016/05/13 15:08:23.460	 85 170 2 117 220 0 170 85,	2579904
2016/05/13 15:08:23.470	 85 170 2 117 216 0 170 85,	2579840
2016/05/13 15:08:23.507	 85 170 2 120 125 0 170 85,	2590672
2016/05/13 15:08:23.552	 85 170 2 116 228 0 170 85,	2575936
2016/05/13 15:08:23.599	 85 170 2 106 43 0 170 85,	2532016
2016/05/13 15:08:23.605	 85 170 2 103 40 0 170 85,	2519680
2016/05/13 15:08:23.646	 85 170 2 103 183 0 170 85,	2521968
2016/05/13 15:08:23.693	 85 170 2 111 118 0 170 85,	2553696
2016/05/13 15:08:23.698	 85 170 2 108 127 0 170 85,	2541552
2016/05/13 15:08:23.740	 85 170 2 98 207 0 170 85,	2501872
2016/05/13 15:08:23.787	 85 170 2 99 221 0 170 85,	2506192
2016/05/13 15:08:23.791	 85 170 2 105 101 0 170 85,	2528848
2016/05/13 15:08:23.834	 85 170 2 114 221 0 170 85,	2567632
2016/05/13 15:08:23.879	 85 170 2 116 56 0 170 85,	2573184
2016/05/13 15:08:23.882	 85 170 2 120 94 0 170 85,	2590176
2016/05/13 15:08:23.927	 85 170 2 116 221 0 170 85,	2575824
2016/05/13 15:08:23.974	 85 170 2 107 91 0 170 85,	2536880
2016/05/13 15:08:23.981	 85 170 2 97 93 0 170 85,	2495952
2016/05/13 15:08:24.022	 85 170 2 92 211 0 170 85,	2477360
2016/05/13 15:08:24.068	 85 170 2 96 179 0 170 85,	2493232
2016/05/13 15:08:24.074	 85 170 2 105 3 0 170 85,	2527280
2016/05/13 15:08:24.116	 85 170 2 101 46 0 170 85,	2511584
2016/05/13 15:08:24.164	 85 170 2 97 37 0 170 85,	2495056
2016/05/13 15:08:24.171	 85 170 2 102 186 0 170 85,	2517920
2016/05/13 15:08:24.209	 85 170 2 115 125 0 170 85,	2570192
2016/05/13 15:08:24.255	 85 170 2 123 250 0 170 85,	2604960
2016/05/13 15:08:24.303	 85 170 2 135 183 0 170 85,	2653040
2016/05/13 15:08:24.314	 85 170 2 129 72 0 170 85,	2626688
2016/05/13 15:08:24.349	 85 170 2 145 127 0 170 85,	2693104
2016/05/13 15:08:24.397	 85 170 2 129 17 0 170 85,	2625808
2016/05/13 15:08:24.407	 85 170 2 122 154 0 170 85,	2599328
2016/05/13 15:08:24.444	 85 170 2 118 106 0 170 85,	2582176
2016/05/13 15:08:24.491	 85 170 2 116 251 0 170 85,	2576304
2016/05/13 15:08:24.497	 85 170 2 124 68 0 170 85,	2606144
2016/05/13 15:08:24.538	 85 170 2 108 193 0 170 85,	2542608
2016/05/13 15:08:24.585	 85 170 2 114 172 0 170 85,	2566848
2016/05/13 15:08:24.594	 85 170 2 124 33 0 170 85,	2605584
2016/05/13 15:08:24.630	 85 170 2 140 117 0 170 85,	2672464
2016/05/13 15:08:24.677	 85 170 2 149 130 0 170 85,	2709536
2016/05/13 15:08:24.683	 85 170 2 151 149 0 170 85,	2718032
2016/05/13 15:08:24.725	 85 170 2 149 104 0 170 85,	2709120
2016/05/13 15:08:24.771	 85 170 2 136 97 0 170 85,	2655760
2016/05/13 15:08:24.776	 85 170 2 125 116 0 170 85,	2611008
2016/05/13 15:08:24.818	 85 170 2 114 132 0 170 85,	2566208
2016/05/13 15:08:24.865	 85 170 2 112 215 0 170 85,	2559344
2016/05/13 15:08:24.869	 85 170 2 105 198 0 170 85,	2530400
2016/05/13 15:08:24.913	 85 170 2 117 254 0 170 85,	2580448
2016/05/13 15:08:24.961	 85 170 2 125 75 0 170 85,	2610352
2016/05/13 15:08:24.973	 85 170 2 96 37 0 170 85,	2490960
2016/05/13 15:08:25.006	 85 170 2 107 9 0 170 85,	2535568
2016/05/13 15:08:25.053	 85 170 2 107 216 0 170 85,	2538880
2016/05/13 15:08:25.062	 85 170 2 121 89 0 170 85,	2594192
2016/05/13 15:08:25.099	 85 170 2 131 39 0 170 85,	2634352
2016/05/13 15:08:25.148	 85 170 2 136 75 0 170 85,	2655408
2016/05/13 15:08:25.193	 85 170 2 124 151 0 170 85,	2607472
2016/05/13 15:08:25.198	 85 170 2 121 75 0 170 85,	2593968
2016/05/13 15:08:25.241	 85 170 2 111 164 0 170 85,	2554432
2016/05/13 15:08:25.288	 85 170 2 108 45 0 170 85,	2540240
2016/05/13 15:08:25.297	 85 170 2 111 182 0 170 85,	2554720
2016/05/13 15:08:25.335	 85 170 2 107 231 0 170 85,	2539120
2016/05/13 15:08:25.380	 85 170 2 127 170 0 170 85,	2620064
2016/05/13 15:08:25.392	 85 170 2 105 215 0 170 85,	2530672
2016/05/13 15:08:25.426	 85 170 2 106 50 0 170 85,	2532128
2016/05/13 15:08:25.475	 85 170 2 122 56 0 170 85,	2597760
2016/05/13 15:08:25.482	 85 170 2 122 95 0 170 85,	2598384
2016/05/13 15:08:25.520	 85 170 2 132 45 0 170 85,	2638544
2016/05/13 15:08:25.569	 85 170 2 141 252 0 170 85,	2678720
2016/05/13 15:08:25.578	 85 170 2 126 38 0 170 85,	2613856
2016/05/13 15:08:25.616	 85 170 2 118 17 0 170 85,	2580752
2016/05/13 15:08:25.662	 85 170 2 117 12 0 170 85,	2576576
2016/05/13 15:08:25.711	 85 170 2 118 54 0 170 85,	2581344
2016/05/13 15:08:25.719	 85 170 2 119 216 0 170 85,	2588032
2016/05/13 15:08:25.755	 85 170 2 125 33 0 170 85,	2609680
2016/05/13 15:08:25.802	 85 170 2 131 118 0 170 85,	2635616
2016/05/13 15:08:25.812	 85 170 2 104 72 0 170 85,	2524288
2016/05/13 15:08:25.849	 85 170 2 112 69 0 170 85,	2557008
2016/05/13 15:08:25.897	 85 170 2 120 206 0 170 85,	2591968
2016/05/13 15:08:25.905	 85 170 2 130 131 0 170 85,	2631728
2016/05/13 15:08:25.944	 85 170 2 130 11 0 170 85,	2629808
2016/05/13 15:08:25.990	 85 170 2 128 137 0 170 85,	2623632
2016/05/13 15:08:25.997	 85 170 2 120 190 0 170 85,	2591712
2016/05/13 15:08:26.038	 85 170 2 115 23 0 170 85,	2568560
2016/05/13 15:08:26.083	 85 170 2 105 145 0 170 85,	2529552
2016/05/13 15:08:26.088	 85 170 2 107 90 0 170 85,	2536864
2016/05/13 15:08:26.130	 85 170 2 113 61 0 170 85,	2560976
2016/05/13 15:08:26.177	 85 170 2 126 193 0 170 85,	2616336
2016/05/13 15:08:26.224	 85 170 2 129 95 0 170 85,	2627056
2016/05/13 15:08:26.271	 85 170 2 110 136 0 170 85,	2549888
2016/05/13 15:08:26.276	 85 170 2 113 99 0 170 85,	2561584
2016/05/13 15:08:26.317	 85 170 2 126 182 0 170 85,	2616160
2016/05/13 15:08:26.365	 85 170 2 133 94 0 170 85,	2643424
2016/05/13 15:08:26.369	 85 170 2 135 128 0 170 85,	2652160
2016/05/13 15:08:26.411	 85 170 2 136 84 0 170 85,	2655552
2016/05/13 15:08:26.459	 85 170 2 118 0 0 170 85,	2580480
2016/05/13 15:08:26.467	 85 170 2 110 203 0 170 85,	2550960
2016/05/13 15:08:26.507	 85 170 2 107 164 0 170 85,	2538048
2016/05/13 15:08:26.552	 85 170 2 104 15 0 170 85,	2523376
2016/05/13 15:08:26.558	 85 170 2 106 25 0 170 85,	2531728
2016/05/13 15:08:26.599	 85 170 2 117 216 0 170 85,	2579840
2016/05/13 15:08:26.646	 85 170 2 125 186 0 170 85,	2612128
2016/05/13 15:08:26.650	 85 170 2 100 121 0 170 85,	2508688
2016/05/13 15:08:26.697	 85 170 2 114 3 0 170 85,	2564144
2016/05/13 15:08:26.714	 85 170 2 127 113 0 170 85,	2619152
2016/05/13 15:08:26.741	 85 170 2 124 78 0 170 85,	2606304
2016/05/13 15:08:26.788	 85 170 2 136 189 0 170 85,	2657232
2016/05/13 15:08:26.833	 85 170 2 128 196 0 170 85,	2624576
2016/05/13 15:08:26.839	 85 170 2 116 236 0 170 85,	2576064
2016/05/13 15:08:26.880	 85 170 2 112 109 0 170 85,	2557648
2016/05/13 15:08:26.928	 85 170 2 108 83 0 170 85,	2540848
2016/05/13 15:08:26.936	 85 170 2 110 42 0 170 85,	2548384
2016/05/13 15:08:26.974	 85 170 2 115 3 0 170 85,	2568240
2016/05/13 15:08:27.023	 85 170 2 123 23 0 170 85,	2601328
2016/05/13 15:08:27.042	 85 170 2 129 208 0 170 85,	2628864
2016/05/13 15:08:27.068	 85 170 2 120 161 0 170 85,	2591248
2016/05/13 15:08:27.116	 85 170 2 120 109 0 170 85,	2590416
2016/05/13 15:08:27.163	 85 170 2 127 24 0 170 85,	2617728
2016/05/13 15:08:27.167	 85 170 2 143 170 0 170 85,	2685600
2016/05/13 15:08:27.209	 85 170 2 139 119 0 170 85,	2668400
2016/05/13 15:08:27.255	 85 170 2 124 117 0 170 85,	2606928
2016/05/13 15:08:27.259	 85 170 2 114 113 0 170 85,	2565904
2016/05/13 15:08:27.303	 85 170 2 116 37 0 170 85,	2572880
2016/05/13 15:08:27.349	 85 170 2 104 179 0 170 85,	2526000
2016/05/13 15:08:27.358	 85 170 2 111 167 0 170 85,	2554480
2016/05/13 15:08:27.396	 85 170 2 109 162 0 170 85,	2546208
2016/05/13 15:08:27.444	 85 170 2 115 173 0 170 85,	2570960
2016/05/13 15:08:27.449	 85 170 2 121 119 0 170 85,	2594672
2016/05/13 15:08:27.489	 85 170 2 120 50 0 170 85,	2589472
2016/05/13 15:08:27.538	 85 170 2 118 40 0 170 85,	2581120
2016/05/13 15:08:27.549	 85 170 2 123 86 0 170 85,	2602336
2016/05/13 15:08:27.584	 85 170 2 142 157 0 170 85,	2681296
2016/05/13 15:08:27.631	 85 170 2 131 159 0 170 85,	2636272
2016/05/13 15:08:27.636	 85 170 2 126 2 0 170 85,	2613280
2016/05/13 15:08:27.678	 85 170 2 111 236 0 170 85,	2555584
2016/05/13 15:08:27.724	 85 170 2 104 68 0 170 85,	2524224
2016/05/13 15:08:27.734	 85 170 2 104 13 0 170 85,	2523344
2016/05/13 15:08:27.771	 85 170 2 104 203 0 170 85,	2526384
2016/05/13 15:08:27.817	 85 170 2 107 192 0 170 85,	2538496
2016/05/13 15:08:27.866	 85 170 2 119 125 0 170 85,	2586576
2016/05/13 15:08:27.874	 85 170 2 124 211 0 170 85,	2608432
2016/05/13 15:08:27.912	 85 170 2 122 143 0 170 85,	2599152
2016/05/13 15:08:27.922	 85 170 2 118 19 0 170 85,	2580784
2016/05/13 15:08:27.959	 85 170 2 120 76 0 170 85,	2589888
2016/05/13 15:08:28.006	 85 170 2 127 154 0 170 85,	2619808
2016/05/13 15:08:28.052	 85 170 2 131 31 0 170 85,	2634224
2016/05/13 15:08:28.056	 85 170 2 112 244 0 170 85,	2559808
2016/05/13 15:08:28.100	 85 170 2 112 125 0 170 85,	2557904
2016/05/13 15:08:28.148	 85 170 2 98 176 0 170 85,	2501376
2016/05/13 15:08:28.157	 85 170 2 96 29 0 170 85,	2490832
2016/05/13 15:08:28.194	 85 170 2 104 114 0 170 85,	2524960
2016/05/13 15:08:28.239	 85 170 2 108 209 0 170 85,	2542864
2016/05/13 15:08:28.243	 85 170 2 111 77 0 170 85,	2553040
2016/05/13 15:08:28.289	 85 170 2 120 99 0 170 85,	2590256
2016/05/13 15:08:28.333	 85 170 2 120 94 0 170 85,	2590176
2016/05/13 15:08:28.341	 85 170 2 112 144 0 170 85,	2558208
2016/05/13 15:08:28.380	 85 170 2 118 152 0 170 85,	2582912
2016/05/13 15:08:28.427	 85 170 2 124 240 0 170 85,	2608896
2016/05/13 15:08:28.474	 85 170 2 124 67 0 170 85,	2606128
2016/05/13 15:08:28.477	 85 170 2 121 29 0 170 85,	2593232
2016/05/13 15:08:28.522	 85 170 2 111 253 0 170 85,	2555856
2016/05/13 15:08:28.568	 85 170 2 103 71 0 170 85,	2520176
2016/05/13 15:08:28.572	 85 170 2 98 199 0 170 85,	2501744
2016/05/13 15:08:28.615	 85 170 2 102 31 0 170 85,	2515440
2016/05/13 15:08:28.662	 85 170 2 116 155 0 170 85,	2574768
2016/05/13 15:08:28.669	 85 170 2 118 145 0 170 85,	2582800
2016/05/13 15:08:28.710	 85 170 2 120 199 0 170 85,	2591856
2016/05/13 15:08:28.757	 85 170 2 114 116 0 170 85,	2565952
2016/05/13 15:08:28.767	 85 170 2 108 195 0 170 85,	2542640
2016/05/13 15:08:28.803	 85 170 2 117 71 0 170 85,	2577520
2016/05/13 15:08:28.849	 85 170 2 115 212 0 170 85,	2571584
2016/05/13 15:08:28.856	 85 170 2 114 29 0 170 85,	2564560
2016/05/13 15:08:28.898	 85 170 2 112 238 0 170 85,	2559712
2016/05/13 15:08:28.944	 85 170 2 96 115 0 170 85,	2492208
2016/05/13 15:08:28.947	 85 170 2 92 35 0 170 85,	2474544
2016/05/13 15:08:28.989	 85 170 2 93 30 0 170 85,	2478560
2016/05/13 15:08:29.037	 85 170 2 91 110 0 170 85,	2471648
2016/05/13 15:08:29.039	 85 170 2 104 130 0 170 85,	2525216
2016/05/13 15:08:29.084	 85 170 2 114 140 0 170 85,	2566336
2016/05/13 15:08:29.131	 85 170 2 122 118 0 170 85,	2598752
2016/05/13 15:08:29.137	 85 170 2 112 55 0 170 85,	2556784
2016/05/13 15:08:29.178	 85 170 2 112 234 0 170 85,	2559648
2016/05/13 15:08:29.224	 85 170 2 126 119 0 170 85,	2615152
2016/05/13 15:08:29.272	 85 170 2 119 40 0 170 85,	2585216
2016/05/13 15:08:29.278	 85 170 2 110 198 0 170 85,	2550880
2016/05/13 15:08:29.320	 85 170 2 104 75 0 170 85,	2524336
2016/05/13 15:08:29.334	 85 170 2 96 97 0 170 85,	2491920
2016/05/13 15:08:29.367	 85 170 2 89 168 0 170 85,	2464384
2016/05/13 15:08:29.412	 85 170 2 88 169 0 170 85,	2460304
2016/05/13 15:08:29.458	 85 170 2 92 116 0 170 85,	2475840
2016/05/13 15:08:29.464	 85 170 2 108 97 0 170 85,	2541072
2016/05/13 15:08:29.506	 85 170 2 118 188 0 170 85,	2583488
2016/05/13 15:08:29.552	 85 170 2 121 64 0 170 85,	2593792
2016/05/13 15:08:29.556	 85 170 2 118 172 0 170 85,	2583232
2016/05/13 15:08:29.599	 85 170 2 115 84 0 170 85,	2569536
2016/05/13 15:08:29.647	 85 170 2 124 141 0 170 85,	2607312
2016/05/13 15:08:29.652	 85 170 2 129 90 0 170 85,	2626976
2016/05/13 15:08:29.694	 85 170 2 118 98 0 170 85,	2582048
2016/05/13 15:08:29.739	 85 170 2 109 8 0 170 85,	2543744
2016/05/13 15:08:29.744	 85 170 2 100 123 0 170 85,	2508720
2016/05/13 15:08:29.787	 85 170 2 97 85 0 170 85,	2495824
2016/05/13 15:08:29.833	 85 170 2 96 232 0 170 85,	2494080
2016/05/13 15:08:29.882	 85 170 2 100 180 0 170 85,	2509632
2016/05/13 15:08:29.891	 85 170 2 114 252 0 170 85,	2568128
2016/05/13 15:08:29.928	 85 170 2 121 77 0 170 85,	2594000
2016/05/13 15:08:29.937	 85 170 2 122 73 0 170 85,	2598032
2016/05/13 15:08:29.974	 85 170 2 122 217 0 170 85,	2600336
2016/05/13 15:08:30.022	 85 170 2 112 131 0 170 85,	2558000
2016/05/13 15:08:30.067	 85 170 2 119 142 0 170 85,	2586848
2016/05/13 15:08:30.070	 85 170 2 123 152 0 170 85,	2603392
2016/05/13 15:08:30.114	 85 170 2 124 54 0 170 85,	2605920
2016/05/13 15:08:30.162	 85 170 2 111 14 0 170 85,	2552032
2016/05/13 15:08:30.164	 85 170 2 105 247 0 170 85,	2531184
2016/05/13 15:08:30.208	 85 170 2 102 135 0 170 85,	2517104
2016/05/13 15:08:30.256	 85 170 2 101 93 0 170 85,	2512336
2016/05/13 15:08:30.260	 85 170 2 104 61 0 170 85,	2524112
2016/05/13 15:08:30.302	 85 170 2 128 18 0 170 85,	2621728
2016/05/13 15:08:30.349	 85 170 2 124 202 0 170 85,	2608288
2016/05/13 15:08:30.352	 85 170 2 126 114 0 170 85,	2615072
2016/05/13 15:08:30.395	 85 170 2 121 67 0 170 85,	2593840
2016/05/13 15:08:30.444	 85 170 2 110 122 0 170 85,	2549664
2016/05/13 15:08:30.449	 85 170 2 121 190 0 170 85,	2595808
2016/05/13 15:08:30.491	 85 170 2 119 10 0 170 85,	2584736
2016/05/13 15:08:30.537	 85 170 2 102 186 0 170 85,	2517920
2016/05/13 15:08:30.584	 85 170 2 105 251 0 170 85,	2531248
2016/05/13 15:08:30.588	 85 170 2 101 91 0 170 85,	2512304
2016/05/13 15:08:30.632	 85 170 2 90 156 0 170 85,	2468288
2016/05/13 15:08:30.678	 85 170 2 89 52 0 170 85,	2462528
2016/05/13 15:08:30.681	 85 170 2 106 191 0 170 85,	2534384
2016/05/13 15:08:30.724	 85 170 2 114 171 0 170 85,	2566832
2016/05/13 15:08:30.771	 85 170 2 124 184 0 170 85,	2608000
2016/05/13 15:08:30.773	 85 170 2 120 150 0 170 85,	2591072
2016/05/13 15:08:30.819	 85 170 2 111 167 0 170 85,	2554480
2016/05/13 15:08:30.866	 85 170 2 104 78 0 170 85,	2524384
2016/05/13 15:08:30.868	 85 170 2 115 210 0 170 85,	2571552
2016/05/13 15:08:30.912	 85 170 2 112 97 0 170 85,	2557456
2016/05/13 15:08:30.959	 85 170 2 113 254 0 170 85,	2564064
2016/05/13 15:08:30.962	 85 170 2 103 119 0 170 85,	2520944
2016/05/13 15:08:31.006	 85 170 2 93 169 0 170 85,	2480784
2016/05/13 15:08:31.052	 85 170 2 93 140 0 170 85,	2480320
2016/05/13 15:08:31.056	 85 170 2 101 188 0 170 85,	2513856
2016/05/13 15:08:31.099	 85 170 2 116 253 0 170 85,	2576336
2016/05/13 15:08:31.147	 85 170 2 121 184 0 170 85,	2595712
2016/05/13 15:08:31.193	 85 170 2 122 50 0 170 85,	2597664
2016/05/13 15:08:31.195	 85 170 2 123 154 0 170 85,	2603424
2016/05/13 15:08:31.240	 85 170 2 118 226 0 170 85,	2584096
2016/05/13 15:08:31.287	 85 170 2 104 206 0 170 85,	2526432
2016/05/13 15:08:31.290	 85 170 2 126 230 0 170 85,	2616928
2016/05/13 15:08:31.335	 85 170 2 118 244 0 170 85,	2584384
2016/05/13 15:08:31.380	 85 170 2 105 240 0 170 85,	2531072
2016/05/13 15:08:31.383	 85 170 2 111 106 0 170 85,	2553504
2016/05/13 15:08:31.427	 85 170 2 89 67 0 170 85,	2462768
2016/05/13 15:08:31.474	 85 170 2 91 80 0 170 85,	2471168
2016/05/13 15:08:31.477	 85 170 2 95 234 0 170 85,	2490016
2016/05/13 15:08:31.521	 85 170 2 100 192 0 170 85,	2509824
2016/05/13 15:08:31.567	 85 170 2 111 135 0 170 85,	2553968
2016/05/13 15:08:31.614	 85 170 2 115 247 0 170 85,	2572144
2016/05/13 15:08:31.619	 85 170 2 113 213 0 170 85,	2563408
2016/05/13 15:08:31.662	 85 170 2 105 79 0 170 85,	2528496
2016/05/13 15:08:31.708	 85 170 2 96 108 0 170 85,	2492096
2016/05/13 15:08:31.711	 85 170 2 90 192 0 170 85,	2468864
2016/05/13 15:08:31.756	 85 170 2 109 243 0 170 85,	2547504
2016/05/13 15:08:31.803	 85 170 2 105 230 0 170 85,	2530912
2016/05/13 15:08:31.816	 85 170 2 97 92 0 170 85,	2495936
2016/05/13 15:08:31.849	 85 170 2 92 106 0 170 85,	2475680
2016/05/13 15:08:31.896	 85 170 2 94 199 0 170 85,	2485360
2016/05/13 15:08:31.903	 85 170 2 97 111 0 170 85,	2496240
2016/05/13 15:08:31.945	 85 170 2 111 193 0 170 85,	2554896
2016/05/13 15:08:31.991	 85 170 2 115 140 0 170 85,	2570432
2016/05/13 15:08:31.997	 85 170 2 120 84 0 170 85,	2590016
2016/05/13 15:08:32.037	 85 170 2 118 200 0 170 85,	2583680
2016/05/13 15:08:32.085	 85 170 2 114 132 0 170 85,	2566208
2016/05/13 15:08:32.093	 85 170 2 104 22 0 170 85,	2523488
2016/05/13 15:08:32.130	 85 170 2 98 153 0 170 85,	2501008
2016/05/13 15:08:32.178	 85 170 2 111 22 0 170 85,	2552160
2016/05/13 15:08:32.224	 85 170 2 98 219 0 170 85,	2502064
2016/05/13 15:08:32.231	 85 170 2 90 140 0 170 85,	2468032
2016/05/13 15:08:32.272	 85 170 2 91 37 0 170 85,	2470480
2016/05/13 15:08:32.317	 85 170 2 95 105 0 170 85,	2487952
2016/05/13 15:08:32.321	 85 170 2 102 226 0 170 85,	2518560
2016/05/13 15:08:32.366	 85 170 2 112 144 0 170 85,	2558208
2016/05/13 15:08:32.413	 85 170 2 123 52 0 170 85,	2601792
2016/05/13 15:08:32.426	 85 170 2 119 123 0 170 85,	2586544
2016/05/13 15:08:32.459	 85 170 2 104 5 0 170 85,	2523216
2016/05/13 15:08:32.506	 85 170 2 113 129 0 170 85,	2562064
2016/05/13 15:08:32.511	 85 170 2 87 171 0 170 85,	2456240
2016/05/13 15:08:32.552	 85 170 2 90 14 0 170 85,	2466016
2016/05/13 15:08:32.601	 85 170 2 108 26 0 170 85,	2539936
2016/05/13 15:08:32.629	 85 170 2 96 169 0 170 85,	2493072
2016/05/13 15:08:32.645	 85 170 2 85 208 0 170 85,	2448640
2016/05/13 15:08:32.693	 85 170 2 87 20 0 170 85,	2453824
2016/05/13 15:08:32.739	 85 170 2 95 234 0 170 85,	2490016
2016/05/13 15:08:32.744	 85 170 2 100 116 0 170 85,	2508608
2016/05/13 15:08:32.788	 85 170 2 111 23 0 170 85,	2552176
2016/05/13 15:08:32.834	 85 170 2 120 181 0 170 85,	2591568
2016/05/13 15:08:32.842	 85 170 2 123 238 0 170 85,	2604768
2016/05/13 15:08:32.882	 85 170 2 113 101 0 170 85,	2561616
2016/05/13 15:08:32.929	 85 170 2 107 213 0 170 85,	2538832
2016/05/13 15:08:32.947	 85 170 2 94 152 0 170 85,	2484608
2016/05/13 15:08:32.974	 85 170 2 96 86 0 170 85,	2491744
2016/05/13 15:08:33.021	 85 170 2 115 7 0 170 85,	2568304
2016/05/13 15:08:33.027	 85 170 2 104 41 0 170 85,	2523792
2016/05/13 15:08:33.068	 85 170 2 100 20 0 170 85,	2507072
2016/05/13 15:08:33.115	 85 170 2 94 248 0 170 85,	2486144
2016/05/13 15:08:33.118	 85 170 2 97 153 0 170 85,	2496912
2016/05/13 15:08:33.161	 85 170 2 109 199 0 170 85,	2546800
2016/05/13 15:08:33.208	 85 170 2 119 114 0 170 85,	2586400
2016/05/13 15:08:33.256	 85 170 2 132 25 0 170 85,	2638224
2016/05/13 15:08:33.262	 85 170 2 124 166 0 170 85,	2607712
2016/05/13 15:08:33.302	 85 170 2 118 242 0 170 85,	2584352
2016/05/13 15:08:33.349	 85 170 2 109 92 0 170 85,	2545088
2016/05/13 15:08:33.352	 85 170 2 104 109 0 170 85,	2524880
2016/05/13 15:08:33.396	 85 170 2 98 221 0 170 85,	2502096
2016/05/13 15:08:33.442	 85 170 2 121 237 0 170 85,	2596560
2016/05/13 15:08:33.445	 85 170 2 106 145 0 170 85,	2533648
2016/05/13 15:08:33.489	 85 170 2 91 94 0 170 85,	2471392
2016/05/13 15:08:33.538	 85 170 2 109 100 0 170 85,	2545216
2016/05/13 15:08:33.543	 85 170 2 101 231 0 170 85,	2514544
2016/05/13 15:08:33.586	 85 170 2 109 192 0 170 85,	2546688
2016/05/13 15:08:33.631	 85 170 2 111 30 0 170 85,	2552288
2016/05/13 15:08:33.634	 85 170 2 115 147 0 170 85,	2570544
2016/05/13 15:08:33.676	 85 170 2 121 154 0 170 85,	2595232
2016/05/13 15:08:33.724	 85 170 2 119 71 0 170 85,	2585712
2016/05/13 15:08:33.727	 85 170 2 111 159 0 170 85,	2554352
2016/05/13 15:08:33.772	 85 170 2 105 215 0 170 85,	2530672
2016/05/13 15:08:33.819	 85 170 2 108 168 0 170 85,	2542208
2016/05/13 15:08:33.828	 85 170 2 106 185 0 170 85,	2534288
2016/05/13 15:08:33.866	 85 170 2 104 157 0 170 85,	2525648
2016/05/13 15:08:33.913	 85 170 2 98 209 0 170 85,	2501904
2016/05/13 15:08:33.930	 85 170 2 96 80 0 170 85,	2491648
2016/05/13 15:08:33.959	 85 170 2 101 83 0 170 85,	2512176
2016/05/13 15:08:34.005	 85 170 2 107 29 0 170 85,	2535888
2016/05/13 15:08:34.052	 85 170 2 113 133 0 170 85,	2562128
2016/05/13 15:08:34.056	 85 170 2 116 191 0 170 85,	2575344
2016/05/13 15:08:34.099	 85 170 2 112 122 0 170 85,	2557856
2016/05/13 15:08:34.147	 85 170 2 112 183 0 170 85,	2558832
2016/05/13 15:08:34.149	 85 170 2 100 116 0 170 85,	2508608
2016/05/13 15:08:34.193	 85 170 2 95 209 0 170 85,	2489616
2016/05/13 15:08:34.239	 85 170 2 100 37 0 170 85,	2507344
2016/05/13 15:08:34.243	 85 170 2 99 191 0 170 85,	2505712
2016/05/13 15:08:34.286	 85 170 2 107 201 0 170 85,	2538640
2016/05/13 15:08:34.333	 85 170 2 100 250 0 170 85,	2510752
2016/05/13 15:08:34.336	 85 170 2 97 88 0 170 85,	2495872
2016/05/13 15:08:34.381	 85 170 2 104 6 0 170 85,	2523232
2016/05/13 15:08:34.427	 85 170 2 109 4 0 170 85,	2543680
2016/05/13 15:08:34.431	 85 170 2 116 110 0 170 85,	2574048
2016/05/13 15:08:34.474	 85 170 2 119 210 0 170 85,	2587936
2016/05/13 15:08:34.522	 85 170 2 118 184 0 170 85,	2583424
2016/05/13 15:08:34.526	 85 170 2 108 53 0 170 85,	2540368
2016/05/13 15:08:34.569	 85 170 2 108 145 0 170 85,	2541840
2016/05/13 15:08:34.616	 85 170 2 97 107 0 170 85,	2496176
2016/05/13 15:08:34.662	 85 170 2 96 97 0 170 85,	2491920
2016/05/13 15:08:34.667	 85 170 2 107 21 0 170 85,	2535760
2016/05/13 15:08:34.709	 85 170 2 105 245 0 170 85,	2531152
2016/05/13 15:08:34.757	 85 170 2 99 47 0 170 85,	2503408
2016/05/13 15:08:34.765	 85 170 2 97 6 0 170 85,	2494560
2016/05/13 15:08:34.803	 85 170 2 98 240 0 170 85,	2502400
2016/05/13 15:08:34.849	 85 170 2 111 44 0 170 85,	2552512
2016/05/13 15:08:34.853	 85 170 2 115 218 0 170 85,	2571680
2016/05/13 15:08:34.896	 85 170 2 125 154 0 170 85,	2611616
2016/05/13 15:08:34.944	 85 170 2 124 103 0 170 85,	2606704
2016/05/13 15:08:34.952	 85 170 2 118 231 0 170 85,	2584176
2016/05/13 15:08:34.989	 85 170 2 106 223 0 170 85,	2534896
2016/05/13 15:08:35.038	 85 170 2 107 254 0 170 85,	2539488
2016/05/13 15:08:35.043	 85 170 2 100 211 0 170 85,	2510128
2016/05/13 15:08:35.084	 85 170 2 102 125 0 170 85,	2516944
2016/05/13 15:08:35.130	 85 170 2 107 135 0 170 85,	2537584
2016/05/13 15:08:35.135	 85 170 2 97 147 0 170 85,	2496816
2016/05/13 15:08:35.177	 85 170 2 108 223 0 170 85,	2543088
2016/05/13 15:08:35.225	 85 170 2 119 7 0 170 85,	2584688
2016/05/13 15:08:35.237	 85 170 2 120 96 0 170 85,	2590208
2016/05/13 15:08:35.271	 85 170 2 124 84 0 170 85,	2606400
2016/05/13 15:08:35.319	 85 170 2 124 164 0 170 85,	2607680
2016/05/13 15:08:35.326	 85 170 2 117 40 0 170 85,	2577024
2016/05/13 15:08:35.365	 85 170 2 112 120 0 170 85,	2557824
2016/05/13 15:08:35.413	 85 170 2 106 28 0 170 85,	2531776
2016/05/13 15:08:35.421	 85 170 2 103 185 0 170 85,	2522000
2016/05/13 15:08:35.459	 85 170 2 102 80 0 170 85,	2516224
2016/05/13 15:08:35.505	 85 170 2 106 75 0 170 85,	2532528
2016/05/13 15:08:35.553	 85 170 2 100 25 0 170 85,	2507152
2016/05/13 15:08:35.566	 85 170 2 105 126 0 170 85,	2529248
2016/05/13 15:08:35.599	 85 170 2 113 152 0 170 85,	2562432
2016/05/13 15:08:35.647	 85 170 2 118 155 0 170 85,	2582960
2016/05/13 15:08:35.649	 85 170 2 117 255 0 170 85,	2580464
2016/05/13 15:08:35.692	 85 170 2 141 16 0 170 85,	2674944
2016/05/13 15:08:35.740	 85 170 2 132 242 0 170 85,	2641696
2016/05/13 15:08:35.744	 85 170 2 119 217 0 170 85,	2588048
2016/05/13 15:08:35.788	 85 170 2 109 206 0 170 85,	2546912
2016/05/13 15:08:35.833	 85 170 2 102 235 0 170 85,	2518704
2016/05/13 15:08:35.842	 85 170 2 102 102 0 170 85,	2516576
2016/05/13 15:08:35.880	 85 170 2 112 56 0 170 85,	2556800
2016/05/13 15:08:35.928	 85 170 2 112 247 0 170 85,	2559856
2016/05/13 15:08:35.932	 85 170 2 107 195 0 170 85,	2538544
2016/05/13 15:08:35.974	 85 170 2 111 116 0 170 85,	2553664
2016/05/13 15:08:36.022	 85 170 2 114 107 0 170 85,	2565808
2016/05/13 15:08:36.029	 85 170 2 119 4 0 170 85,	2584640
2016/05/13 15:08:36.068	 85 170 2 129 148 0 170 85,	2627904
2016/05/13 15:08:36.115	 85 170 2 134 152 0 170 85,	2648448
2016/05/13 15:08:36.163	 85 170 2 131 247 0 170 85,	2637680
2016/05/13 15:08:36.166	 85 170 2 123 123 0 170 85,	2602928
2016/05/13 15:08:36.209	 85 170 2 115 235 0 170 85,	2571952
2016/05/13 15:08:36.256	 85 170 2 104 240 0 170 85,	2526976
2016/05/13 15:08:36.263	 85 170 2 100 41 0 170 85,	2507408
2016/05/13 15:08:36.304	 85 170 2 108 9 0 170 85,	2539664
2016/05/13 15:08:36.349	 85 170 2 118 250 0 170 85,	2584480
2016/05/13 15:08:36.353	 85 170 2 126 102 0 170 85,	2614880
2016/05/13 15:08:36.395	 85 170 2 108 75 0 170 85,	2540720
2016/05/13 15:08:36.444	 85 170 2 112 127 0 170 85,	2557936
2016/05/13 15:08:36.447	 85 170 2 120 90 0 170 85,	2590112
2016/05/13 15:08:36.491	 85 170 2 131 80 0 170 85,	2635008
2016/05/13 15:08:36.539	 85 170 2 128 108 0 170 85,	2623168
2016/05/13 15:08:36.555	 85 170 2 123 185 0 170 85,	2603920
2016/05/13 15:08:36.586	 85 170 2 109 7 0 170 85,	2543728
2016/05/13 15:08:36.604	 85 170 2 105 129 0 170 85,	2529296
2016/05/13 15:08:36.677	 85 170 2 98 21 0 170 85,	2498896
2016/05/13 15:08:36.681	 85 170 2 88 30 0 170 85,	2458080
2016/05/13 15:08:36.724	 85 170 2 102 70 0 170 85,	2516064
2016/05/13 15:08:36.772	 85 170 2 107 1 0 170 85,	2535440
2016/05/13 15:08:36.778	 85 170 2 116 61 0 170 85,	2573264
2016/05/13 15:08:36.818	 85 170 2 94 134 0 170 85,	2484320
2016/05/13 15:08:36.866	 85 170 2 108 142 0 170 85,	2541792
2016/05/13 15:08:36.884	 85 170 2 116 177 0 170 85,	2575120
2016/05/13 15:08:36.891	 85 170 2 121 181 0 170 85,	2595664
2016/05/13 15:08:36.959	 85 170 2 120 97 0 170 85,	2590224
2016/05/13 15:08:36.966	 85 170 2 119 59 0 170 85,	2585520
2016/05/13 15:08:37.006	 85 170 2 118 177 0 170 85,	2583312
2016/05/13 15:08:37.052	 85 170 2 113 16 0 170 85,	2560256
2016/05/13 15:08:37.056	 85 170 2 102 198 0 170 85,	2518112
2016/05/13 15:08:37.099	 85 170 2 104 148 0 170 85,	2525504
2016/05/13 15:08:37.147	 85 170 2 109 255 0 170 85,	2547696
2016/05/13 15:08:37.151	 85 170 2 116 148 0 170 85,	2574656
2016/05/13 15:08:37.194	 85 170 2 130 160 0 170 85,	2632192
2016/05/13 15:08:37.240	 85 170 2 106 154 0 170 85,	2533792
2016/05/13 15:08:37.249	 85 170 2 115 154 0 170 85,	2570656
2016/05/13 15:08:37.288	 85 170 2 124 124 0 170 85,	2607040
2016/05/13 15:08:37.333	 85 170 2 132 109 0 170 85,	2639568
2016/05/13 15:08:37.337	 85 170 2 131 93 0 170 85,	2635216
2016/05/13 15:08:37.382	 85 170 2 123 16 0 170 85,	2601216
2016/05/13 15:08:37.427	 85 170 2 113 252 0 170 85,	2564032
2016/05/13 15:08:37.474	 85 170 2 102 127 0 170 85,	2516976
2016/05/13 15:08:37.479	 85 170 2 98 44 0 170 85,	2499264
2016/05/13 15:08:37.521	 85 170 2 111 43 0 170 85,	2552496
2016/05/13 15:08:37.530	 85 170 2 99 63 0 170 85,	2503664
2016/05/13 15:08:37.567	 85 170 2 208 80 0 170 85,	2950400
2016/05/13 15:08:37.615	 85 170 4 29 67 0 170 85,	4314160
2016/05/13 15:08:37.661	 85 170 3 236 137 0 170 85,	4114576
2016/05/13 15:08:37.708	 85 170 2 243 170 0 170 85,	3095200
2016/05/13 15:08:37.710	 85 170 2 116 105 0 170 85,	2573968
2016/05/13 15:08:37.756	 85 170 0 213 192 0 170 85,	875520
2016/05/13 15:08:37.802	 85 170 255 217 113 0 170 85,	16619280
2016/05/13 15:08:37.805	 85 170 1 0 4 0 170 85,	1048640
2016/05/13 15:08:37.850	 85 170 1 246 133 0 170 85,	2058320
2016/05/13 15:08:37.896	 85 170 7 211 169 0 170 85,	8206992
2016/05/13 15:08:37.898	 85 170 3 220 196 0 170 85,	4049984
2016/05/13 15:08:37.943	 85 170 1 96 235 0 170 85,	1445552
2016/05/13 15:08:37.991	 85 170 3 62 61 0 170 85,	3400656
2016/05/13 15:08:38.000	 85 170 252 0 141 0 170 85,	12585168
2016/05/13 15:08:38.037	 85 170 248 229 254 0 170 85,	9330656
2016/05/13 15:08:38.084	 85 170 2 135 215 0 170 85,	2653552
2016/05/13 15:08:38.098	 85 170 223 151 118 0 170 85,	16349024
2016/05/13 15:08:38.130	 85 170 242 22 180 0 170 85,	2190144
2016/05/13 15:08:38.178	 85 170 9 86 15 0 170 85,	9789680
2016/05/13 15:08:38.196	 85 170 28 197 104 0 170 85,	13391488
2016/05/13 15:08:38.224	 85 170 33 122 127 0 170 85,	1550320
2016/05/13 15:08:38.271	 85 170 29 153 243 0 170 85,	14262064
2016/05/13 15:08:38.319	 85 170 10 220 114 0 170 85,	11388704
2016/05/13 15:08:38.326	 85 170 254 203 212 0 170 85,	15514944
2016/05/13 15:08:38.366	 85 170 18 226 50 0 170 85,	3023648
2016/05/13 15:08:38.413	 85 170 15 26 14 0 170 85,	15835360
2016/05/13 15:08:38.424	 85 170 6 58 247 0 170 85,	6532976
2016/05/13 15:08:38.461	 85 170 252 133 142 0 170 85,	13129952
2016/05/13 15:08:38.507	 85 170 245 112 81 0 170 85,	5702928
2016/05/13 15:08:38.516	 85 170 10 136 32 0 170 85,	11043328
2016/05/13 15:08:38.552	 85 170 0 229 178 0 170 85,	940832
2016/05/13 15:08:38.599	 85 170 247 232 202 0 170 85,	8293536
2016/05/13 15:08:38.603	 85 170 243 208 17 0 170 85,	3997968
2016/05/13 15:08:38.647	 85 170 246 80 98 0 170 85,	6620704
2016/05/13 15:08:38.693	 85 170 254 69 49 0 170 85,	14963472
2016/05/13 15:08:38.697	 85 170 8 13 35 0 170 85,	8442416
2016/05/13 15:08:38.742	 85 170 15 107 107 0 170 85,	16168624
2016/05/13 15:08:38.786	 85 170 17 20 93 0 170 85,	1131984
2016/05/13 15:08:38.834	 85 170 12 58 10 0 170 85,	12820640
2016/05/13 15:08:38.838	 85 170 3 2 34 0 170 85,	3154464
2016/05/13 15:08:38.880	 85 170 249 130 182 0 170 85,	9972576
2016/05/13 15:08:38.927	 85 170 244 0 27 0 170 85,	4194736
2016/05/13 15:08:38.929	 85 170 7 252 249 0 170 85,	8376208
2016/05/13 15:08:38.974	 85 170 254 6 35 0 170 85,	14705200
2016/05/13 15:08:39.021	 85 170 245 254 192 0 170 85,	6286336
2016/05/13 15:08:39.026	 85 170 243 137 5 0 170 85,	3706960
2016/05/13 15:08:39.069	 85 170 247 210 166 0 170 85,	8202848
2016/05/13 15:08:39.115	 85 170 0 211 43 0 170 85,	864944
2016/05/13 15:08:39.119	 85 170 10 90 11 0 170 85,	10854576
2016/05/13 15:08:39.162	 85 170 16 153 203 0 170 85,	629936
2016/05/13 15:08:39.208	 85 170 16 131 72 0 170 85,	537728
2016/05/13 15:08:39.210	 85 170 10 30 160 0 170 85,	10611200
2016/05/13 15:08:39.256	 85 170 0 103 194 0 170 85,	424992
2016/05/13 15:08:39.302	 85 170 247 149 35 0 170 85,	7950896
2016/05/13 15:08:39.306	 85 170 243 133 232 0 170 85,	3694208
2016/05/13 15:08:39.348	 85 170 5 149 199 0 170 85,	5856368
2016/05/13 15:08:39.395	 85 170 251 169 148 0 170 85,	12228928
2016/05/13 15:08:39.444	 85 170 244 200 71 0 170 85,	5014640
2016/05/13 15:08:39.449	 85 170 243 242 138 0 170 85,	4139168
2016/05/13 15:08:39.489	 85 170 249 161 46 0 170 85,	10097376
2016/05/13 15:08:39.537	 85 170 3 32 208 0 170 85,	3280128
2016/05/13 15:08:39.542	 85 170 12 91 24 0 170 85,	12956032
2016/05/13 15:08:39.584	 85 170 17 41 117 0 170 85,	1218384
2016/05/13 15:08:39.631	 85 170 15 140 8 0 170 85,	16302208
2016/05/13 15:08:39.635	 85 170 8 10 137 0 170 85,	8431760
2016/05/13 15:08:39.677	 85 170 254 9 5 0 170 85,	14717008
2016/05/13 15:08:39.725	 85 170 245 253 145 0 170 85,	6281488
2016/05/13 15:08:39.729	 85 170 243 111 14 0 170 85,	3600608
2016/05/13 15:08:39.771	 85 170 3 22 217 0 170 85,	3239312
2016/05/13 15:08:39.819	 85 170 249 123 50 0 170 85,	9941792
2016/05/13 15:08:39.822	 85 170 243 130 247 0 170 85,	3682160
2016/05/13 15:08:39.863	 85 170 244 82 12 0 170 85,	4530368
2016/05/13 15:08:39.912	 85 170 251 99 199 0 170 85,	11943024
2016/05/13 15:08:39.915	 85 170 5 138 121 0 170 85,	5810064
2016/05/13 15:08:39.960	 85 170 14 66 138 0 170 85,	14952608
2016/05/13 15:08:40.005	 85 170 17 176 124 0 170 85,	1771456
2016/05/13 15:08:40.052	 85 170 14 105 130 0 170 85,	15112224
2016/05/13 15:08:40.054	 85 170 5 220 31 0 170 85,	6144496
2016/05/13 15:08:40.098	 85 170 251 206 219 0 170 85,	12381616
2016/05/13 15:08:40.146	 85 170 244 194 39 0 170 85,	4989552
2016/05/13 15:08:40.149	 85 170 243 187 53 0 170 85,	3912528
2016/05/13 15:08:40.194	 85 170 0 207 169 0 170 85,	850576
2016/05/13 15:08:40.200	 85 170 247 163 2 0 170 85,	8007712
2016/05/13 15:08:40.241	 85 170 243 90 109 0 170 85,	3516112
2016/05/13 15:08:40.287	 85 170 245 193 7 0 170 85,	6033520
2016/05/13 15:08:40.333	 85 170 253 199 67 0 170 85,	14447664
2016/05/13 15:08:40.337	 85 170 7 212 27 0 170 85,	8208816
2016/05/13 15:08:40.381	 85 170 15 130 15 0 170 85,	16261360
2016/05/13 15:08:40.427	 85 170 17 113 105 0 170 85,	1513104
2016/05/13 15:08:40.436	 85 170 12 186 202 0 170 85,	13348000
2016/05/13 15:08:40.476	 85 170 3 91 121 0 170 85,	3520400
2016/05/13 15:08:40.493	 85 170 249 146 202 0 170 85,	10038432
2016/05/13 15:08:40.522	 85 170 243 173 162 0 170 85,	3856928
2016/05/13 15:08:40.568	 85 170 244 84 246 0 170 85,	4542304
2016/05/13 15:08:40.589	 85 170 251 60 210 0 170 85,	11783456
2016/05/13 15:08:40.662	 85 170 245 230 216 0 170 85,	6188416
2016/05/13 15:08:40.667	 85 170 243 21 222 0 170 85,	3235296
2016/05/13 15:08:40.741	 85 170 247 6 12 0 170 85,	7364800
2016/05/13 15:08:40.745	 85 170 0 7 76 0 170 85,	29888
2016/05/13 15:08:40.749	 85 170 9 253 141 0 170 85,	10475728
2016/05/13 15:08:40.803	 85 170 16 164 174 0 170 85,	674528
