2016/05/13 15:31:55.647	 85 170 2 43 84 0 170 85,	2274624
2016/05/13 15:31:55.655	 85 170 2 117 101 0 170 85,	2578000
2016/05/13 15:31:55.692	 85 170 2 68 234 0 170 85,	2379424
2016/05/13 15:31:55.697	 85 170 2 16 40 0 170 85,	2163328
2016/05/13 15:31:55.700	 85 170 2 45 15 0 170 85,	2281712
2016/05/13 15:31:55.704	 85 170 2 27 246 0 170 85,	2211680
2016/05/13 15:31:55.741	 85 170 2 99 239 0 170 85,	2506480
2016/05/13 15:31:55.745	 85 170 2 138 199 0 170 85,	2665584
2016/05/13 15:31:55.749	 85 170 2 66 106 0 170 85,	2369184
2016/05/13 15:31:55.752	 85 170 2 25 143 0 170 85,	2201840
2016/05/13 15:31:55.788	 85 170 2 90 221 0 170 85,	2469328
2016/05/13 15:31:55.793	 85 170 2 139 145 0 170 85,	2668816
2016/05/13 15:31:55.797	 85 170 2 80 44 0 170 85,	2425536
2016/05/13 15:31:55.834	 85 170 2 20 20 0 170 85,	2179392
2016/05/13 15:31:55.838	 85 170 2 83 231 0 170 85,	2440816
2016/05/13 15:31:55.841	 85 170 2 41 37 0 170 85,	2265680
2016/05/13 15:31:55.845	 85 170 2 107 41 0 170 85,	2536080
2016/05/13 15:31:55.880	 85 170 2 123 222 0 170 85,	2604512
2016/05/13 15:31:55.885	 85 170 2 48 110 0 170 85,	2295520
2016/05/13 15:31:55.889	 85 170 2 21 27 0 170 85,	2183600
2016/05/13 15:31:55.893	 85 170 2 88 41 0 170 85,	2458256
2016/05/13 15:31:55.927	 85 170 2 119 4 0 170 85,	2584640
2016/05/13 15:31:55.929	 85 170 2 49 24 0 170 85,	2298240
2016/05/13 15:31:55.974	 85 170 2 17 55 0 170 85,	2167664
2016/05/13 15:31:55.978	 85 170 2 79 205 0 170 85,	2424016
2016/05/13 15:31:55.981	 85 170 2 121 223 0 170 85,	2596336
2016/05/13 15:31:55.984	 85 170 2 113 6 0 170 85,	2560096
2016/05/13 15:31:55.986	 85 170 2 103 218 0 170 85,	2522528
2016/05/13 15:31:56.022	 85 170 2 31 186 0 170 85,	2227104
2016/05/13 15:31:56.024	 85 170 2 28 185 0 170 85,	2214800
2016/05/13 15:31:56.068	 85 170 2 107 74 0 170 85,	2536608
2016/05/13 15:31:56.070	 85 170 2 109 138 0 170 85,	2545824
2016/05/13 15:31:56.072	 85 170 2 26 216 0 170 85,	2207104
2016/05/13 15:31:56.075	 85 170 2 44 106 0 170 85,	2279072
2016/05/13 15:31:56.077	 85 170 2 114 145 0 170 85,	2566416
2016/05/13 15:31:56.115	 85 170 2 121 249 0 170 85,	2596752
2016/05/13 15:31:56.117	 85 170 2 52 205 0 170 85,	2313424
2016/05/13 15:31:56.161	 85 170 2 24 88 0 170 85,	2196864
2016/05/13 15:31:56.163	 85 170 2 37 232 0 170 85,	2252416
2016/05/13 15:31:56.165	 85 170 2 50 131 0 170 85,	2304048
2016/05/13 15:31:56.166	 85 170 2 123 91 0 170 85,	2602416
2016/05/13 15:31:56.207	 85 170 2 106 7 0 170 85,	2531440
2016/05/13 15:31:56.209	 85 170 2 29 18 0 170 85,	2216224
2016/05/13 15:31:56.211	 85 170 2 43 75 0 170 85,	2274480
2016/05/13 15:31:56.212	 85 170 2 121 31 0 170 85,	2593264
2016/05/13 15:31:56.256	 85 170 2 125 156 0 170 85,	2611648
2016/05/13 15:31:56.258	 85 170 2 46 137 0 170 85,	2287760
2016/05/13 15:31:56.260	 85 170 2 34 91 0 170 85,	2237872
2016/05/13 15:31:56.302	 85 170 2 108 63 0 170 85,	2540528
2016/05/13 15:31:56.312	 85 170 2 63 7 0 170 85,	2355312
2016/05/13 15:31:56.316	 85 170 2 136 232 0 170 85,	2657920
2016/05/13 15:31:56.322	 85 170 2 101 210 0 170 85,	2514208
2016/05/13 15:31:56.327	 85 170 2 32 96 0 170 85,	2229760
2016/05/13 15:31:56.349	 85 170 2 56 236 0 170 85,	2330304
2016/05/13 15:31:56.352	 85 170 2 130 108 0 170 85,	2631360
2016/05/13 15:31:56.396	 85 170 2 113 195 0 170 85,	2563120
2016/05/13 15:31:56.399	 85 170 2 38 237 0 170 85,	2256592
2016/05/13 15:31:56.401	 85 170 2 46 2 0 170 85,	2285600
2016/05/13 15:31:56.402	 85 170 2 118 220 0 170 85,	2584000
2016/05/13 15:31:56.443	 85 170 2 116 66 0 170 85,	2573344
2016/05/13 15:31:56.447	 85 170 2 129 220 0 170 85,	2629056
2016/05/13 15:31:56.451	 85 170 2 76 147 0 170 85,	2410800
2016/05/13 15:31:56.454	 85 170 2 15 8 0 170 85,	2158720
2016/05/13 15:31:56.490	 85 170 2 59 225 0 170 85,	2342416
2016/05/13 15:31:56.493	 85 170 2 129 49 0 170 85,	2626320
2016/05/13 15:31:56.495	 85 170 2 92 1 0 170 85,	2474000
2016/05/13 15:31:56.537	 85 170 2 24 183 0 170 85,	2198384
2016/05/13 15:31:56.539	 85 170 2 54 242 0 170 85,	2322208
2016/05/13 15:31:56.541	 85 170 2 124 59 0 170 85,	2606000
2016/05/13 15:31:56.543	 85 170 2 106 32 0 170 85,	2531840
2016/05/13 15:31:56.582	 85 170 2 31 141 0 170 85,	2226384
2016/05/13 15:31:56.585	 85 170 2 77 205 0 170 85,	2415824
2016/05/13 15:31:56.632	 85 170 2 35 14 0 170 85,	2240736
2016/05/13 15:31:56.641	 85 170 2 87 125 0 170 85,	2455504
2016/05/13 15:31:56.645	 85 170 2 144 15 0 170 85,	2687216
2016/05/13 15:31:56.650	 85 170 2 89 208 0 170 85,	2465024
2016/05/13 15:31:56.657	 85 170 2 33 78 0 170 85,	2233568
2016/05/13 15:31:56.662	 85 170 2 74 71 0 170 85,	2401392
2016/05/13 15:31:56.664	 85 170 2 138 177 0 170 85,	2665232
2016/05/13 15:31:56.677	 85 170 2 102 191 0 170 85,	2518000
2016/05/13 15:31:56.725	 85 170 2 37 124 0 170 85,	2250688
2016/05/13 15:31:56.729	 85 170 2 71 214 0 170 85,	2391392
2016/05/13 15:31:56.733	 85 170 2 142 167 0 170 85,	2681456
2016/05/13 15:31:56.737	 85 170 2 110 99 0 170 85,	2549296
2016/05/13 15:31:56.745	 85 170 2 151 203 0 170 85,	2718896
2016/05/13 15:31:56.750	 85 170 2 83 94 0 170 85,	2438624
2016/05/13 15:31:56.771	 85 170 2 40 234 0 170 85,	2264736
2016/05/13 15:31:56.819	 85 170 2 101 182 0 170 85,	2513760
2016/05/13 15:31:56.825	 85 170 2 142 24 0 170 85,	2679168
2016/05/13 15:31:56.829	 85 170 2 79 37 0 170 85,	2421328
2016/05/13 15:31:56.833	 85 170 2 39 55 0 170 85,	2257776
2016/05/13 15:31:56.838	 85 170 2 85 35 0 170 85,	2445872
2016/05/13 15:31:56.865	 85 170 2 152 148 0 170 85,	2722112
2016/05/13 15:31:56.870	 85 170 2 101 18 0 170 85,	2511136
2016/05/13 15:31:56.915	 85 170 2 136 44 0 170 85,	2654912
2016/05/13 15:31:56.920	 85 170 2 63 17 0 170 85,	2355472
2016/05/13 15:31:56.924	 85 170 2 35 205 0 170 85,	2243792
2016/05/13 15:31:56.929	 85 170 2 102 180 0 170 85,	2517824
2016/05/13 15:31:56.934	 85 170 2 131 194 0 170 85,	2636832
2016/05/13 15:31:56.961	 85 170 2 63 111 0 170 85,	2356976
2016/05/13 15:31:56.968	 85 170 2 32 108 0 170 85,	2229952
2016/05/13 15:31:56.971	 85 170 2 90 148 0 170 85,	2468160
2016/05/13 15:31:56.973	 85 170 2 134 88 0 170 85,	2647424
2016/05/13 15:31:57.006	 85 170 2 67 223 0 170 85,	2375152
2016/05/13 15:31:57.010	 85 170 2 22 136 0 170 85,	2189440
2016/05/13 15:31:57.052	 85 170 2 37 211 0 170 85,	2252080
2016/05/13 15:31:57.056	 85 170 2 35 65 0 170 85,	2241552
2016/05/13 15:31:57.058	 85 170 2 94 149 0 170 85,	2484560
2016/05/13 15:31:57.061	 85 170 2 114 209 0 170 85,	2567440
2016/05/13 15:31:57.099	 85 170 2 64 19 0 170 85,	2359600
2016/05/13 15:31:57.101	 85 170 2 33 144 0 170 85,	2234624
2016/05/13 15:31:57.104	 85 170 2 101 123 0 170 85,	2512816
2016/05/13 15:31:57.148	 85 170 2 129 168 0 170 85,	2628224
2016/05/13 15:31:57.156	 85 170 2 65 72 0 170 85,	2364544
2016/05/13 15:31:57.161	 85 170 2 23 95 0 170 85,	2192880
2016/05/13 15:31:57.166	 85 170 2 84 84 0 170 85,	2442560
2016/05/13 15:31:57.171	 85 170 2 47 222 0 170 85,	2293216
2016/05/13 15:31:57.197	 85 170 2 117 54 0 170 85,	2577248
2016/05/13 15:31:57.202	 85 170 2 101 157 0 170 85,	2513360
2016/05/13 15:31:57.241	 85 170 2 26 185 0 170 85,	2206608
2016/05/13 15:31:57.246	 85 170 2 28 224 0 170 85,	2215424
2016/05/13 15:31:57.251	 85 170 2 103 158 0 170 85,	2521568
2016/05/13 15:31:57.256	 85 170 2 106 130 0 170 85,	2533408
2016/05/13 15:31:57.261	 85 170 2 26 119 0 170 85,	2205552
2016/05/13 15:31:57.265	 85 170 2 10 236 0 170 85,	2141888
2016/05/13 15:31:57.287	 85 170 2 80 186 0 170 85,	2427808
2016/05/13 15:31:57.294	 85 170 2 105 187 0 170 85,	2530224
2016/05/13 15:31:57.334	 85 170 2 33 95 0 170 85,	2233840
2016/05/13 15:31:57.338	 85 170 2 80 63 0 170 85,	2425840
2016/05/13 15:31:57.340	 85 170 2 10 242 0 170 85,	2141984
2016/05/13 15:31:57.343	 85 170 2 31 11 0 170 85,	2224304
2016/05/13 15:31:57.381	 85 170 2 108 105 0 170 85,	2541200
2016/05/13 15:31:57.384	 85 170 2 93 207 0 170 85,	2481392
2016/05/13 15:31:57.427	 85 170 2 28 250 0 170 85,	2215840
2016/05/13 15:31:57.430	 85 170 2 34 140 0 170 85,	2238656
2016/05/13 15:31:57.433	 85 170 2 106 41 0 170 85,	2531984
2016/05/13 15:31:57.435	 85 170 2 109 75 0 170 85,	2544816
2016/05/13 15:31:57.438	 85 170 2 32 146 0 170 85,	2230560
2016/05/13 15:31:57.474	 85 170 2 24 174 0 170 85,	2198240
2016/05/13 15:31:57.477	 85 170 2 15 71 0 170 85,	2159728
2016/05/13 15:31:57.522	 85 170 2 50 127 0 170 85,	2303984
2016/05/13 15:31:57.526	 85 170 2 119 58 0 170 85,	2585504
2016/05/13 15:31:57.528	 85 170 2 82 218 0 170 85,	2436512
2016/05/13 15:31:57.531	 85 170 2 17 83 0 170 85,	2168112
2016/05/13 15:31:57.533	 85 170 2 32 234 0 170 85,	2231968
2016/05/13 15:31:57.570	 85 170 2 110 138 0 170 85,	2549920
2016/05/13 15:31:57.572	 85 170 2 96 94 0 170 85,	2491872
2016/05/13 15:31:57.574	 85 170 2 17 115 0 170 85,	2168624
2016/05/13 15:31:57.615	 85 170 2 30 152 0 170 85,	2222464
2016/05/13 15:31:57.620	 85 170 2 106 244 0 170 85,	2535232
2016/05/13 15:31:57.622	 85 170 2 66 94 0 170 85,	2368992
2016/05/13 15:31:57.662	 85 170 2 122 244 0 170 85,	2600768
2016/05/13 15:31:57.664	 85 170 2 76 18 0 170 85,	2408736
2016/05/13 15:31:57.667	 85 170 2 13 168 0 170 85,	2153088
2016/05/13 15:31:57.669	 85 170 2 53 196 0 170 85,	2317376
2016/05/13 15:31:57.709	 85 170 2 115 59 0 170 85,	2569136
2016/05/13 15:31:57.714	 85 170 2 85 239 0 170 85,	2449136
2016/05/13 15:31:57.720	 85 170 2 23 237 0 170 85,	2195152
2016/05/13 15:31:57.727	 85 170 2 50 178 0 170 85,	2304800
2016/05/13 15:31:57.741	 85 170 2 131 138 0 170 85,	2635936
2016/05/13 15:31:57.751	 85 170 2 99 134 0 170 85,	2504800
2016/05/13 15:31:57.760	 85 170 2 128 252 0 170 85,	2625472
2016/05/13 15:31:57.773	 85 170 2 60 96 0 170 85,	2344448
2016/05/13 15:31:57.803	 85 170 2 17 228 0 170 85,	2170432
2016/05/13 15:31:57.809	 85 170 2 71 93 0 170 85,	2389456
2016/05/13 15:31:57.815	 85 170 2 125 114 0 170 85,	2610976
2016/05/13 15:31:57.849	 85 170 2 74 66 0 170 85,	2401312
2016/05/13 15:31:57.852	 85 170 2 19 131 0 170 85,	2177072
2016/05/13 15:31:57.855	 85 170 2 59 16 0 170 85,	2339072
2016/05/13 15:31:57.896	 85 170 2 124 147 0 170 85,	2607408
2016/05/13 15:31:57.899	 85 170 2 83 134 0 170 85,	2439264
2016/05/13 15:31:57.902	 85 170 2 12 173 0 170 85,	2149072
2016/05/13 15:31:57.904	 85 170 2 46 13 0 170 85,	2285776
2016/05/13 15:31:57.944	 85 170 2 18 93 0 170 85,	2172368
2016/05/13 15:31:57.950	 85 170 2 86 99 0 170 85,	2450992
2016/05/13 15:31:57.953	 85 170 2 120 58 0 170 85,	2589600
2016/05/13 15:31:57.955	 85 170 2 59 79 0 170 85,	2340080
2016/05/13 15:31:57.990	 85 170 2 16 53 0 170 85,	2163536
2016/05/13 15:31:57.996	 85 170 2 79 174 0 170 85,	2423520
2016/05/13 15:31:58.001	 85 170 2 114 60 0 170 85,	2565056
2016/05/13 15:31:58.037	 85 170 2 56 201 0 170 85,	2329744
2016/05/13 15:31:58.042	 85 170 2 20 128 0 170 85,	2181120
2016/05/13 15:31:58.046	 85 170 2 81 174 0 170 85,	2431712
2016/05/13 15:31:58.049	 85 170 2 134 40 0 170 85,	2646656
2016/05/13 15:31:58.084	 85 170 2 101 145 0 170 85,	2513168
2016/05/13 15:31:58.088	 85 170 2 120 9 0 170 85,	2588816
2016/05/13 15:31:58.131	 85 170 2 49 29 0 170 85,	2298320
2016/05/13 15:31:58.140	 85 170 2 25 182 0 170 85,	2202464
2016/05/13 15:31:58.148	 85 170 2 93 118 0 170 85,	2479968
2016/05/13 15:31:58.159	 85 170 2 125 76 0 170 85,	2610368
2016/05/13 15:31:58.164	 85 170 2 53 183 0 170 85,	2317168
2016/05/13 15:31:58.173	 85 170 2 10 216 0 170 85,	2141568
2016/05/13 15:31:58.180	 85 170 2 83 23 0 170 85,	2437488
2016/05/13 15:31:58.184	 85 170 2 123 220 0 170 85,	2604480
2016/05/13 15:31:58.188	 85 170 2 59 255 0 170 85,	2342896
2016/05/13 15:31:58.225	 85 170 2 109 31 0 170 85,	2544112
2016/05/13 15:31:58.229	 85 170 2 31 177 0 170 85,	2226960
2016/05/13 15:31:58.272	 85 170 2 27 82 0 170 85,	2209056
2016/05/13 15:31:58.276	 85 170 2 103 181 0 170 85,	2521936
2016/05/13 15:31:58.278	 85 170 2 117 213 0 170 85,	2579792
2016/05/13 15:31:58.280	 85 170 2 46 71 0 170 85,	2286704
2016/05/13 15:31:58.318	 85 170 2 29 13 0 170 85,	2216144
2016/05/13 15:31:58.321	 85 170 2 104 221 0 170 85,	2526672
2016/05/13 15:31:58.324	 85 170 2 128 195 0 170 85,	2624560
2016/05/13 15:31:58.326	 85 170 2 57 164 0 170 85,	2333248
2016/05/13 15:31:58.367	 85 170 2 25 27 0 170 85,	2199984
2016/05/13 15:31:58.369	 85 170 2 31 155 0 170 85,	2226608
2016/05/13 15:31:58.372	 85 170 2 47 114 0 170 85,	2291488
2016/05/13 15:31:58.412	 85 170 2 118 137 0 170 85,	2582672
2016/05/13 15:31:58.414	 85 170 2 114 37 0 170 85,	2564688
2016/05/13 15:31:58.417	 85 170 2 30 126 0 170 85,	2222048
2016/05/13 15:31:58.419	 85 170 2 33 8 0 170 85,	2232448
2016/05/13 15:31:58.460	 85 170 2 107 122 0 170 85,	2537376
2016/05/13 15:31:58.462	 85 170 2 110 236 0 170 85,	2551488
2016/05/13 15:31:58.465	 85 170 2 40 247 0 170 85,	2264944
2016/05/13 15:31:58.467	 85 170 2 22 2 0 170 85,	2187296
2016/05/13 15:31:58.506	 85 170 2 98 65 0 170 85,	2499600
2016/05/13 15:31:58.508	 85 170 2 55 121 0 170 85,	2324368
2016/05/13 15:31:58.511	 85 170 2 123 152 0 170 85,	2603392
2016/05/13 15:31:58.552	 85 170 2 92 170 0 170 85,	2476704
2016/05/13 15:31:58.556	 85 170 2 24 72 0 170 85,	2196608
2016/05/13 15:31:58.559	 85 170 2 42 183 0 170 85,	2272112
2016/05/13 15:31:58.561	 85 170 2 115 113 0 170 85,	2570000
2016/05/13 15:31:58.600	 85 170 2 101 226 0 170 85,	2514464
2016/05/13 15:31:58.604	 85 170 2 28 215 0 170 85,	2215280
2016/05/13 15:31:58.606	 85 170 2 36 186 0 170 85,	2247584
2016/05/13 15:31:58.646	 85 170 2 113 238 0 170 85,	2563808
2016/05/13 15:31:58.648	 85 170 2 113 31 0 170 85,	2560496
2016/05/13 15:31:58.651	 85 170 2 36 71 0 170 85,	2245744
2016/05/13 15:31:58.653	 85 170 2 77 22 0 170 85,	2412896
2016/05/13 15:31:58.694	 85 170 2 19 234 0 170 85,	2178720
2016/05/13 15:31:58.696	 85 170 2 57 164 0 170 85,	2333248
2016/05/13 15:31:58.699	 85 170 2 119 199 0 170 85,	2587760
2016/05/13 15:31:58.701	 85 170 2 85 252 0 170 85,	2449344
2016/05/13 15:31:58.741	 85 170 2 19 1 0 170 85,	2174992
2016/05/13 15:31:58.747	 85 170 2 43 105 0 170 85,	2274960
2016/05/13 15:31:58.754	 85 170 2 114 84 0 170 85,	2565440
2016/05/13 15:31:58.787	 85 170 2 98 238 0 170 85,	2502368
2016/05/13 15:31:58.794	 85 170 2 18 173 0 170 85,	2173648
2016/05/13 15:31:58.800	 85 170 2 28 111 0 170 85,	2213616
2016/05/13 15:31:58.808	 85 170 2 14 58 0 170 85,	2155424
2016/05/13 15:31:58.815	 85 170 2 66 163 0 170 85,	2370096
2016/05/13 15:31:58.835	 85 170 2 122 31 0 170 85,	2597360
2016/05/13 15:31:58.882	 85 170 2 77 107 0 170 85,	2414256
2016/05/13 15:31:58.889	 85 170 2 13 71 0 170 85,	2151536
2016/05/13 15:31:58.896	 85 170 2 63 135 0 170 85,	2357360
2016/05/13 15:31:58.902	 85 170 2 122 49 0 170 85,	2597648
2016/05/13 15:31:58.908	 85 170 2 86 181 0 170 85,	2452304
2016/05/13 15:31:58.913	 85 170 2 20 10 0 170 85,	2179232
2016/05/13 15:31:58.928	 85 170 2 58 153 0 170 85,	2337168
2016/05/13 15:31:58.933	 85 170 2 125 101 0 170 85,	2610768
2016/05/13 15:31:58.974	 85 170 2 83 35 0 170 85,	2437680
2016/05/13 15:31:58.979	 85 170 2 126 238 0 170 85,	2617056
2016/05/13 15:31:58.982	 85 170 2 66 231 0 170 85,	2371184
2016/05/13 15:31:59.021	 85 170 2 19 103 0 170 85,	2176624
2016/05/13 15:31:59.026	 85 170 2 65 149 0 170 85,	2365776
2016/05/13 15:31:59.030	 85 170 2 112 59 0 170 85,	2556848
2016/05/13 15:31:59.032	 85 170 2 64 172 0 170 85,	2362048
2016/05/13 15:31:59.068	 85 170 2 23 108 0 170 85,	2193088
2016/05/13 15:31:59.070	 85 170 2 70 33 0 170 85,	2384400
2016/05/13 15:31:59.072	 85 170 2 127 55 0 170 85,	2618224
2016/05/13 15:31:59.074	 85 170 2 80 93 0 170 85,	2426320
2016/05/13 15:31:59.114	 85 170 2 15 56 0 170 85,	2159488
2016/05/13 15:31:59.117	 85 170 2 43 1 0 170 85,	2273296
2016/05/13 15:31:59.119	 85 170 2 20 220 0 170 85,	2182592
2016/05/13 15:31:59.161	 85 170 2 87 31 0 170 85,	2454000
2016/05/13 15:31:59.163	 85 170 2 120 106 0 170 85,	2590368
2016/05/13 15:31:59.165	 85 170 2 51 123 0 170 85,	2308016
2016/05/13 15:31:59.167	 85 170 2 7 219 0 170 85,	2129328
2016/05/13 15:31:59.208	 85 170 2 67 44 0 170 85,	2372288
2016/05/13 15:31:59.211	 85 170 2 118 3 0 170 85,	2580528
2016/05/13 15:31:59.213	 85 170 2 63 146 0 170 85,	2357536
2016/05/13 15:31:59.255	 85 170 2 5 181 0 170 85,	2120528
2016/05/13 15:31:59.258	 85 170 2 66 1 0 170 85,	2367504
2016/05/13 15:31:59.260	 85 170 2 24 100 0 170 85,	2197056
2016/05/13 15:31:59.262	 85 170 2 100 216 0 170 85,	2510208
2016/05/13 15:31:59.304	 85 170 2 116 147 0 170 85,	2574640
2016/05/13 15:31:59.310	 85 170 2 36 209 0 170 85,	2247952
2016/05/13 15:31:59.316	 85 170 2 26 124 0 170 85,	2205632
2016/05/13 15:31:59.322	 85 170 2 96 111 0 170 85,	2492144
2016/05/13 15:31:59.328	 85 170 2 125 35 0 170 85,	2609712
2016/05/13 15:31:59.349	 85 170 2 59 115 0 170 85,	2340656
2016/05/13 15:31:59.396	 85 170 2 21 223 0 170 85,	2186736
2016/05/13 15:31:59.398	 85 170 2 95 20 0 170 85,	2486592
2016/05/13 15:31:59.400	 85 170 2 135 202 0 170 85,	2653344
2016/05/13 15:31:59.402	 85 170 2 120 137 0 170 85,	2590864
2016/05/13 15:31:59.403	 85 170 2 119 81 0 170 85,	2585872
2016/05/13 15:31:59.444	 85 170 2 48 143 0 170 85,	2296048
2016/05/13 15:31:59.447	 85 170 2 44 51 0 170 85,	2278192
2016/05/13 15:31:59.448	 85 170 2 120 129 0 170 85,	2590736
2016/05/13 15:31:59.450	 85 170 2 127 144 0 170 85,	2619648
2016/05/13 15:31:59.489	 85 170 2 53 99 0 170 85,	2315824
2016/05/13 15:31:59.492	 85 170 2 33 213 0 170 85,	2235728
2016/05/13 15:31:59.536	 85 170 2 103 82 0 170 85,	2520352
2016/05/13 15:31:59.538	 85 170 2 127 122 0 170 85,	2619296
2016/05/13 15:31:59.540	 85 170 2 56 145 0 170 85,	2328848
2016/05/13 15:31:59.542	 85 170 2 104 229 0 170 85,	2526800
2016/05/13 15:31:59.546	 85 170 2 32 4 0 170 85,	2228288
2016/05/13 15:31:59.584	 85 170 2 51 50 0 170 85,	2306848
2016/05/13 15:31:59.593	 85 170 2 124 171 0 170 85,	2607792
2016/05/13 15:31:59.597	 85 170 2 109 30 0 170 85,	2544096
2016/05/13 15:31:59.632	 85 170 2 34 166 0 170 85,	2239072
2016/05/13 15:31:59.637	 85 170 2 37 65 0 170 85,	2249744
2016/05/13 15:31:59.641	 85 170 2 109 114 0 170 85,	2545440
2016/05/13 15:31:59.645	 85 170 2 111 112 0 170 85,	2553600
2016/05/13 15:31:59.677	 85 170 2 38 149 0 170 85,	2255184
2016/05/13 15:31:59.681	 85 170 2 21 144 0 170 85,	2185472
2016/05/13 15:31:59.723	 85 170 2 101 218 0 170 85,	2514336
2016/05/13 15:31:59.726	 85 170 2 47 71 0 170 85,	2290800
2016/05/13 15:31:59.727	 85 170 2 117 104 0 170 85,	2578048
2016/05/13 15:31:59.730	 85 170 2 87 45 0 170 85,	2454224
2016/05/13 15:31:59.770	 85 170 2 9 19 0 170 85,	2134320
2016/05/13 15:31:59.773	 85 170 2 40 188 0 170 85,	2264000
2016/05/13 15:31:59.775	 85 170 2 110 74 0 170 85,	2548896
2016/05/13 15:31:59.777	 85 170 2 92 162 0 170 85,	2476576
2016/05/13 15:31:59.817	 85 170 2 15 178 0 170 85,	2161440
2016/05/13 15:31:59.820	 85 170 2 28 127 0 170 85,	2213872
2016/05/13 15:31:59.823	 85 170 2 106 23 0 170 85,	2531696
2016/05/13 15:31:59.864	 85 170 2 102 192 0 170 85,	2518016
2016/05/13 15:31:59.867	 85 170 2 121 210 0 170 85,	2596128
2016/05/13 15:31:59.869	 85 170 2 69 147 0 170 85,	2382128
2016/05/13 15:31:59.871	 85 170 2 13 94 0 170 85,	2151904
2016/05/13 15:31:59.912	 85 170 2 58 142 0 170 85,	2336992
2016/05/13 15:31:59.914	 85 170 2 120 126 0 170 85,	2590688
2016/05/13 15:31:59.916	 85 170 2 86 180 0 170 85,	2452288
2016/05/13 15:31:59.917	 85 170 2 16 79 0 170 85,	2163952
2016/05/13 15:31:59.957	 85 170 2 53 166 0 170 85,	2316896
2016/05/13 15:31:59.959	 85 170 2 128 96 0 170 85,	2622976
2016/05/13 15:31:59.961	 85 170 2 112 210 0 170 85,	2559264
2016/05/13 15:32:00.005	 85 170 2 38 38 0 170 85,	2253408
2016/05/13 15:32:00.007	 85 170 2 75 113 0 170 85,	2406160
2016/05/13 15:32:00.009	 85 170 2 20 244 0 170 85,	2182976
2016/05/13 15:32:00.010	 85 170 2 73 31 0 170 85,	2396656
2016/05/13 15:32:00.052	 85 170 2 134 58 0 170 85,	2646944
2016/05/13 15:32:00.055	 85 170 2 100 117 0 170 85,	2508624
2016/05/13 15:32:00.057	 85 170 2 36 102 0 170 85,	2246240
2016/05/13 15:32:00.059	 85 170 2 83 191 0 170 85,	2440176
2016/05/13 15:32:00.099	 85 170 2 140 110 0 170 85,	2672352
2016/05/13 15:32:00.102	 85 170 2 92 108 0 170 85,	2475712
2016/05/13 15:32:00.104	 85 170 2 36 42 0 170 85,	2245280
2016/05/13 15:32:00.148	 85 170 2 70 248 0 170 85,	2387840
2016/05/13 15:32:00.154	 85 170 2 38 214 0 170 85,	2256224
2016/05/13 15:32:00.158	 85 170 2 107 242 0 170 85,	2539296
2016/05/13 15:32:00.161	 85 170 2 141 146 0 170 85,	2677024
2016/05/13 15:32:00.194	 85 170 2 70 32 0 170 85,	2384384
2016/05/13 15:32:00.198	 85 170 2 34 228 0 170 85,	2240064
2016/05/13 15:32:00.201	 85 170 2 90 230 0 170 85,	2469472
2016/05/13 15:32:00.240	 85 170 2 135 105 0 170 85,	2651792
2016/05/13 15:32:00.246	 85 170 2 77 70 0 170 85,	2413664
2016/05/13 15:32:00.250	 85 170 2 19 138 0 170 85,	2177184
2016/05/13 15:32:00.253	 85 170 2 73 53 0 170 85,	2397008
2016/05/13 15:32:00.287	 85 170 2 131 69 0 170 85,	2634832
2016/05/13 15:32:00.290	 85 170 2 107 89 0 170 85,	2536848
2016/05/13 15:32:00.292	 85 170 2 113 163 0 170 85,	2562608
2016/05/13 15:32:00.334	 85 170 2 43 12 0 170 85,	2273472
2016/05/13 15:32:00.336	 85 170 2 19 133 0 170 85,	2177104
2016/05/13 15:32:00.338	 85 170 2 96 168 0 170 85,	2493056
2016/05/13 15:32:00.382	 85 170 2 128 39 0 170 85,	2622064
2016/05/13 15:32:00.385	 85 170 2 60 38 0 170 85,	2343520
2016/05/13 15:32:00.387	 85 170 2 22 125 0 170 85,	2189264
2016/05/13 15:32:00.391	 85 170 2 74 6 0 170 85,	2400352
2016/05/13 15:32:00.393	 85 170 2 121 46 0 170 85,	2593504
2016/05/13 15:32:00.427	 85 170 2 58 115 0 170 85,	2336560
2016/05/13 15:32:00.430	 85 170 2 15 61 0 170 85,	2159568
2016/05/13 15:32:00.474	 85 170 2 30 236 0 170 85,	2223808
2016/05/13 15:32:00.476	 85 170 2 29 95 0 170 85,	2217456
2016/05/13 15:32:00.478	 85 170 2 115 112 0 170 85,	2569984
2016/05/13 15:32:00.482	 85 170 2 121 64 0 170 85,	2593792
2016/05/13 15:32:00.522	 85 170 2 46 25 0 170 85,	2285968
2016/05/13 15:32:00.524	 85 170 2 33 217 0 170 85,	2235792
2016/05/13 15:32:00.526	 85 170 2 104 15 0 170 85,	2523376
2016/05/13 15:32:00.529	 85 170 2 129 213 0 170 85,	2628944
2016/05/13 15:32:00.568	 85 170 2 56 43 0 170 85,	2327216
2016/05/13 15:32:00.573	 85 170 2 29 81 0 170 85,	2217232
2016/05/13 15:32:00.577	 85 170 2 90 108 0 170 85,	2467520
2016/05/13 15:32:00.616	 85 170 2 53 253 0 170 85,	2318288
2016/05/13 15:32:00.618	 85 170 2 131 50 0 170 85,	2634528
2016/05/13 15:32:00.620	 85 170 2 111 228 0 170 85,	2555456
2016/05/13 15:32:00.623	 85 170 2 41 68 0 170 85,	2266176
2016/05/13 15:32:00.662	 85 170 2 42 125 0 170 85,	2271184
2016/05/13 15:32:00.672	 85 170 2 124 16 0 170 85,	2605312
2016/05/13 15:32:00.677	 85 170 2 130 58 0 170 85,	2630560
2016/05/13 15:32:00.684	 85 170 2 40 172 0 170 85,	2263744
2016/05/13 15:32:00.688	 85 170 2 33 61 0 170 85,	2233296
2016/05/13 15:32:00.710	 85 170 2 114 249 0 170 85,	2568080
2016/05/13 15:32:00.712	 85 170 2 128 156 0 170 85,	2623936
2016/05/13 15:32:00.755	 85 170 2 135 30 0 170 85,	2650592
2016/05/13 15:32:00.759	 85 170 2 100 41 0 170 85,	2507408
2016/05/13 15:32:00.762	 85 170 2 25 45 0 170 85,	2200272
2016/05/13 15:32:00.764	 85 170 2 53 232 0 170 85,	2317952
2016/05/13 15:32:00.802	 85 170 2 125 74 0 170 85,	2610336
2016/05/13 15:32:00.805	 85 170 2 116 163 0 170 85,	2574896
2016/05/13 15:32:00.808	 85 170 2 35 225 0 170 85,	2244112
2016/05/13 15:32:00.811	 85 170 2 49 182 0 170 85,	2300768
2016/05/13 15:32:00.849	 85 170 2 124 247 0 170 85,	2609008
2016/05/13 15:32:00.853	 85 170 2 121 160 0 170 85,	2595328
2016/05/13 15:32:00.857	 85 170 2 46 36 0 170 85,	2286144
2016/05/13 15:32:00.898	 85 170 2 86 148 0 170 85,	2451776
2016/05/13 15:32:00.903	 85 170 2 32 18 0 170 85,	2228512
2016/05/13 15:32:00.908	 85 170 2 74 158 0 170 85,	2402784
2016/05/13 15:32:00.911	 85 170 2 140 91 0 170 85,	2672048
2016/05/13 15:32:00.944	 85 170 2 89 129 0 170 85,	2463760
2016/05/13 15:32:00.947	 85 170 2 23 115 0 170 85,	2193200
2016/05/13 15:32:00.952	 85 170 2 55 144 0 170 85,	2324736
2016/05/13 15:32:00.991	 85 170 2 116 40 0 170 85,	2572928
2016/05/13 15:32:00.998	 85 170 2 91 9 0 170 85,	2470032
2016/05/13 15:32:01.001	 85 170 2 37 238 0 170 85,	2252512
2016/05/13 15:32:01.005	 85 170 2 55 57 0 170 85,	2323344
2016/05/13 15:32:01.037	 85 170 2 119 42 0 170 85,	2585248
2016/05/13 15:32:01.041	 85 170 2 86 45 0 170 85,	2450128
2016/05/13 15:32:01.112	 85 170 2 135 168 0 170 85,	2652800
2016/05/13 15:32:01.115	 85 170 2 76 205 0 170 85,	2411728
2016/05/13 15:32:01.117	 85 170 2 17 244 0 170 85,	2170688
2016/05/13 15:32:01.119	 85 170 2 66 146 0 170 85,	2369824
2016/05/13 15:32:01.122	 85 170 2 131 127 0 170 85,	2635760
2016/05/13 15:32:01.125	 85 170 2 89 176 0 170 85,	2464512
2016/05/13 15:32:01.127	 85 170 2 20 23 0 170 85,	2179440
2016/05/13 15:32:01.129	 85 170 2 61 217 0 170 85,	2350480
2016/05/13 15:32:01.177	 85 170 2 128 41 0 170 85,	2622096
2016/05/13 15:32:01.180	 85 170 2 96 213 0 170 85,	2493776
2016/05/13 15:32:01.182	 85 170 2 133 43 0 170 85,	2642608
2016/05/13 15:32:01.225	 85 170 2 58 255 0 170 85,	2338800
2016/05/13 15:32:01.235	 85 170 2 22 5 0 170 85,	2187344
2016/05/13 15:32:01.239	 85 170 2 83 99 0 170 85,	2438704
2016/05/13 15:32:01.244	 85 170 2 130 166 0 170 85,	2632288
2016/05/13 15:32:01.249	 85 170 2 73 30 0 170 85,	2396640
2016/05/13 15:32:01.271	 85 170 2 18 180 0 170 85,	2173760
2016/05/13 15:32:01.274	 85 170 2 79 230 0 170 85,	2424416
2016/05/13 15:32:01.277	 85 170 2 140 174 0 170 85,	2673376
2016/05/13 15:32:01.318	 85 170 2 96 9 0 170 85,	2490512
2016/05/13 15:32:01.324	 85 170 2 30 155 0 170 85,	2222512
2016/05/13 15:32:01.329	 85 170 2 51 148 0 170 85,	2308416
2016/05/13 15:32:01.365	 85 170 2 32 69 0 170 85,	2229328
2016/05/13 15:32:01.370	 85 170 2 113 29 0 170 85,	2560464
2016/05/13 15:32:01.375	 85 170 2 142 30 0 170 85,	2679264
2016/05/13 15:32:01.380	 85 170 2 70 133 0 170 85,	2386000
2016/05/13 15:32:01.385	 85 170 2 31 118 0 170 85,	2226016
2016/05/13 15:32:01.411	 85 170 2 100 202 0 170 85,	2509984
2016/05/13 15:32:01.414	 85 170 2 136 136 0 170 85,	2656384
2016/05/13 15:32:01.417	 85 170 2 77 49 0 170 85,	2413328
2016/05/13 15:32:01.458	 85 170 2 25 232 0 170 85,	2203264
2016/05/13 15:32:01.462	 85 170 2 86 24 0 170 85,	2449792
2016/05/13 15:32:01.467	 85 170 2 42 239 0 170 85,	2273008
2016/05/13 15:32:01.506	 85 170 2 119 152 0 170 85,	2587008
2016/05/13 15:32:01.511	 85 170 2 127 138 0 170 85,	2619552
2016/05/13 15:32:01.515	 85 170 2 45 154 0 170 85,	2283936
2016/05/13 15:32:01.520	 85 170 2 35 74 0 170 85,	2241696
2016/05/13 15:32:01.553	 85 170 2 101 195 0 170 85,	2513968
2016/05/13 15:32:01.564	 85 170 2 127 28 0 170 85,	2617792
2016/05/13 15:32:01.568	 85 170 2 50 248 0 170 85,	2305920
2016/05/13 15:32:01.599	 85 170 2 18 245 0 170 85,	2174800
2016/05/13 15:32:01.601	 85 170 2 92 212 0 170 85,	2477376
2016/05/13 15:32:01.603	 85 170 2 127 164 0 170 85,	2619968
2016/05/13 15:32:01.605	 85 170 2 62 169 0 170 85,	2353808
2016/05/13 15:32:01.646	 85 170 2 109 100 0 170 85,	2545216
2016/05/13 15:32:01.650	 85 170 2 30 127 0 170 85,	2222064
2016/05/13 15:32:01.652	 85 170 2 39 107 0 170 85,	2258608
2016/05/13 15:32:01.654	 85 170 2 114 233 0 170 85,	2567824
2016/05/13 15:32:01.694	 85 170 2 114 112 0 170 85,	2565888
2016/05/13 15:32:01.697	 85 170 2 41 53 0 170 85,	2265936
2016/05/13 15:32:01.739	 85 170 2 40 178 0 170 85,	2263840
2016/05/13 15:32:01.743	 85 170 2 117 149 0 170 85,	2578768
2016/05/13 15:32:01.745	 85 170 2 130 226 0 170 85,	2633248
2016/05/13 15:32:01.748	 85 170 2 58 50 0 170 85,	2335520
2016/05/13 15:32:01.751	 85 170 2 30 214 0 170 85,	2223456
2016/05/13 15:32:01.786	 85 170 2 33 160 0 170 85,	2234880
2016/05/13 15:32:01.788	 85 170 2 57 118 0 170 85,	2332512
2016/05/13 15:32:01.835	 85 170 2 133 254 0 170 85,	2645984
2016/05/13 15:32:01.837	 85 170 2 110 217 0 170 85,	2551184
2016/05/13 15:32:01.841	 85 170 2 34 44 0 170 85,	2237120
2016/05/13 15:32:01.844	 85 170 2 51 0 0 170 85,	2306048
2016/05/13 15:32:01.847	 85 170 2 128 233 0 170 85,	2625168
2016/05/13 15:32:01.881	 85 170 2 118 88 0 170 85,	2581888
2016/05/13 15:32:01.885	 85 170 2 43 12 0 170 85,	2273472
2016/05/13 15:32:01.888	 85 170 2 40 36 0 170 85,	2261568
2016/05/13 15:32:01.926	 85 170 2 115 148 0 170 85,	2570560
2016/05/13 15:32:01.947	 85 170 2 75 104 0 170 85,	2406016
2016/05/13 15:32:01.950	 85 170 2 140 35 0 170 85,	2671152
2016/05/13 15:32:01.951	 85 170 2 94 194 0 170 85,	2485280
2016/05/13 15:32:01.953	 85 170 2 31 197 0 170 85,	2227280
2016/05/13 15:32:01.974	 85 170 2 64 214 0 170 85,	2362720
2016/05/13 15:32:01.976	 85 170 2 134 202 0 170 85,	2649248
2016/05/13 15:32:02.021	 85 170 2 90 111 0 170 85,	2467568
2016/05/13 15:32:02.023	 85 170 2 18 53 0 170 85,	2171728
2016/05/13 15:32:02.025	 85 170 2 62 219 0 170 85,	2354608
2016/05/13 15:32:02.027	 85 170 2 135 173 0 170 85,	2652880
2016/05/13 15:32:02.068	 85 170 2 120 109 0 170 85,	2590416
2016/05/13 15:32:02.070	 85 170 2 143 162 0 170 85,	2685472
2016/05/13 15:32:02.072	 85 170 2 86 189 0 170 85,	2452432
2016/05/13 15:32:02.116	 85 170 2 22 209 0 170 85,	2190608
2016/05/13 15:32:02.118	 85 170 2 78 139 0 170 85,	2418864
2016/05/13 15:32:02.119	 85 170 2 142 48 0 170 85,	2679552
2016/05/13 15:32:02.121	 85 170 2 91 134 0 170 85,	2472032
2016/05/13 15:32:02.162	 85 170 2 24 142 0 170 85,	2197728
2016/05/13 15:32:02.165	 85 170 2 63 189 0 170 85,	2358224
2016/05/13 15:32:02.166	 85 170 2 133 185 0 170 85,	2644880
2016/05/13 15:32:02.168	 85 170 2 103 24 0 170 85,	2519424
2016/05/13 15:32:02.211	 85 170 2 28 30 0 170 85,	2212320
2016/05/13 15:32:02.217	 85 170 2 56 87 0 170 85,	2327920
2016/05/13 15:32:02.220	 85 170 2 24 249 0 170 85,	2199440
2016/05/13 15:32:02.256	 85 170 2 94 206 0 170 85,	2485472
2016/05/13 15:32:02.260	 85 170 2 141 115 0 170 85,	2676528
2016/05/13 15:32:02.265	 85 170 2 74 178 0 170 85,	2403104
2016/05/13 15:32:02.270	 85 170 2 25 132 0 170 85,	2201664
2016/05/13 15:32:02.303	 85 170 2 82 114 0 170 85,	2434848
2016/05/13 15:32:02.307	 85 170 2 143 99 0 170 85,	2684464
2016/05/13 15:32:02.312	 85 170 2 92 209 0 170 85,	2477328
2016/05/13 15:32:02.349	 85 170 2 28 210 0 170 85,	2215200
2016/05/13 15:32:02.351	 85 170 2 75 41 0 170 85,	2405008
2016/05/13 15:32:02.354	 85 170 2 140 206 0 170 85,	2673888
2016/05/13 15:32:02.397	 85 170 2 110 245 0 170 85,	2551632
2016/05/13 15:32:02.400	 85 170 2 140 246 0 170 85,	2674528
2016/05/13 15:32:02.403	 85 170 2 67 32 0 170 85,	2372096
2016/05/13 15:32:02.405	 85 170 2 35 89 0 170 85,	2241936
2016/05/13 15:32:02.408	 85 170 2 97 188 0 170 85,	2497472
2016/05/13 15:32:02.444	 85 170 2 149 162 0 170 85,	2710048
2016/05/13 15:32:02.447	 85 170 2 79 130 0 170 85,	2422816
2016/05/13 15:32:02.490	 85 170 2 36 157 0 170 85,	2247120
2016/05/13 15:32:02.499	 85 170 2 99 16 0 170 85,	2502912
2016/05/13 15:32:02.507	 85 170 2 147 234 0 170 85,	2703008
2016/05/13 15:32:02.513	 85 170 2 93 222 0 170 85,	2481632
2016/05/13 15:32:02.519	 85 170 2 138 85 0 170 85,	2663760
2016/05/13 15:32:02.526	 85 170 2 59 193 0 170 85,	2341904
2016/05/13 15:32:02.540	 85 170 2 56 197 0 170 85,	2329680
2016/05/13 15:32:02.584	 85 170 2 134 107 0 170 85,	2647728
2016/05/13 15:32:02.587	 85 170 2 154 36 0 170 85,	2728512
2016/05/13 15:32:02.590	 85 170 2 75 98 0 170 85,	2405920
2016/05/13 15:32:02.593	 85 170 2 53 100 0 170 85,	2315840
2016/05/13 15:32:02.631	 85 170 2 125 82 0 170 85,	2610464
2016/05/13 15:32:02.632	 85 170 2 157 138 0 170 85,	2742432
2016/05/13 15:32:02.635	 85 170 2 87 231 0 170 85,	2457200
2016/05/13 15:32:02.636	 85 170 2 47 231 0 170 85,	2293360
2016/05/13 15:32:02.677	 85 170 2 53 27 0 170 85,	2314672
2016/05/13 15:32:02.681	 85 170 2 66 88 0 170 85,	2368896
2016/05/13 15:32:02.684	 85 170 2 140 79 0 170 85,	2671856
2016/05/13 15:32:02.724	 85 170 2 136 127 0 170 85,	2656240
2016/05/13 15:32:02.727	 85 170 2 58 27 0 170 85,	2335152
2016/05/13 15:32:02.730	 85 170 2 49 158 0 170 85,	2300384
2016/05/13 15:32:02.734	 85 170 2 127 26 0 170 85,	2617760
2016/05/13 15:32:02.736	 85 170 2 147 2 0 170 85,	2699296
2016/05/13 15:32:02.771	 85 170 2 72 101 0 170 85,	2393680
2016/05/13 15:32:02.774	 85 170 2 52 48 0 170 85,	2310912
2016/05/13 15:32:03.027	 85 170 2 124 157 0 170 85,	2607568
2016/05/13 15:32:03.028	 85 170 2 151 88 0 170 85,	2717056
2016/05/13 15:32:03.030	 85 170 2 146 176 0 170 85,	2697984
2016/05/13 15:32:03.031	 85 170 2 125 222 0 170 85,	2612704
2016/05/13 15:32:03.032	 85 170 2 45 188 0 170 85,	2284480
2016/05/13 15:32:03.034	 85 170 2 59 186 0 170 85,	2341792
2016/05/13 15:32:03.036	 85 170 2 138 158 0 170 85,	2664928
2016/05/13 15:32:03.038	 85 170 2 137 9 0 170 85,	2658448
2016/05/13 15:32:03.039	 85 170 2 50 58 0 170 85,	2302880
2016/05/13 15:32:03.041	 85 170 2 52 17 0 170 85,	2310416
2016/05/13 15:32:03.042	 85 170 2 123 1 0 170 85,	2600976
2016/05/13 15:32:03.044	 85 170 2 138 212 0 170 85,	2665792
2016/05/13 15:32:03.045	 85 170 2 53 160 0 170 85,	2316800
2016/05/13 15:32:03.047	 85 170 2 91 231 0 170 85,	2473584
2016/05/13 15:32:03.048	 85 170 2 13 100 0 170 85,	2152000
2016/05/13 15:32:03.050	 85 170 2 69 80 0 170 85,	2381056
2016/05/13 15:32:03.052	 85 170 2 141 136 0 170 85,	2676864
2016/05/13 15:32:03.053	 85 170 2 115 251 0 170 85,	2572208
2016/05/13 15:32:03.055	 85 170 2 36 216 0 170 85,	2248064
2016/05/13 15:32:03.056	 85 170 2 58 160 0 170 85,	2337280
2016/05/13 15:32:03.058	 85 170 2 127 65 0 170 85,	2618384
2016/05/13 15:32:03.060	 85 170 2 120 23 0 170 85,	2589040
2016/05/13 15:32:03.099	 85 170 2 46 99 0 170 85,	2287152
2016/05/13 15:32:03.101	 85 170 2 50 67 0 170 85,	2303024
2016/05/13 15:32:03.103	 85 170 2 33 171 0 170 85,	2235056
2016/05/13 15:32:03.105	 85 170 2 81 236 0 170 85,	2432704
2016/05/13 15:32:03.147	 85 170 2 136 111 0 170 85,	2655984
2016/05/13 15:32:03.156	 85 170 2 97 150 0 170 85,	2496864
2016/05/13 15:32:03.161	 85 170 2 24 3 0 170 85,	2195504
2016/05/13 15:32:03.167	 85 170 2 68 23 0 170 85,	2376048
2016/05/13 15:32:03.194	 85 170 2 135 181 0 170 85,	2653008
2016/05/13 15:32:03.200	 85 170 2 99 228 0 170 85,	2506304
2016/05/13 15:32:03.203	 85 170 2 30 234 0 170 85,	2223776
2016/05/13 15:32:03.240	 85 170 2 56 249 0 170 85,	2330512
2016/05/13 15:32:03.243	 85 170 2 136 242 0 170 85,	2658080
2016/05/13 15:32:03.247	 85 170 2 100 118 0 170 85,	2508640
2016/05/13 15:32:03.288	 85 170 2 149 96 0 170 85,	2708992
2016/05/13 15:32:03.292	 85 170 2 90 177 0 170 85,	2468624
2016/05/13 15:32:03.295	 85 170 2 32 208 0 170 85,	2231552
2016/05/13 15:32:03.299	 85 170 2 88 142 0 170 85,	2459872
2016/05/13 15:32:03.333	 85 170 2 142 81 0 170 85,	2680080
2016/05/13 15:32:03.337	 85 170 2 97 171 0 170 85,	2497200
2016/05/13 15:32:03.381	 85 170 2 36 145 0 170 85,	2246928
2016/05/13 15:32:03.388	 85 170 2 74 36 0 170 85,	2400832
2016/05/13 15:32:03.396	 85 170 2 139 32 0 170 85,	2667008
2016/05/13 15:32:03.405	 85 170 2 106 240 0 170 85,	2535168
2016/05/13 15:32:03.412	 85 170 2 34 58 0 170 85,	2237344
2016/05/13 15:32:03.433	 85 170 2 63 65 0 170 85,	2356240
2016/05/13 15:32:03.441	 85 170 2 28 54 0 170 85,	2212704
2016/05/13 15:32:03.446	 85 170 2 94 167 0 170 85,	2484848
2016/05/13 15:32:03.449	 85 170 2 138 85 0 170 85,	2663760
2016/05/13 15:32:03.454	 85 170 2 75 164 0 170 85,	2406976
2016/05/13 15:32:03.474	 85 170 2 26 214 0 170 85,	2207072
2016/05/13 15:32:03.480	 85 170 2 82 213 0 170 85,	2436432
2016/05/13 15:32:03.521	 85 170 2 143 127 0 170 85,	2684912
2016/05/13 15:32:03.530	 85 170 2 88 115 0 170 85,	2459440
2016/05/13 15:32:03.534	 85 170 2 26 166 0 170 85,	2206304
2016/05/13 15:32:03.538	 85 170 2 74 34 0 170 85,	2400800
2016/05/13 15:32:03.542	 85 170 2 34 63 0 170 85,	2237424
2016/05/13 15:32:03.569	 85 170 2 114 198 0 170 85,	2567264
2016/05/13 15:32:03.616	 85 170 2 132 60 0 170 85,	2638784
2016/05/13 15:32:03.619	 85 170 2 62 181 0 170 85,	2354000
2016/05/13 15:32:03.622	 85 170 2 27 201 0 170 85,	2210960
2016/05/13 15:32:03.624	 85 170 2 99 243 0 170 85,	2506544
2016/05/13 15:32:03.628	 85 170 2 136 92 0 170 85,	2655680
2016/05/13 15:32:03.661	 85 170 2 74 150 0 170 85,	2402656
2016/05/13 15:32:03.663	 85 170 2 23 97 0 170 85,	2192912
2016/05/13 15:32:03.708	 85 170 2 86 154 0 170 85,	2451872
2016/05/13 15:32:03.710	 85 170 2 145 23 0 170 85,	2691440
2016/05/13 15:32:03.713	 85 170 2 117 95 0 170 85,	2577904
2016/05/13 15:32:03.715	 85 170 2 125 8 0 170 85,	2609280
2016/05/13 15:32:03.718	 85 170 2 44 15 0 170 85,	2277616
2016/05/13 15:32:03.756	 85 170 2 30 240 0 170 85,	2223872
2016/05/13 15:32:03.759	 85 170 2 113 145 0 170 85,	2562320
2016/05/13 15:32:03.761	 85 170 2 132 150 0 170 85,	2640224
2016/05/13 15:32:03.802	 85 170 2 53 191 0 170 85,	2317296
2016/05/13 15:32:03.805	 85 170 2 36 90 0 170 85,	2246048
2016/05/13 15:32:03.807	 85 170 2 102 157 0 170 85,	2517456
2016/05/13 15:32:03.849	 85 170 2 136 87 0 170 85,	2655600
2016/05/13 15:32:03.853	 85 170 2 64 104 0 170 85,	2360960
2016/05/13 15:32:03.856	 85 170 2 111 12 0 170 85,	2552000
2016/05/13 15:32:03.858	 85 170 2 40 33 0 170 85,	2261520
2016/05/13 15:32:03.861	 85 170 2 42 133 0 170 85,	2271312
2016/05/13 15:32:03.897	 85 170 2 121 163 0 170 85,	2595376
2016/05/13 15:32:03.900	 85 170 2 123 2 0 170 85,	2600992
2016/05/13 15:32:03.944	 85 170 2 39 133 0 170 85,	2259024
2016/05/13 15:32:03.947	 85 170 2 36 161 0 170 85,	2247184
2016/05/13 15:32:03.949	 85 170 2 109 195 0 170 85,	2546736
2016/05/13 15:32:03.952	 85 170 2 118 148 0 170 85,	2582848
2016/05/13 15:32:03.990	 85 170 2 40 50 0 170 85,	2261792
2016/05/13 15:32:03.993	 85 170 2 46 153 0 170 85,	2288016
2016/05/13 15:32:03.996	 85 170 2 118 67 0 170 85,	2581552
2016/05/13 15:32:03.998	 85 170 2 67 183 0 170 85,	2374512
2016/05/13 15:32:04.038	 85 170 2 130 118 0 170 85,	2631520
2016/05/13 15:32:04.040	 85 170 2 111 48 0 170 85,	2552576
2016/05/13 15:32:04.042	 85 170 2 38 182 0 170 85,	2255712
2016/05/13 15:32:04.084	 85 170 2 53 60 0 170 85,	2315200
2016/05/13 15:32:04.087	 85 170 2 134 55 0 170 85,	2646896
2016/05/13 15:32:04.090	 85 170 2 128 147 0 170 85,	2623792
2016/05/13 15:32:04.092	 85 170 2 44 26 0 170 85,	2277792
2016/05/13 15:32:04.095	 85 170 2 43 65 0 170 85,	2274320
2016/05/13 15:32:04.132	 85 170 2 113 188 0 170 85,	2563008
2016/05/13 15:32:04.135	 85 170 2 130 135 0 170 85,	2631792
2016/05/13 15:32:04.177	 85 170 2 137 112 0 170 85,	2660096
2016/05/13 15:32:04.182	 85 170 2 94 59 0 170 85,	2483120
2016/05/13 15:32:04.184	 85 170 2 27 151 0 170 85,	2210160
2016/05/13 15:32:04.187	 85 170 2 64 194 0 170 85,	2362400
2016/05/13 15:32:04.189	 85 170 2 133 155 0 170 85,	2644400
2016/05/13 15:32:04.224	 85 170 2 104 120 0 170 85,	2525056
2016/05/13 15:32:04.227	 85 170 2 31 104 0 170 85,	2225792
2016/05/13 15:32:04.271	 85 170 2 60 176 0 170 85,	2345728
2016/05/13 15:32:04.274	 85 170 2 140 73 0 170 85,	2671760
2016/05/13 15:32:04.276	 85 170 2 122 152 0 170 85,	2599296
2016/05/13 15:32:04.278	 85 170 2 46 18 0 170 85,	2285856
2016/05/13 15:32:04.318	 85 170 2 91 17 0 170 85,	2470160
2016/05/13 15:32:04.322	 85 170 2 31 36 0 170 85,	2224704
2016/05/13 15:32:04.325	 85 170 2 88 144 0 170 85,	2459904
2016/05/13 15:32:04.328	 85 170 2 146 226 0 170 85,	2698784
