2016/07/01 17:05:21.112	 170 85 24 0 251 255 199 255 16 240 0 3 48 255 9 2 85 170,	6144
2016/07/01 17:05:21.118	 170 85 60 0 253 255 176 255 32 240 176 2 160 254 10 2 85 170,	15360
2016/07/01 17:05:21.124	 170 85 54 0 11 0 191 255 80 240 144 2 240 253 11 2 85 170,	13824
2016/07/01 17:05:21.129	 170 85 243 255 16 0 240 255 64 240 160 2 32 254 12 2 85 170,	62463
2016/07/01 17:05:21.132	 170 85 235 255 16 0 222 255 32 240 144 2 128 254 13 2 85 170,	60415
2016/07/01 17:05:21.141	 170 85 237 255 19 0 215 255 112 240 160 2 192 254 14 2 85 170,	60927
2016/07/01 17:05:21.144	 170 85 253 255 34 0 229 255 112 240 96 2 96 254 15 2 85 170,	65023
2016/07/01 17:05:21.147	 170 85 8 0 40 0 33 0 64 240 192 2 32 254 16 2 85 170,	2048
2016/07/01 17:05:21.149	 170 85 237 255 43 0 53 0 0 240 240 3 48 254 17 2 85 170,	60927
2016/07/01 17:05:21.151	 170 85 190 255 23 0 237 255 64 240 160 3 160 254 18 2 85 170,	48895
2016/07/01 17:05:21.154	 170 85 222 255 21 0 174 255 0 240 112 3 16 254 19 2 85 170,	57087
2016/07/01 17:05:21.156	 170 85 199 255 15 0 170 255 16 240 240 2 32 254 20 2 85 170,	51199
2016/07/01 17:05:21.158	 170 85 181 255 247 255 163 255 96 240 96 2 48 254 21 2 85 170,	46591
2016/07/01 17:05:21.160	 170 85 174 255 21 0 130 255 32 240 64 2 224 253 22 2 85 170,	44799
2016/07/01 17:05:21.163	 170 85 140 255 20 0 158 255 80 240 176 1 32 254 23 2 85 170,	36095
2016/07/01 17:05:21.165	 170 85 105 255 35 0 204 255 144 240 240 1 16 255 24 2 85 170,	27135
2016/07/01 17:05:21.167	 170 85 146 255 41 0 242 255 176 240 16 2 224 254 25 2 85 170,	37631
2016/07/01 17:05:21.169	 170 85 187 255 58 0 7 0 64 240 48 2 0 255 26 2 85 170,	48127
2016/07/01 17:05:21.171	 170 85 182 255 90 0 67 0 64 240 160 2 96 254 27 2 85 170,	46847
2016/07/01 17:05:21.172	 170 85 166 255 83 0 97 0 48 240 80 3 80 255 28 2 85 170,	42751
2016/07/01 17:05:21.174	 170 85 176 255 64 0 83 0 0 240 128 3 80 255 29 2 85 170,	45311
2016/07/01 17:05:21.176	 170 85 229 255 46 0 27 0 32 240 80 2 96 255 30 2 85 170,	58879
2016/07/01 17:05:21.178	 170 85 239 255 26 0 237 255 0 240 48 3 64 255 31 2 85 170,	61439
2016/07/01 17:05:21.180	 170 85 14 0 12 0 206 255 80 240 224 2 48 255 32 2 85 170,	3584
2016/07/01 17:05:21.181	 170 85 48 0 5 0 211 255 176 240 192 2 208 254 33 2 85 170,	12288
2016/07/01 17:05:21.183	 170 85 39 0 252 255 210 255 64 240 176 2 192 254 34 2 85 170,	9984
2016/07/01 17:05:21.185	 170 85 28 0 255 255 205 255 32 240 128 2 64 254 35 2 85 170,	7168
2016/07/01 17:05:21.186	 170 85 18 0 13 0 209 255 48 240 128 2 32 254 36 2 85 170,	4608
2016/07/01 17:05:21.188	 170 85 236 255 17 0 229 255 80 240 144 2 32 254 37 2 85 170,	60671
2016/07/01 17:05:21.190	 170 85 221 255 36 0 234 255 112 240 16 2 96 254 38 2 85 170,	56831
2016/07/01 17:05:21.192	 170 85 204 255 55 0 1 0 240 239 96 2 48 254 39 2 85 170,	52479
2016/07/01 17:05:21.194	 170 85 191 255 61 0 21 0 16 240 144 2 96 254 40 2 85 170,	49151
2016/07/01 17:05:21.196	 170 85 178 255 61 0 32 0 0 240 208 2 160 254 41 2 85 170,	45823
2016/07/01 17:05:21.198	 170 85 170 255 60 0 21 0 48 240 240 2 176 254 42 2 85 170,	43775
2016/07/01 17:05:21.199	 170 85 170 255 54 0 252 255 48 240 0 3 224 254 43 2 85 170,	43775
2016/07/01 17:05:21.201	 170 85 187 255 47 0 239 255 16 240 240 2 64 255 44 2 85 170,	48127
2016/07/01 17:05:21.203	 170 85 222 255 29 0 232 255 240 239 224 2 48 255 45 2 85 170,	57087
2016/07/01 17:05:21.204	 170 85 247 255 32 0 245 255 112 240 208 2 160 254 46 2 85 170,	63487
2016/07/01 17:05:21.206	 170 85 247 255 35 0 3 0 16 240 176 2 144 254 47 2 85 170,	63487
2016/07/01 17:05:21.207	 170 85 222 255 24 0 3 0 64 240 208 2 128 254 48 2 85 170,	57087
2016/07/01 17:05:21.210	 170 85 229 255 29 0 229 255 64 240 144 2 128 254 49 2 85 170,	58879
2016/07/01 17:05:21.213	 170 85 242 255 48 0 251 255 64 240 208 2 80 254 50 2 85 170,	62207
2016/07/01 17:05:21.215	 170 85 222 255 29 0 8 0 80 240 192 2 64 254 51 2 85 170,	57087
2016/07/01 17:05:21.216	 170 85 184 255 39 0 240 255 48 240 240 2 0 254 52 2 85 170,	47359
2016/07/01 17:05:21.218	 170 85 207 255 49 0 244 255 80 240 128 2 144 254 53 2 85 170,	53247
2016/07/01 17:05:21.219	 170 85 210 255 52 0 9 0 80 240 240 2 224 254 54 2 85 170,	54015
2016/07/01 17:05:21.220	 170 85 192 255 48 0 0 0 48 240 240 2 240 254 55 2 85 170,	49407
2016/07/01 17:05:21.222	 170 85 208 255 46 0 248 255 16 240 208 2 192 254 56 2 85 170,	53503
2016/07/01 17:05:21.224	 170 85 219 255 40 0 233 255 128 240 176 2 192 254 57 2 85 170,	56319
2016/07/01 17:05:21.226	 170 85 199 255 40 0 238 255 32 240 224 2 80 254 58 2 85 170,	51199
2016/07/01 17:05:21.228	 170 85 198 255 36 0 228 255 48 240 176 2 80 254 59 2 85 170,	50943
2016/07/01 17:05:21.229	 170 85 154 255 52 0 239 255 16 240 48 3 144 254 60 2 85 170,	39679
2016/07/01 17:05:21.230	 170 85 157 255 55 0 238 255 240 239 240 2 240 254 61 2 85 170,	40447
2016/07/01 17:05:21.233	 170 85 133 255 44 0 231 255 48 240 240 2 96 255 62 2 85 170,	34303
2016/07/01 17:05:21.235	 170 85 154 255 43 0 206 255 240 239 144 2 144 255 63 2 85 170,	39679
2016/07/01 17:05:21.236	 170 85 223 255 34 0 207 255 80 240 224 2 112 255 64 2 85 170,	57343
2016/07/01 17:05:21.238	 170 85 1 0 24 0 217 255 112 240 112 2 64 255 65 2 85 170,	256
2016/07/01 17:05:21.239	 170 85 252 255 40 0 255 255 48 240 192 2 176 254 66 2 85 170,	64767
2016/07/01 17:05:21.240	 170 85 10 0 31 0 23 0 64 240 16 3 16 254 67 2 85 170,	2560
2016/07/01 17:05:21.244	 170 85 204 255 17 0 249 255 16 240 240 2 176 254 68 2 85 170,	52479
2016/07/01 17:05:21.247	 170 85 232 255 34 0 213 255 48 240 112 2 0 255 69 2 85 170,	59647
2016/07/01 17:05:21.248	 170 85 234 255 32 0 225 255 96 240 112 2 208 254 70 2 85 170,	60159
2016/07/01 17:05:21.250	 170 85 235 255 42 0 13 0 64 240 160 2 112 254 71 2 85 170,	60415
2016/07/01 17:05:21.251	 170 85 236 255 56 0 44 0 32 240 224 2 192 254 72 2 85 170,	60671
2016/07/01 17:05:21.253	 170 85 205 255 40 0 22 0 16 240 32 3 144 254 73 2 85 170,	52735
2016/07/01 17:05:21.254	 170 85 197 255 42 0 239 255 16 240 208 2 16 255 74 2 85 170,	50687
2016/07/01 17:05:21.256	 170 85 206 255 52 0 239 255 0 240 192 2 48 255 75 2 85 170,	52991
2016/07/01 17:05:21.258	 170 85 232 255 44 0 22 0 80 240 32 3 160 254 76 2 85 170,	59647
2016/07/01 17:05:21.259	 170 85 193 255 26 0 245 255 48 240 240 2 16 255 77 2 85 170,	49663
2016/07/01 17:05:21.260	 170 85 229 255 31 0 190 255 48 240 112 2 16 255 78 2 85 170,	58879
2016/07/01 17:05:21.263	 170 85 254 255 44 0 237 255 80 240 128 2 128 254 79 2 85 170,	65279
2016/07/01 17:05:21.264	 170 85 224 255 50 0 37 0 64 240 224 2 96 254 80 2 85 170,	57599
2016/07/01 17:05:21.266	 170 85 193 255 52 0 16 0 80 240 128 3 192 254 81 2 85 170,	49663
2016/07/01 17:05:21.267	 170 85 204 255 41 0 223 255 32 240 16 3 176 254 82 2 85 170,	52479
2016/07/01 17:05:21.269	 170 85 196 255 50 0 211 255 16 240 144 2 208 254 83 2 85 170,	50431
2016/07/01 17:05:21.270	 170 85 189 255 42 0 221 255 48 240 112 2 80 255 84 2 85 170,	48639
2016/07/01 17:05:21.272	 170 85 202 255 39 0 251 255 48 240 176 2 240 255 85 2 85 170,	51967
2016/07/01 17:05:21.275	 170 85 0 0 36 0 15 0 32 240 32 3 160 254 86 2 85 170,	0
2016/07/01 17:05:21.277	 170 85 232 255 31 0 2 0 16 239 16 3 128 254 87 2 85 170,	59647
2016/07/01 17:05:21.279	 170 85 225 255 22 0 228 255 48 240 80 3 128 254 88 2 85 170,	57855
2016/07/01 17:05:21.280	 170 85 224 255 20 0 207 255 96 240 224 2 160 254 89 2 85 170,	57599
2016/07/01 17:05:21.282	 170 85 219 255 27 0 199 255 64 240 128 2 176 254 90 2 85 170,	56319
2016/07/01 17:05:21.284	 170 85 224 255 38 0 230 255 0 240 112 2 112 254 91 2 85 170,	57599
2016/07/01 17:05:21.285	 170 85 215 255 33 0 254 255 240 239 208 2 0 255 92 2 85 170,	55295
2016/07/01 17:05:21.287	 170 85 212 255 42 0 246 255 48 240 176 2 160 254 93 2 85 170,	54527
2016/07/01 17:05:21.289	 170 85 226 255 33 0 232 255 64 240 112 2 240 254 94 2 85 170,	58111
2016/07/01 17:05:21.290	 170 85 241 255 29 0 248 255 16 240 176 2 16 255 95 2 85 170,	61951
2016/07/01 17:05:21.292	 170 85 223 255 32 0 1 0 64 240 112 2 160 254 96 2 85 170,	57343
2016/07/01 17:05:21.294	 170 85 219 255 40 0 254 255 48 240 176 2 192 254 97 2 85 170,	56319
2016/07/01 17:05:21.296	 170 85 214 255 40 0 247 255 48 240 32 3 144 254 98 2 85 170,	55039
2016/07/01 17:05:21.297	 170 85 205 255 42 0 238 255 32 240 176 2 144 254 99 2 85 170,	52735
2016/07/01 17:05:21.299	 170 85 199 255 33 0 224 255 48 240 128 2 224 254 100 2 85 170,	51199
2016/07/01 17:05:21.300	 170 85 202 255 50 0 255 255 80 240 192 2 224 254 101 2 85 170,	51967
2016/07/01 17:05:21.302	 170 85 217 255 43 0 28 0 48 240 224 2 224 254 102 2 85 170,	55807
2016/07/01 17:05:21.304	 170 85 187 255 55 0 35 0 16 240 96 3 80 255 103 2 85 170,	48127
2016/07/01 17:05:21.305	 170 85 204 255 35 0 223 255 16 240 224 2 16 255 104 2 85 170,	52479
2016/07/01 17:05:21.307	 170 85 232 255 29 0 205 255 80 240 160 2 144 255 105 2 85 170,	59647
2016/07/01 17:05:21.308	 170 85 13 0 37 0 232 255 16 240 144 2 32 255 106 2 85 170,	3328
2016/07/01 17:05:21.310	 170 85 57 0 42 0 31 0 32 240 48 3 48 254 107 2 85 170,	14592
2016/07/01 17:05:21.312	 170 85 250 255 36 0 19 0 48 240 64 3 112 254 108 2 85 170,	64255
2016/07/01 17:05:21.313	 170 85 226 255 38 0 236 255 0 240 160 2 144 254 109 2 85 170,	58111
2016/07/01 17:05:21.315	 170 85 210 255 37 0 227 255 96 240 224 2 64 254 110 2 85 170,	54015
2016/07/01 17:05:21.316	 170 85 167 255 55 0 253 255 48 240 96 2 208 254 111 2 85 170,	43007
2016/07/01 17:05:21.318	 170 85 184 255 62 0 15 0 64 240 0 3 192 254 112 2 85 170,	47359
2016/07/01 17:05:21.319	 170 85 208 255 42 0 16 0 32 240 240 2 64 255 113 2 85 170,	53503
2016/07/01 17:05:21.321	 170 85 219 255 47 0 235 255 32 240 224 2 16 255 114 2 85 170,	56319
2016/07/01 17:05:21.323	 170 85 233 255 49 0 246 255 64 240 0 3 32 255 115 2 85 170,	59903
2016/07/01 17:05:21.325	 170 85 250 255 28 0 247 255 16 240 160 2 16 255 116 2 85 170,	64255
2016/07/01 17:05:21.327	 170 85 32 0 51 0 5 0 48 240 0 3 128 254 117 2 85 170,	8192
2016/07/01 17:05:21.328	 170 85 14 0 41 0 39 0 80 240 0 3 144 254 118 2 85 170,	3584
2016/07/01 17:05:21.330	 170 85 250 255 44 0 25 0 64 240 48 3 128 254 119 2 85 170,	64255
2016/07/01 17:05:21.330	 170 85 225 255 29 0 230 255 32 240 208 2 176 254 120 2 85 170,	57855
2016/07/01 17:05:21.333	 170 85 229 255 46 0 220 255 112 240 96 2 208 254 121 2 85 170,	58879
2016/07/01 17:05:21.335	 170 85 234 255 49 0 24 0 96 240 176 2 128 254 122 2 85 170,	60159
2016/07/01 17:05:21.336	 170 85 224 255 59 0 37 0 16 240 16 3 192 254 123 2 85 170,	57599
2016/07/01 17:05:21.338	 170 85 196 255 43 0 6 0 0 240 32 3 0 255 124 2 85 170,	50431
2016/07/01 17:05:21.340	 170 85 210 255 41 0 230 255 64 240 16 3 176 254 125 2 85 170,	54015
2016/07/01 17:05:21.342	 170 85 228 255 39 0 227 255 0 240 176 2 176 254 126 2 85 170,	58623
2016/07/01 17:05:21.344	 170 85 231 255 46 0 10 0 48 240 208 2 176 254 127 2 85 170,	59391
2016/07/01 17:05:21.346	 170 85 231 255 39 0 11 0 240 239 0 3 240 254 128 2 85 170,	59391
2016/07/01 17:05:21.348	 170 85 227 255 37 0 252 255 240 239 0 3 224 254 129 2 85 170,	58367
2016/07/01 17:05:21.350	 170 85 231 255 46 0 254 255 32 240 176 2 144 254 130 2 85 170,	59391
2016/07/01 17:05:21.356	 170 85 223 255 37 0 8 0 16 240 0 3 160 254 131 2 85 170,	57343
2016/07/01 17:05:21.360	 170 85 225 255 46 0 245 255 32 240 240 2 192 254 132 2 85 170,	57855
2016/07/01 17:05:21.364	 170 85 229 255 40 0 252 255 48 240 224 2 192 254 133 2 85 170,	58879
2016/07/01 17:05:21.366	 170 85 219 255 38 0 251 255 96 240 224 2 240 254 134 2 85 170,	56319
2016/07/01 17:05:21.368	 170 85 204 255 31 0 240 255 64 240 208 2 240 254 135 2 85 170,	52479
2016/07/01 17:05:21.370	 170 85 248 255 34 0 233 255 80 240 192 2 208 254 136 2 85 170,	63743
2016/07/01 17:05:21.372	 170 85 12 0 38 0 248 255 80 240 224 2 208 254 137 2 85 170,	3072
2016/07/01 17:05:21.374	 170 85 231 255 32 0 255 255 64 240 0 3 96 254 138 2 85 170,	59391
2016/07/01 17:05:21.377	 170 85 224 255 36 0 237 255 96 240 208 2 208 254 139 2 85 170,	57599
2016/07/01 17:05:21.378	 170 85 225 255 33 0 233 255 64 240 160 2 48 254 140 2 85 170,	57855
2016/07/01 17:05:21.381	 170 85 207 255 54 0 0 0 96 240 208 2 112 254 141 2 85 170,	53247
2016/07/01 17:05:21.382	 170 85 196 255 49 0 23 0 64 240 112 3 240 254 142 2 85 170,	50431
2016/07/01 17:05:21.385	 170 85 212 255 48 0 254 255 16 240 32 3 16 255 143 2 85 170,	54527
2016/07/01 17:05:21.387	 170 85 227 255 47 0 247 255 0 240 224 2 192 254 144 2 85 170,	58367
2016/07/01 17:05:21.389	 170 85 228 255 30 0 251 255 48 240 64 3 240 254 145 2 85 170,	58623
2016/07/01 17:05:21.390	 170 85 248 255 34 0 242 255 48 240 64 3 112 254 146 2 85 170,	63743
2016/07/01 17:05:21.393	 170 85 226 255 18 0 215 255 48 240 208 2 176 254 147 2 85 170,	58111
2016/07/01 17:05:21.396	 170 85 235 255 39 0 205 255 240 239 128 2 192 254 148 2 85 170,	60415
2016/07/01 17:05:21.397	 170 85 235 255 30 0 254 255 96 240 176 2 64 254 149 2 85 170,	60415
2016/07/01 17:05:21.400	 170 85 214 255 39 0 10 0 64 240 80 3 48 254 150 2 85 170,	55039
2016/07/01 17:05:21.402	 170 85 171 255 46 0 220 255 80 240 96 3 240 255 151 2 85 170,	44031
2016/07/01 17:05:21.404	 170 85 229 255 42 0 227 255 64 240 224 2 16 255 152 2 85 170,	58879
2016/07/01 17:05:21.406	 170 85 228 255 36 0 235 255 32 240 0 3 0 255 153 2 85 170,	58623
2016/07/01 17:05:21.408	 170 85 223 255 32 0 235 255 32 240 0 3 192 254 154 2 85 170,	57343
2016/07/01 17:05:21.410	 170 85 254 255 31 0 212 255 80 240 192 2 240 254 155 2 85 170,	65279
2016/07/01 17:05:21.411	 170 85 239 255 29 0 219 255 16 240 0 3 32 255 156 2 85 170,	61439
2016/07/01 17:05:21.414	 170 85 8 0 37 0 241 255 224 239 80 3 0 255 157 2 85 170,	2048
2016/07/01 17:05:21.416	 170 85 51 0 26 0 224 255 240 239 128 4 16 255 158 2 85 170,	13056
2016/07/01 17:05:21.419	 170 85 61 0 239 255 36 255 240 239 144 3 112 255 159 2 85 170,	15616
2016/07/01 17:05:21.420	 170 85 124 0 237 255 197 254 16 240 112 3 192 255 160 2 85 170,	31744
2016/07/01 17:05:21.422	 170 85 148 0 45 0 20 255 48 239 160 4 16 1 161 2 85 170,	37888
2016/07/01 17:05:21.424	 170 85 76 1 158 255 10 255 112 239 240 5 64 0 162 2 85 170,	19457
2016/07/01 17:05:21.426	 170 85 201 1 90 255 190 253 192 239 112 4 64 255 163 2 85 170,	51457
2016/07/01 17:05:21.428	 170 85 236 1 44 255 10 253 16 240 144 2 176 254 164 2 85 170,	60417
2016/07/01 17:05:21.430	 170 85 225 1 144 255 77 253 96 240 192 1 32 253 165 2 85 170,	57601
2016/07/01 17:05:21.432	 170 85 96 1 200 255 147 253 80 240 80 2 112 253 166 2 85 170,	24577
2016/07/01 17:05:21.434	 170 85 108 1 120 255 221 252 144 240 96 1 112 253 167 2 85 170,	27649
2016/07/01 17:05:21.436	 170 85 200 1 18 255 141 252 64 241 192 255 224 252 168 2 85 170,	51201
2016/07/01 17:05:21.439	 170 85 47 2 86 255 153 252 144 241 96 254 176 251 169 2 85 170,	12034
2016/07/01 17:05:21.441	 170 85 55 2 106 255 120 253 16 241 240 253 224 250 170 2 85 170,	14082
2016/07/01 17:05:21.443	 170 85 117 1 212 255 136 254 176 241 32 254 32 251 171 2 85 170,	29953
2016/07/01 17:05:21.445	 170 85 24 1 195 255 249 254 80 241 80 254 176 250 172 2 85 170,	6145
2016/07/01 17:05:21.447	 170 85 96 0 190 255 73 255 96 241 208 253 112 250 173 2 85 170,	24576
2016/07/01 17:05:21.449	 170 85 196 255 66 0 221 255 0 241 16 254 144 250 174 2 85 170,	50431
2016/07/01 17:05:21.450	 170 85 50 255 97 0 145 0 64 241 64 255 176 251 175 2 85 170,	13055
2016/07/01 17:05:21.453	 170 85 255 254 89 0 150 0 192 240 128 255 192 252 176 2 85 170,	65534
2016/07/01 17:05:21.455	 170 85 61 255 87 0 176 0 64 240 16 0 224 252 177 2 85 170,	15871
2016/07/01 17:05:21.457	 170 85 140 255 49 0 185 0 32 240 144 0 16 253 178 2 85 170,	36095
2016/07/01 17:05:21.459	 170 85 177 255 47 0 143 0 208 239 208 0 240 252 179 2 85 170,	45567
2016/07/01 17:05:21.461	 170 85 183 255 24 0 113 0 32 240 192 0 16 253 180 2 85 170,	47103
2016/07/01 17:05:21.462	 170 85 191 255 32 0 91 0 0 240 208 0 16 253 181 2 85 170,	49151
2016/07/01 17:05:21.465	 170 85 177 255 29 0 85 0 64 240 224 0 96 253 182 2 85 170,	45567
2016/07/01 17:05:21.468	 170 85 204 255 15 0 72 0 224 239 240 0 64 253 183 2 85 170,	52479
2016/07/01 17:05:21.470	 170 85 7 0 253 255 40 0 0 240 16 1 16 253 184 2 85 170,	1792
2016/07/01 17:05:21.472	 170 85 250 255 233 255 228 255 112 240 208 0 208 252 185 2 85 170,	64255
2016/07/01 17:05:21.474	 170 85 7 0 243 255 190 255 32 240 32 0 192 252 186 2 85 170,	1792
2016/07/01 17:05:21.477	 170 85 3 0 247 255 225 255 32 240 176 0 176 252 187 2 85 170,	768
2016/07/01 17:05:21.479	 170 85 221 255 230 255 234 255 112 240 112 0 192 252 188 2 85 170,	56831
2016/07/01 17:05:21.481	 170 85 247 255 250 255 203 255 96 240 0 0 96 252 189 2 85 170,	63487
2016/07/01 17:05:21.483	 170 85 231 255 3 0 221 255 64 240 208 255 160 252 190 2 85 170,	59391
2016/07/01 17:05:21.484	 170 85 215 255 13 0 252 255 80 240 32 0 112 252 191 2 85 170,	55295
2016/07/01 17:05:21.486	 170 85 219 255 18 0 26 0 16 240 80 0 144 252 192 2 85 170,	56319
2016/07/01 17:05:21.488	 170 85 198 255 37 0 28 0 64 240 128 0 0 253 193 2 85 170,	50943
2016/07/01 17:05:21.489	 170 85 224 255 21 0 1 0 64 240 192 0 128 252 194 2 85 170,	57599
2016/07/01 17:05:21.491	 170 85 227 255 23 0 235 255 64 240 144 0 96 252 195 2 85 170,	58367
2016/07/01 17:05:21.492	 170 85 207 255 16 0 227 255 128 240 64 0 224 252 196 2 85 170,	53247
2016/07/01 17:05:21.494	 170 85 228 255 7 0 238 255 96 240 64 0 96 252 197 2 85 170,	58623
2016/07/01 17:05:21.496	 170 85 231 255 12 0 4 0 128 240 32 0 160 252 198 2 85 170,	59391
2016/07/01 17:05:21.497	 170 85 254 255 12 0 23 0 128 240 80 0 48 252 199 2 85 170,	65279
2016/07/01 17:05:21.499	 170 85 235 255 17 0 20 0 112 240 80 0 64 252 200 2 85 170,	60415
2016/07/01 17:05:21.500	 170 85 203 255 39 0 23 0 160 240 48 0 160 252 201 2 85 170,	52223
2016/07/01 17:05:21.502	 170 85 202 255 29 0 43 0 112 240 32 0 240 252 202 2 85 170,	51967
2016/07/01 17:05:21.504	 170 85 214 255 73 0 52 0 80 240 32 0 160 252 203 2 85 170,	55039
2016/07/01 17:05:21.505	 170 85 207 255 30 0 101 0 64 240 48 0 80 252 204 2 85 170,	53247
2016/07/01 17:05:21.507	 170 85 186 255 34 0 81 0 64 240 160 0 192 252 205 2 85 170,	47871
2016/07/01 17:05:21.508	 170 85 202 255 31 0 52 0 0 240 176 0 112 252 206 2 85 170,	51967
2016/07/01 17:05:21.510	 170 85 176 255 36 0 11 0 0 240 128 0 96 252 207 2 85 170,	45311
2016/07/01 17:05:21.511	 170 85 160 255 26 0 20 0 80 240 144 0 224 252 208 2 85 170,	41215
2016/07/01 17:05:21.513	 170 85 153 255 23 0 15 0 48 240 48 0 96 253 209 2 85 170,	39423
2016/07/01 17:05:21.515	 170 85 179 255 63 0 19 0 64 240 144 0 224 252 210 2 85 170,	46079
2016/07/01 17:05:21.516	 170 85 198 255 35 0 33 0 64 240 176 0 240 252 211 2 85 170,	50943
2016/07/01 17:05:21.518	 170 85 214 255 28 0 39 0 64 240 208 0 208 252 212 2 85 170,	55039
2016/07/01 17:05:21.520	 170 85 205 255 44 0 245 255 64 240 192 0 240 252 213 2 85 170,	52735
2016/07/01 17:05:21.522	 170 85 245 255 20 0 231 255 64 240 112 0 192 252 214 2 85 170,	62975
2016/07/01 17:05:21.524	 170 85 242 255 36 0 4 0 16 240 160 0 144 252 215 2 85 170,	62207
2016/07/01 17:05:21.525	 170 85 205 255 19 0 242 255 80 240 208 0 0 253 216 2 85 170,	52735
2016/07/01 17:05:21.527	 170 85 222 255 27 0 211 255 96 240 112 0 16 253 217 2 85 170,	57087
2016/07/01 17:05:21.529	 170 85 241 255 29 0 220 255 96 240 80 0 224 252 218 2 85 170,	61951
2016/07/01 17:05:21.530	 170 85 228 255 28 0 248 255 96 240 80 0 128 252 219 2 85 170,	58623
2016/07/01 17:05:21.532	 170 85 218 255 29 0 1 0 64 240 112 0 144 252 220 2 85 170,	56063
2016/07/01 17:05:21.534	 170 85 220 255 38 0 4 0 32 240 176 0 16 253 221 2 85 170,	56575
2016/07/01 17:05:21.535	 170 85 202 255 37 0 247 255 32 240 208 0 208 252 222 2 85 170,	51967
2016/07/01 17:05:21.537	 170 85 201 255 37 0 241 255 32 240 144 0 32 253 223 2 85 170,	51711
2016/07/01 17:05:21.539	 170 85 224 255 24 0 227 255 64 240 128 0 64 253 224 2 85 170,	57599
2016/07/01 17:05:21.540	 170 85 238 255 19 0 229 255 16 240 176 0 96 252 225 2 85 170,	61183
2016/07/01 17:05:21.542	 170 85 233 255 35 0 245 255 64 240 144 0 160 252 226 2 85 170,	59903
2016/07/01 17:05:21.544	 170 85 198 255 23 0 234 255 112 240 64 0 192 252 227 2 85 170,	50943
2016/07/01 17:05:21.545	 170 85 220 255 33 0 235 255 112 240 112 0 192 252 228 2 85 170,	56575
2016/07/01 17:05:21.547	 170 85 230 255 31 0 252 255 160 240 128 0 128 252 229 2 85 170,	59135
2016/07/01 17:05:21.550	 170 85 178 255 37 0 252 255 96 240 144 0 192 252 230 2 85 170,	45823
2016/07/01 17:05:21.550	 170 85 205 255 44 0 255 255 48 240 80 0 224 252 231 2 85 170,	52735
2016/07/01 17:05:21.552	 170 85 225 255 34 0 3 0 64 240 160 0 192 252 232 2 85 170,	57855
2016/07/01 17:05:21.554	 170 85 208 255 38 0 252 255 80 240 144 0 240 252 233 2 85 170,	53503
2016/07/01 17:05:21.556	 170 85 201 255 38 0 255 255 80 240 128 0 224 252 234 2 85 170,	51711
2016/07/01 17:05:21.557	 170 85 216 255 28 0 250 255 64 240 176 0 192 252 235 2 85 170,	55551
2016/07/01 17:05:21.559	 170 85 236 255 33 0 240 255 128 240 128 0 176 252 236 2 85 170,	60671
2016/07/01 17:05:21.560	 170 85 226 255 38 0 241 255 32 240 144 0 96 252 237 2 85 170,	58111
2016/07/01 17:05:21.563	 170 85 223 255 34 0 6 0 48 240 192 0 112 252 238 2 85 170,	57343
2016/07/01 17:05:21.564	 170 85 226 255 36 0 233 255 16 240 128 0 128 252 239 2 85 170,	58111
2016/07/01 17:05:21.566	 170 85 223 255 41 0 231 255 32 240 48 0 240 252 240 2 85 170,	57343
2016/07/01 17:05:21.568	 170 85 216 255 39 0 251 255 32 240 96 0 0 253 241 2 85 170,	55551
2016/07/01 17:05:21.569	 170 85 233 255 44 0 16 0 32 240 128 0 144 252 242 2 85 170,	59903
2016/07/01 17:05:21.570	 170 85 227 255 33 0 1 0 128 240 192 0 144 252 243 2 85 170,	58367
2016/07/01 17:05:21.572	 170 85 214 255 40 0 245 255 96 240 160 0 176 252 244 2 85 170,	55039
2016/07/01 17:05:21.575	 170 85 219 255 33 0 242 255 48 240 160 0 16 253 245 2 85 170,	56319
2016/07/01 17:05:21.578	 170 85 213 255 20 0 249 255 64 240 144 0 240 252 246 2 85 170,	54783
2016/07/01 17:05:21.586	 170 85 221 255 55 0 241 255 32 240 112 0 192 252 247 2 85 170,	56831
2016/07/01 17:05:21.634	 170 85 249 255 43 0 25 0 64 240 176 0 144 252 248 2 85 170,	63999
2016/07/01 17:05:21.639	 170 85 234 255 34 0 8 0 32 240 240 0 144 252 249 2 85 170,	60159
2016/07/01 17:05:21.654	 170 85 201 255 42 0 226 255 80 240 208 0 240 252 250 2 85 170,	51711
2016/07/01 17:05:21.680	 170 85 215 255 39 0 224 255 48 240 176 0 0 252 251 2 85 170,	55295
2016/07/01 17:05:21.688	 170 85 235 255 44 0 1 0 128 240 96 0 16 253 252 2 85 170,	60415
2016/07/01 17:05:21.709	 170 85 240 255 39 0 0 0 96 240 224 0 176 252 253 2 85 170,	61695
2016/07/01 17:05:21.742	 170 85 247 255 34 0 243 255 48 240 112 0 96 252 254 2 85 170,	63487
2016/07/01 17:05:21.759	 170 85 240 255 33 0 252 255 80 240 112 0 32 252 255 2 85 170,	61695
2016/07/01 17:05:21.792	 170 85 223 255 28 0 252 255 160 240 144 0 32 252 0 2 85 170,	57343
2016/07/01 17:05:21.801	 170 85 191 255 28 0 243 255 96 240 64 0 128 252 1 2 85 170,	49151
2016/07/01 17:05:21.820	 170 85 172 255 45 0 245 255 176 240 80 0 48 253 2 2 85 170,	44287
2016/07/01 17:05:21.838	 170 85 208 255 54 0 18 0 80 240 48 0 224 252 3 2 85 170,	53503
2016/07/01 17:05:21.846	 170 85 216 255 47 0 44 0 64 240 176 0 80 253 4 2 85 170,	55551
2016/07/01 17:05:21.905	 170 85 238 255 36 0 9 0 80 240 0 1 192 252 5 2 85 170,	61183
2016/07/01 17:05:21.928	 170 85 216 255 43 0 229 255 32 240 224 0 48 253 6 2 85 170,	55551
2016/07/01 17:05:21.942	 170 85 244 255 23 0 231 255 48 240 160 0 208 252 7 2 85 170,	62719
2016/07/01 17:05:21.950	 170 85 241 255 33 0 254 255 64 240 224 0 128 252 8 2 85 170,	61951
2016/07/01 17:05:21.955	 170 85 220 255 27 0 255 255 64 240 224 0 192 252 9 2 85 170,	56575
2016/07/01 17:05:21.976	 170 85 206 255 26 0 233 255 112 240 128 0 0 253 10 2 85 170,	52991
2016/07/01 17:05:21.992	 170 85 220 255 30 0 233 255 160 240 112 0 176 252 11 2 85 170,	56575
2016/07/01 17:05:22.009	 170 85 228 255 43 0 6 0 208 240 128 0 96 252 12 2 85 170,	58623
2016/07/01 17:05:22.026	 170 85 226 255 46 0 28 0 64 240 192 0 64 252 13 2 85 170,	58111
2016/07/01 17:05:22.042	 170 85 191 255 42 0 254 255 80 240 160 0 144 252 14 2 85 170,	49151
2016/07/01 17:05:22.071	 170 85 190 255 54 0 255 255 32 240 208 0 224 252 15 2 85 170,	48895
2016/07/01 17:05:22.090	 170 85 200 255 47 0 12 0 96 240 208 0 64 253 16 2 85 170,	51455
2016/07/01 17:05:22.101	 170 85 199 255 45 0 253 255 112 240 0 1 48 253 17 2 85 170,	51199
2016/07/01 17:05:22.131	 170 85 210 255 36 0 229 255 64 240 176 0 96 253 18 2 85 170,	54015
2016/07/01 17:05:22.147	 170 85 233 255 26 0 236 255 64 240 192 0 32 253 19 2 85 170,	59903
2016/07/01 17:05:22.163	 170 85 233 255 24 0 238 255 64 240 208 0 176 252 20 2 85 170,	59903
2016/07/01 17:05:22.194	 170 85 229 255 33 0 231 255 48 240 176 0 224 252 21 2 85 170,	58879
2016/07/01 17:05:22.227	 170 85 216 255 37 0 236 255 80 240 96 0 128 252 22 2 85 170,	55551
2016/07/01 17:05:22.239	 170 85 211 255 41 0 238 255 96 240 112 0 224 252 23 2 85 170,	54271
2016/07/01 17:05:22.244	 170 85 202 255 40 0 241 255 64 240 160 0 224 252 24 2 85 170,	51967
2016/07/01 17:05:22.283	 170 85 219 255 41 0 1 0 112 240 208 0 0 253 25 2 85 170,	56319
2016/07/01 17:05:22.291	 170 85 224 255 47 0 2 0 96 240 192 0 240 252 26 2 85 170,	57599
2016/07/01 17:05:22.323	 170 85 255 255 38 0 22 0 112 240 16 1 0 253 27 2 85 170,	65535
2016/07/01 17:05:22.348	 170 85 3 0 41 0 15 0 16 240 48 1 32 253 28 2 85 170,	768
2016/07/01 17:05:22.352	 170 85 253 255 24 0 241 255 0 240 224 0 160 252 29 2 85 170,	65023
2016/07/01 17:05:22.382	 170 85 22 0 250 255 197 255 240 239 192 0 16 252 30 2 85 170,	5632
2016/07/01 17:05:22.386	 170 85 4 0 248 255 162 255 96 240 96 0 176 251 31 2 85 170,	1024
2016/07/01 17:05:22.412	 170 85 214 255 9 0 158 255 160 240 224 255 208 251 32 2 85 170,	55039
2016/07/01 17:05:22.429	 170 85 150 255 38 0 201 255 160 240 240 255 48 252 33 2 85 170,	38655
2016/07/01 17:05:22.446	 170 85 128 255 71 0 9 0 160 240 0 0 128 252 34 2 85 170,	33023
2016/07/01 17:05:22.459	 170 85 120 255 83 0 61 0 112 240 48 0 16 253 35 2 85 170,	30975
2016/07/01 17:05:22.491	 170 85 131 255 95 0 87 0 64 240 192 0 96 253 36 2 85 170,	33791
2016/07/01 17:05:22.509	 170 85 148 255 81 0 99 0 48 240 240 2 240 253 37 2 85 170,	38143
2016/07/01 17:05:22.543	 170 85 216 255 77 0 79 0 0 240 208 1 48 253 38 2 85 170,	55551
2016/07/01 17:05:22.547	 170 85 240 255 52 0 34 0 32 240 224 1 112 253 39 2 85 170,	61695
2016/07/01 17:05:22.569	 170 85 248 255 255 255 237 255 0 240 144 1 160 253 40 2 85 170,	63743
2016/07/01 17:05:22.589	 170 85 44 0 12 0 188 255 32 240 208 0 48 253 41 2 85 170,	11264
2016/07/01 17:05:22.617	 170 85 77 0 245 255 197 255 0 240 240 0 64 252 42 2 85 170,	19712
2016/07/01 17:05:22.621	 170 85 16 0 233 255 209 255 64 240 128 0 16 252 43 2 85 170,	4096
2016/07/01 17:05:22.647	 170 85 244 255 7 0 163 255 192 240 0 0 80 252 44 2 85 170,	62719
2016/07/01 17:05:22.664	 170 85 252 255 33 0 191 255 128 240 224 255 32 252 45 2 85 170,	64767
2016/07/01 17:05:22.694	 170 85 196 255 54 0 3 0 128 240 192 255 48 252 46 2 85 170,	50431
2016/07/01 17:05:22.710	 170 85 171 255 55 0 63 0 80 240 112 0 144 252 47 2 85 170,	44031
2016/07/01 17:05:22.725	 170 85 144 255 63 0 55 0 64 240 176 0 224 252 48 2 85 170,	37119
2016/07/01 17:05:22.757	 170 85 142 255 88 0 38 0 32 240 224 0 128 253 49 2 85 170,	36607
2016/07/01 17:05:22.772	 170 85 191 255 70 0 30 0 48 240 48 1 208 253 50 2 85 170,	49151
2016/07/01 17:05:22.790	 170 85 219 255 65 0 26 0 80 240 48 1 128 253 51 2 85 170,	56319
2016/07/01 17:05:22.803	 170 85 240 255 57 0 23 0 16 240 16 1 64 253 52 2 85 170,	61695
2016/07/01 17:05:22.823	 170 85 228 255 26 0 252 255 32 240 240 0 16 253 53 2 85 170,	58623
2016/07/01 17:05:22.852	 170 85 245 255 28 0 214 255 112 240 224 0 64 253 54 2 85 170,	62975
2016/07/01 17:05:22.866	 170 85 244 255 34 0 233 255 112 240 160 0 48 253 55 2 85 170,	62719
2016/07/01 17:05:22.885	 170 85 222 255 28 0 2 0 32 240 208 0 192 252 56 2 85 170,	57087
2016/07/01 17:05:22.918	 170 85 221 255 30 0 251 255 48 240 208 0 224 252 57 2 85 170,	56831
2016/07/01 17:05:22.920	 170 85 205 255 36 0 230 255 112 240 64 0 0 253 58 2 85 170,	52735
2016/07/01 17:05:22.944	 170 85 218 255 46 0 251 255 112 240 128 0 240 252 59 2 85 170,	56063
2016/07/01 17:05:22.976	 170 85 245 255 40 0 22 0 64 240 208 0 16 253 60 2 85 170,	62975
2016/07/01 17:05:23.003	 170 85 245 255 44 0 33 0 64 240 192 0 16 252 61 2 85 170,	62975
2016/07/01 17:05:23.030	 170 85 248 255 45 0 25 0 64 240 240 0 0 253 62 2 85 170,	63743
2016/07/01 17:05:23.039	 170 85 227 255 46 0 3 0 64 240 224 0 16 253 63 2 85 170,	58367
2016/07/01 17:05:23.056	 170 85 222 255 32 0 247 255 96 240 192 0 64 253 64 2 85 170,	57087
2016/07/01 17:05:23.074	 170 85 223 255 39 0 247 255 48 240 192 0 208 252 65 2 85 170,	57343
2016/07/01 17:05:23.088	 170 85 241 255 38 0 2 0 64 240 144 0 144 252 66 2 85 170,	61951
2016/07/01 17:05:23.103	 170 85 199 255 45 0 1 0 48 240 192 0 224 252 67 2 85 170,	51199
2016/07/01 17:05:23.126	 170 85 199 255 39 0 2 0 240 239 240 0 48 253 68 2 85 170,	51199
2016/07/01 17:05:23.141	 170 85 200 255 35 0 250 255 64 240 240 0 80 253 69 2 85 170,	51455
2016/07/01 17:05:23.168	 170 85 205 255 46 0 254 255 96 240 240 0 16 253 70 2 85 170,	52735
2016/07/01 17:05:23.195	 170 85 205 255 47 0 9 0 48 240 0 1 32 253 71 2 85 170,	52735
2016/07/01 17:05:23.208	 170 85 222 255 38 0 3 0 64 240 16 1 240 252 72 2 85 170,	57087
2016/07/01 17:05:23.233	 170 85 200 255 28 0 231 255 96 240 240 0 112 253 73 2 85 170,	51455
2016/07/01 17:05:23.242	 170 85 233 255 30 0 231 255 96 240 32 1 80 253 74 2 85 170,	59903
2016/07/01 17:05:23.264	 170 85 243 255 27 0 248 255 32 240 176 0 80 253 75 2 85 170,	62463
2016/07/01 17:05:23.291	 170 85 234 255 30 0 255 255 64 240 208 0 240 252 76 2 85 170,	60159
2016/07/01 17:05:23.299	 170 85 240 255 39 0 5 0 64 240 240 0 224 252 77 2 85 170,	61695
2016/07/01 17:05:23.320	 170 85 235 255 32 0 245 255 80 240 0 1 160 252 78 2 85 170,	60415
2016/07/01 17:05:23.354	 170 85 218 255 32 0 231 255 96 240 112 0 224 252 79 2 85 170,	56063
2016/07/01 17:05:23.367	 170 85 220 255 34 0 229 255 112 240 128 0 240 252 80 2 85 170,	56575
2016/07/01 17:05:23.382	 170 85 223 255 36 0 247 255 144 240 144 0 208 252 81 2 85 170,	57343
2016/07/01 17:05:23.399	 170 85 225 255 60 0 33 0 48 240 240 0 176 252 82 2 85 170,	57855
2016/07/01 17:05:23.432	 170 85 221 255 48 0 33 0 0 240 96 1 16 253 83 2 85 170,	56831
2016/07/01 17:05:23.445	 170 85 206 255 56 0 7 0 112 240 16 1 64 253 84 2 85 170,	52991
2016/07/01 17:05:23.477	 170 85 198 255 50 0 1 0 112 240 240 0 80 253 85 2 85 170,	50943
2016/07/01 17:05:23.494	 170 85 227 255 36 0 250 255 112 240 16 1 64 253 86 2 85 170,	58367
2016/07/01 17:05:23.496	 170 85 248 255 43 0 248 255 48 240 208 0 192 252 87 2 85 170,	63743
2016/07/01 17:05:23.527	 170 85 10 0 34 0 253 255 64 240 32 1 160 252 88 2 85 170,	2560
2016/07/01 17:05:23.555	 170 85 223 255 33 0 243 255 16 240 32 1 144 252 89 2 85 170,	57343
2016/07/01 17:05:23.569	 170 85 203 255 31 0 213 255 96 240 208 0 48 253 90 2 85 170,	52223
2016/07/01 17:05:23.600	 170 85 239 255 20 0 241 255 96 240 192 0 240 252 91 2 85 170,	61439
2016/07/01 17:05:23.620	 170 85 237 255 36 0 244 255 96 240 0 1 192 252 92 2 85 170,	60927
2016/07/01 17:05:23.623	 170 85 223 255 45 0 247 255 64 240 32 1 160 252 93 2 85 170,	57343
2016/07/01 17:05:23.639	 170 85 233 255 38 0 243 255 32 240 160 0 128 252 94 2 85 170,	59903
2016/07/01 17:05:23.667	 170 85 203 255 47 0 244 255 64 240 192 0 240 252 95 2 85 170,	52223
2016/07/01 17:05:23.695	 170 85 222 255 51 0 15 0 64 240 48 1 160 252 96 2 85 170,	57087
2016/07/01 17:05:23.711	 170 85 211 255 47 0 26 0 80 240 96 1 224 252 97 2 85 170,	54271
2016/07/01 17:05:23.725	 170 85 173 255 40 0 246 255 32 240 0 1 16 253 98 2 85 170,	44543
2016/07/01 17:05:23.742	 170 85 204 255 33 0 235 255 16 240 0 1 16 253 99 2 85 170,	52479
2016/07/01 17:05:23.758	 170 85 203 255 39 0 247 255 64 240 32 1 192 252 100 2 85 170,	52223
2016/07/01 17:05:23.784	 170 85 209 255 36 0 243 255 32 240 48 1 160 252 101 2 85 170,	53759
2016/07/01 17:05:23.829	 170 85 206 255 41 0 216 255 48 240 0 1 64 253 102 2 85 170,	52991
2016/07/01 17:05:23.832	 170 85 249 255 35 0 225 255 96 240 192 0 208 252 103 2 85 170,	63999
2016/07/01 17:05:23.852	 170 85 239 255 22 0 3 0 112 240 240 0 112 252 104 2 85 170,	61439
2016/07/01 17:05:23.861	 170 85 198 255 37 0 248 255 64 240 0 1 160 252 105 2 85 170,	50943
2016/07/01 17:05:23.883	 170 85 196 255 40 0 234 255 32 240 96 1 240 252 106 2 85 170,	50431
2016/07/01 17:05:23.897	 170 85 221 255 40 0 227 255 16 240 208 0 144 252 107 2 85 170,	56831
2016/07/01 17:05:23.928	 170 85 215 255 40 0 237 255 48 240 208 0 160 252 108 2 85 170,	55295
2016/07/01 17:05:23.944	 170 85 218 255 42 0 251 255 80 240 240 0 224 252 109 2 85 170,	56063
2016/07/01 17:05:23.977	 170 85 211 255 31 0 0 0 64 240 16 1 144 252 110 2 85 170,	54271
2016/07/01 17:05:23.992	 170 85 193 255 33 0 242 255 48 240 16 1 0 252 111 2 85 170,	49663
2016/07/01 17:05:23.999	 170 85 193 255 46 0 223 255 32 240 0 0 32 253 112 2 85 170,	49663
2016/07/01 17:05:24.023	 170 85 219 255 29 0 211 255 48 240 208 0 32 253 113 2 85 170,	56319
2016/07/01 17:05:24.061	 170 85 206 255 28 0 237 255 64 240 224 0 16 253 114 2 85 170,	52991
2016/07/01 17:05:24.069	 170 85 201 255 39 0 252 255 80 240 208 0 160 252 115 2 85 170,	51711
2016/07/01 17:05:24.077	 170 85 204 255 38 0 252 255 80 240 240 0 176 252 116 2 85 170,	52479
2016/07/01 17:05:24.102	 170 85 187 255 48 0 242 255 32 240 224 0 0 253 117 2 85 170,	48127
2016/07/01 17:05:24.135	 170 85 172 255 55 0 248 255 64 240 192 0 112 253 118 2 85 170,	44287
2016/07/01 17:05:24.144	 170 85 227 255 46 0 10 0 32 240 48 1 80 253 119 2 85 170,	58367
2016/07/01 17:05:24.164	 170 85 245 255 34 0 8 0 48 240 64 1 160 252 120 2 85 170,	62975
2016/07/01 17:05:24.194	 170 85 222 255 37 0 250 255 48 240 32 1 224 252 121 2 85 170,	57087
2016/07/01 17:05:24.208	 170 85 191 255 32 0 213 255 48 240 192 0 16 253 122 2 85 170,	49151
2016/07/01 17:05:24.219	 170 85 210 255 23 0 212 255 128 240 224 0 32 253 123 2 85 170,	54015
2016/07/01 17:05:24.245	 170 85 228 255 26 0 226 255 32 240 208 0 208 252 124 2 85 170,	58623
2016/07/01 17:05:24.279	 170 85 218 255 38 0 251 255 48 240 208 0 32 253 125 2 85 170,	56063
2016/07/01 17:05:24.286	 170 85 212 255 43 0 251 255 64 240 32 1 16 253 126 2 85 170,	54527
2016/07/01 17:05:24.304	 170 85 215 255 38 0 228 255 64 240 32 1 240 252 127 2 85 170,	55295
2016/07/01 17:05:24.315	 170 85 222 255 33 0 218 255 48 240 224 0 32 253 128 2 85 170,	57087
2016/07/01 17:05:24.351	 170 85 205 255 33 0 244 255 48 240 208 0 0 253 129 2 85 170,	52735
2016/07/01 17:05:24.358	 170 85 216 255 35 0 252 255 64 240 144 0 240 252 130 2 85 170,	55551
2016/07/01 17:05:24.383	 170 85 209 255 41 0 249 255 48 240 240 0 64 253 131 2 85 170,	53759
2016/07/01 17:05:24.398	 170 85 225 255 40 0 241 255 0 240 208 0 224 252 132 2 85 170,	57855
2016/07/01 17:05:24.429	 170 85 210 255 35 0 1 0 48 240 0 1 208 252 133 2 85 170,	54015
2016/07/01 17:05:24.462	 170 85 207 255 35 0 1 255 0 240 240 0 32 253 134 2 85 170,	53247
2016/07/01 17:05:24.470	 170 85 215 255 40 0 240 255 48 240 32 1 48 253 135 2 85 170,	55295
2016/07/01 17:05:24.491	 170 85 220 255 35 0 253 255 112 240 0 1 0 253 136 2 85 170,	56575
2016/07/01 17:05:24.508	 170 85 213 255 39 0 239 255 64 240 0 1 112 253 137 2 85 170,	54783
2016/07/01 17:05:24.513	 170 85 217 255 41 0 253 255 64 240 224 0 224 252 138 2 85 170,	55807
2016/07/01 17:05:24.539	 170 85 238 255 29 0 248 255 48 240 16 1 208 252 139 2 85 170,	61183
2016/07/01 17:05:24.557	 170 85 221 255 32 0 224 255 64 240 176 0 96 253 140 2 85 170,	56831
2016/07/01 17:05:24.586	 170 85 237 255 38 0 240 255 16 240 208 0 224 252 141 2 85 170,	60927
2016/07/01 17:05:24.606	 170 85 244 255 29 0 7 0 32 240 224 0 48 253 142 2 85 170,	62719
2016/07/01 17:05:24.619	 170 85 249 255 42 0 246 255 32 240 16 1 32 253 143 2 85 170,	63999
2016/07/01 17:05:24.653	 170 85 19 0 27 0 244 255 64 240 192 0 160 252 144 2 85 170,	4864
2016/07/01 17:05:24.659	 170 85 248 255 30 0 240 255 64 240 192 0 144 252 145 2 85 170,	63743
2016/07/01 17:05:24.695	 170 85 230 255 30 0 247 255 48 240 240 0 80 252 146 2 85 170,	59135
2016/07/01 17:05:24.701	 170 85 175 255 51 0 247 255 80 240 32 1 80 252 147 2 85 170,	45055
2016/07/01 17:05:24.745	 170 85 150 255 48 0 242 255 112 240 208 0 240 252 148 2 85 170,	38655
2016/07/01 17:05:24.772	 170 85 176 255 44 0 227 255 64 240 176 0 112 253 149 2 85 170,	45311
2016/07/01 17:05:24.787	 170 85 216 255 48 0 3 0 32 240 176 0 64 253 150 2 85 170,	55551
2016/07/01 17:05:24.811	 170 85 224 255 56 0 19 0 32 240 96 1 32 253 151 2 85 170,	57599
2016/07/01 17:05:24.836	 170 85 202 255 60 0 6 0 64 240 80 1 96 253 152 2 85 170,	51967
2016/07/01 17:05:24.862	 170 85 205 255 58 0 243 255 48 240 192 0 80 253 153 2 85 170,	52735
2016/07/01 17:05:24.906	 170 85 243 255 42 0 20 0 64 240 112 1 224 252 154 2 85 170,	62463
2016/07/01 17:05:24.950	 170 85 198 255 36 0 23 0 16 240 144 1 0 253 155 2 85 170,	50943
2016/07/01 17:05:24.959	 170 85 217 255 16 0 238 255 80 240 160 1 112 253 156 2 85 170,	55807
2016/07/01 17:05:24.979	 170 85 197 255 10 0 216 255 144 240 160 1 160 254 157 2 85 170,	50687
2016/07/01 17:05:24.985	 170 85 54 0 205 255 168 255 160 241 128 0 224 254 158 2 85 170,	13824
2016/07/01 17:05:24.989	 170 85 5 1 2 0 196 255 64 241 128 254 80 254 159 2 85 170,	1281
2016/07/01 17:05:24.991	 170 85 163 1 48 0 255 0 80 240 128 255 64 250 160 2 85 170,	41729
2016/07/01 17:05:24.995	 170 85 10 1 56 0 104 1 32 240 224 2 112 249 161 2 85 170,	2561
2016/07/01 17:05:25.007	 170 85 111 0 33 0 18 1 64 240 128 2 64 250 162 2 85 170,	28416
2016/07/01 17:05:25.012	 170 85 174 255 9 0 249 255 96 240 32 1 48 251 163 2 85 170,	44799
2016/07/01 17:05:25.038	 170 85 88 255 46 0 120 255 32 240 48 0 32 252 164 2 85 170,	22783
2016/07/01 17:05:25.054	 170 85 55 255 76 0 219 255 32 240 112 0 96 252 165 2 85 170,	14335
2016/07/01 17:05:25.088	 170 85 68 255 52 0 62 0 64 240 144 1 64 252 166 2 85 170,	17663
2016/07/01 17:05:25.119	 170 85 11 255 92 0 23 0 80 240 192 1 0 253 167 2 85 170,	3071
2016/07/01 17:05:25.124	 170 85 24 255 84 0 219 255 112 240 112 1 128 253 168 2 85 170,	6399
2016/07/01 17:05:25.147	 170 85 32 255 105 0 21 0 80 240 128 1 80 254 169 2 85 170,	8447
2016/07/01 17:05:25.180	 170 85 70 255 85 0 83 0 80 240 176 1 224 254 170 2 85 170,	18175
2016/07/01 17:05:25.186	 170 85 182 255 56 0 71 0 48 240 176 1 160 254 171 2 85 170,	46847
2016/07/01 17:05:25.210	 170 85 66 0 50 0 65 0 0 240 112 1 32 254 172 2 85 170,	16896
2016/07/01 17:05:25.229	 170 85 108 0 37 0 109 0 240 239 160 1 96 253 173 2 85 170,	27648
2016/07/01 17:05:25.262	 170 85 117 0 14 0 66 0 32 240 176 1 96 252 174 2 85 170,	29952
2016/07/01 17:05:25.265	 170 85 79 0 18 0 241 255 48 240 16 1 176 251 175 2 85 170,	20224
2016/07/01 17:05:25.273	 170 85 43 0 22 0 220 255 112 240 240 0 192 251 176 2 85 170,	11008
2016/07/01 17:05:25.308	 170 85 213 255 36 0 232 255 144 240 144 0 80 252 177 2 85 170,	54783
2016/07/01 17:05:25.328	 170 85 173 255 82 0 33 0 128 240 144 0 144 252 178 2 85 170,	44543
2016/07/01 17:05:25.335	 170 85 182 255 95 0 105 0 112 240 160 1 16 253 179 2 85 170,	46847
2016/07/01 17:05:25.352	 170 85 166 255 101 0 120 0 80 240 16 2 64 253 180 2 85 170,	42751
2016/07/01 17:05:25.373	 170 85 170 255 114 0 95 0 0 240 64 2 128 253 181 2 85 170,	43775
2016/07/01 17:05:25.412	 170 85 187 255 99 0 113 0 48 240 176 2 192 253 182 2 85 170,	48127
2016/07/01 17:05:25.441	 170 85 210 255 54 0 98 0 240 239 0 3 16 254 183 2 85 170,	54015
2016/07/01 17:05:25.469	 170 85 249 255 8 0 253 255 64 240 208 2 176 253 184 2 85 170,	63999
2016/07/01 17:05:25.484	 170 85 46 0 26 0 161 255 0 240 0 2 48 253 185 2 85 170,	11776
2016/07/01 17:05:25.494	 170 85 66 0 228 255 179 255 16 240 112 1 144 252 186 2 85 170,	16896
2016/07/01 17:05:25.508	 170 85 10 0 242 255 145 255 112 240 240 0 64 252 187 2 85 170,	2560
2016/07/01 17:05:25.526	 170 85 240 255 5 0 154 255 176 240 144 0 48 252 188 2 85 170,	61695
2016/07/01 17:05:25.539	 170 85 211 255 30 0 191 255 240 240 96 0 176 252 189 2 85 170,	54271
2016/07/01 17:05:25.570	 170 85 207 255 37 0 221 255 224 240 16 0 144 252 190 2 85 170,	53247
2016/07/01 17:05:25.588	 170 85 222 255 78 0 46 0 160 240 192 0 176 252 191 2 85 170,	57087
2016/07/01 17:05:25.604	 170 85 210 255 96 0 133 0 32 240 176 1 32 253 192 2 85 170,	54015
2016/07/01 17:05:25.616	 170 85 198 255 80 0 149 0 32 240 208 2 192 252 193 2 85 170,	50943
2016/07/01 17:05:25.637	 170 85 180 255 75 0 77 0 16 240 144 2 32 253 194 2 85 170,	46335
2016/07/01 17:05:25.663	 170 85 172 255 67 0 14 0 224 239 208 2 128 253 195 2 85 170,	44287
2016/07/01 17:05:25.677	 170 85 157 255 25 0 224 255 32 240 128 2 16 254 196 2 85 170,	40447
2016/07/01 17:05:25.712	 170 85 251 255 2 0 186 255 64 240 80 2 112 253 197 2 85 170,	64511
2016/07/01 17:05:25.731	 170 85 51 0 251 255 160 255 48 240 224 1 192 252 198 2 85 170,	13056
2016/07/01 17:05:25.761	 170 85 22 0 237 255 147 255 208 240 112 1 80 252 199 2 85 170,	5632
2016/07/01 17:05:25.771	 170 85 231 255 247 255 147 255 208 240 240 0 80 252 200 2 85 170,	59391
2016/07/01 17:05:25.804	 170 85 210 255 22 0 140 255 176 240 160 0 144 252 201 2 85 170,	54015
2016/07/01 17:05:25.816	 170 85 200 255 34 0 232 255 176 240 96 0 80 252 202 2 85 170,	51455
2016/07/01 17:05:25.824	 170 85 164 255 55 0 52 0 160 240 80 1 128 252 203 2 85 170,	42239
2016/07/01 17:05:25.837	 170 85 135 255 73 0 62 0 160 240 96 1 64 253 204 2 85 170,	34815
2016/07/01 17:05:25.873	 170 85 120 255 90 0 41 0 64 240 128 1 224 253 205 2 85 170,	30975
2016/07/01 17:05:25.911	 170 85 176 255 79 0 48 0 32 240 0 2 96 253 206 2 85 170,	45311
2016/07/01 17:05:25.951	 170 85 195 255 71 0 43 0 0 240 144 2 224 253 207 2 85 170,	50175
2016/07/01 17:05:25.981	 170 85 212 255 52 0 12 0 16 240 176 2 160 253 208 2 85 170,	54527
2016/07/01 17:05:26.010	 170 85 212 255 25 0 245 255 0 240 80 2 224 253 209 2 85 170,	54527
2016/07/01 17:05:26.037	 170 85 34 0 254 255 179 255 16 240 16 2 80 253 210 2 85 170,	8704
2016/07/01 17:05:26.049	 170 85 77 0 237 255 164 255 48 240 160 1 96 252 211 2 85 170,	19712
2016/07/01 17:05:26.061	 170 85 19 0 250 255 168 255 208 240 32 1 80 252 212 2 85 170,	4864
2016/07/01 17:05:26.078	 170 85 238 255 4 0 191 255 144 240 208 0 16 252 213 2 85 170,	61183
2016/07/01 17:05:26.093	 170 85 205 255 20 0 196 255 224 240 144 0 144 252 214 2 85 170,	52735
2016/07/01 17:05:26.098	 170 85 186 255 58 0 250 255 128 240 192 0 144 252 215 2 85 170,	47871
2016/07/01 17:05:26.101	 170 85 181 255 72 0 53 0 96 240 176 1 208 252 216 2 85 170,	46591
2016/07/01 17:05:26.107	 170 85 178 255 68 0 61 0 48 240 224 1 240 252 217 2 85 170,	45823
2016/07/01 17:05:26.111	 170 85 173 255 77 0 47 0 0 240 96 2 16 253 218 2 85 170,	44543
2016/07/01 17:05:26.132	 170 85 171 255 70 0 22 0 208 239 96 2 96 253 219 2 85 170,	44031
2016/07/01 17:05:26.164	 170 85 174 255 35 0 240 255 32 240 0 2 160 253 220 2 85 170,	44799
2016/07/01 17:05:26.179	 170 85 211 255 39 0 237 255 32 240 224 1 176 253 221 2 85 170,	54271
2016/07/01 17:05:26.196	 170 85 243 255 27 0 231 255 48 240 192 1 80 253 222 2 85 170,	62463
2016/07/01 17:05:26.213	 170 85 251 255 26 0 233 255 96 240 224 1 48 253 223 2 85 170,	64511
2016/07/01 17:05:26.241	 170 85 3 0 16 0 200 255 80 240 128 1 16 253 224 2 85 170,	768
2016/07/01 17:05:26.259	 170 85 7 0 25 0 222 255 96 240 16 1 80 253 225 2 85 170,	1792
2016/07/01 17:05:26.274	 170 85 7 0 27 0 1 0 96 240 112 1 192 252 226 2 85 170,	1792
2016/07/01 17:05:26.312	 170 85 232 255 48 0 7 0 96 240 112 1 160 252 227 2 85 170,	59647
2016/07/01 17:05:26.355	 170 85 220 255 55 0 7 0 48 240 160 1 32 253 228 2 85 170,	56575
2016/07/01 17:05:26.368	 170 85 229 255 50 0 13 0 32 240 160 1 0 253 229 2 85 170,	58879
2016/07/01 17:05:26.381	 170 85 217 255 49 0 4 0 32 240 208 1 240 252 230 2 85 170,	55807
2016/07/01 17:05:26.415	 170 85 209 255 48 0 243 255 32 240 32 2 240 252 231 2 85 170,	53759
2016/07/01 17:05:26.445	 170 85 212 255 48 0 237 255 48 240 128 1 144 253 232 2 85 170,	54527
2016/07/01 17:05:26.455	 170 85 220 255 43 0 249 255 112 240 192 1 64 253 233 2 85 170,	56575
2016/07/01 17:05:26.459	 170 85 245 255 35 0 255 255 64 240 224 1 32 253 234 2 85 170,	62975
2016/07/01 17:05:26.463	 170 85 210 255 44 0 244 255 80 240 192 1 48 253 235 2 85 170,	54015
2016/07/01 17:05:26.480	 170 85 195 255 45 0 237 255 64 240 224 1 128 253 236 2 85 170,	50175
2016/07/01 17:05:26.493	 170 85 236 255 30 0 232 255 48 240 96 1 112 253 237 2 85 170,	60671
2016/07/01 17:05:26.524	 170 85 4 0 32 0 236 255 112 240 80 1 16 253 238 2 85 170,	1024
2016/07/01 17:05:26.537	 170 85 238 255 37 0 254 255 128 240 112 1 0 253 239 2 85 170,	61183
2016/07/01 17:05:26.554	 170 85 243 255 30 0 252 255 96 240 160 1 224 252 240 2 85 170,	62463
2016/07/01 17:05:26.574	 170 85 219 255 37 0 238 255 64 240 224 1 160 252 241 2 85 170,	56319
2016/07/01 17:05:26.600	 170 85 186 255 45 0 233 255 64 240 112 1 0 253 242 2 85 170,	47871
2016/07/01 17:05:26.618	 170 85 186 255 43 0 255 255 144 240 128 1 112 253 243 2 85 170,	47871
2016/07/01 17:05:26.631	 170 85 210 255 25 0 252 255 64 240 208 1 80 253 244 2 85 170,	54015
2016/07/01 17:05:26.663	 170 85 236 255 34 0 220 255 48 240 112 1 96 253 245 2 85 170,	60671
2016/07/01 17:05:26.679	 170 85 242 255 35 0 234 255 48 240 128 1 32 253 246 2 85 170,	62207
2016/07/01 17:05:26.694	 170 85 247 255 36 0 4 0 48 240 128 1 0 253 247 2 85 170,	63487
2016/07/01 17:05:26.712	 170 85 252 255 33 0 1 0 48 240 96 1 144 252 248 2 85 170,	64767
2016/07/01 17:05:26.759	 170 85 240 255 30 0 0 0 48 240 192 1 0 253 249 2 85 170,	61695
2016/07/01 17:05:26.762	 170 85 217 255 33 0 249 255 48 240 192 1 160 252 250 2 85 170,	55807
2016/07/01 17:05:26.775	 170 85 210 255 21 0 230 255 80 240 112 1 192 252 251 2 85 170,	54015
2016/07/01 17:05:26.807	 170 85 214 255 45 0 218 255 144 240 32 1 16 253 252 2 85 170,	55039
2016/07/01 17:05:26.822	 170 85 210 255 56 0 253 255 112 240 48 1 64 253 253 2 85 170,	54015
2016/07/01 17:05:26.835	 170 85 233 255 51 0 47 0 112 240 160 1 224 252 254 2 85 170,	59903
2016/07/01 17:05:26.853	 170 85 208 255 58 0 31 0 48 240 48 2 16 253 255 2 85 170,	53503
2016/07/01 17:05:26.882	 170 85 199 255 44 0 253 255 32 240 0 2 96 253 0 2 85 170,	51199
2016/07/01 17:05:26.897	 170 85 229 255 38 0 231 255 240 239 48 2 144 253 1 2 85 170,	58879
2016/07/01 17:05:26.914	 170 85 228 255 26 0 237 255 16 240 208 1 32 253 2 2 85 170,	58623
2016/07/01 17:05:26.947	 170 85 235 255 26 0 224 255 48 240 224 1 16 253 3 2 85 170,	60415
2016/07/01 17:05:26.950	 170 85 232 255 16 0 215 255 32 240 176 1 48 253 4 2 85 170,	59647
2016/07/01 17:05:26.976	 170 85 230 255 31 0 226 255 64 240 128 1 224 252 5 2 85 170,	59135
2016/07/01 17:05:27.014	 170 85 211 255 33 0 233 255 96 240 80 1 224 252 6 2 85 170,	54271
2016/07/01 17:05:27.021	 170 85 204 255 34 0 236 255 48 240 144 1 224 252 7 2 85 170,	52479
2016/07/01 17:05:27.044	 170 85 191 255 36 0 238 255 160 240 176 1 32 253 8 2 85 170,	49151
2016/07/01 17:05:27.063	 170 85 191 255 39 0 236 255 96 240 128 1 96 253 9 2 85 170,	49151
2016/07/01 17:05:27.076	 170 85 201 255 51 0 3 0 112 240 192 1 80 253 10 2 85 170,	51711
2016/07/01 17:05:27.100	 170 85 208 255 45 0 246 255 80 240 160 1 144 253 11 2 85 170,	53503
2016/07/01 17:05:27.116	 170 85 226 255 36 0 246 255 128 240 224 1 80 253 12 2 85 170,	58111
2016/07/01 17:05:27.134	 170 85 232 255 30 0 231 255 64 240 128 1 80 253 13 2 85 170,	59647
2016/07/01 17:05:27.174	 170 85 233 255 29 0 238 255 16 240 208 1 32 253 14 2 85 170,	59903
2016/07/01 17:05:27.190	 170 85 225 255 21 0 228 255 48 240 224 1 16 253 15 2 85 170,	57855
2016/07/01 17:05:27.202	 170 85 217 255 30 0 225 255 128 240 112 1 80 253 16 2 85 170,	55807
2016/07/01 17:05:27.228	 170 85 239 255 30 0 234 255 80 240 128 1 240 252 17 2 85 170,	61439
2016/07/01 17:05:27.248	 170 85 231 255 29 0 241 255 128 240 176 1 176 252 18 2 85 170,	59391
2016/07/01 17:05:27.252	 170 85 184 255 36 0 240 255 80 240 224 1 0 252 19 2 85 170,	47359
2016/07/01 17:05:27.273	 170 85 183 255 34 0 216 255 128 240 112 1 96 253 20 2 85 170,	47103
2016/07/01 17:05:27.290	 170 85 202 255 47 0 220 255 64 240 80 1 64 253 21 2 85 170,	51967
2016/07/01 17:05:27.323	 170 85 209 255 45 0 250 255 80 240 176 1 16 253 22 2 85 170,	53759
2016/07/01 17:05:27.331	 170 85 206 255 39 0 5 0 112 240 208 1 208 252 23 2 85 170,	52991
2016/07/01 17:05:27.369	 170 85 212 255 35 0 222 255 240 239 160 1 112 253 24 2 85 170,	54527
2016/07/01 17:05:27.388	 170 85 223 255 41 0 208 255 0 240 128 1 80 253 25 2 85 170,	57343
2016/07/01 17:05:27.400	 170 85 239 255 29 0 254 255 32 240 32 2 208 252 26 2 85 170,	61439
2016/07/01 17:05:27.415	 170 85 193 255 28 0 248 255 80 240 0 2 192 252 27 2 85 170,	49663
2016/07/01 17:05:27.444	 170 85 182 255 33 0 189 255 80 240 144 1 112 253 28 2 85 170,	46847
2016/07/01 17:05:27.452	 170 85 236 255 29 0 216 255 80 240 128 1 16 253 29 2 85 170,	60671
2016/07/01 17:05:27.478	 170 85 210 255 46 0 239 255 16 240 160 1 0 253 30 2 85 170,	54015
2016/07/01 17:05:27.501	 170 85 209 255 34 0 252 255 32 240 16 2 224 252 31 2 85 170,	53759
2016/07/01 17:05:27.512	 170 85 200 255 26 0 228 255 96 240 32 2 32 253 32 2 85 170,	51455
2016/07/01 17:05:27.539	 170 85 162 255 14 0 163 255 32 240 208 1 112 253 33 2 85 170,	41727
2016/07/01 17:05:27.559	 170 85 220 255 5 0 162 255 96 240 32 1 16 253 34 2 85 170,	56575
2016/07/01 17:05:27.572	 170 85 213 255 16 0 207 255 64 240 96 1 208 252 35 2 85 170,	54783
2016/07/01 17:05:27.606	 170 85 159 255 18 0 201 255 128 240 96 1 112 253 36 2 85 170,	40959
2016/07/01 17:05:27.614	 170 85 212 255 22 0 207 255 144 240 224 1 80 253 37 2 85 170,	54527
2016/07/01 17:05:27.647	 170 85 241 255 31 0 232 255 80 240 48 1 240 252 38 2 85 170,	61951
2016/07/01 17:05:27.664	 170 85 231 255 46 0 22 0 32 240 144 1 16 253 39 2 85 170,	59391
2016/07/01 17:05:27.678	 170 85 205 255 48 0 11 0 96 240 128 1 32 253 40 2 85 170,	52735
2016/07/01 17:05:27.694	 170 85 214 255 49 0 245 255 64 240 128 1 80 253 41 2 85 170,	55039
2016/07/01 17:05:27.726	 170 85 205 255 55 0 4 0 96 240 64 1 64 253 42 2 85 170,	52735
2016/07/01 17:05:27.730	 170 85 228 255 46 0 26 0 80 240 96 1 144 253 43 2 85 170,	58623
2016/07/01 17:05:27.762	 170 85 252 255 51 0 37 0 112 240 112 1 80 253 44 2 85 170,	64767
2016/07/01 17:05:27.771	 170 85 1 255 55 0 28 0 48 240 208 1 80 253 45 2 85 170,	511
2016/07/01 17:05:27.808	 170 85 5 0 52 0 22 0 64 240 240 1 48 253 46 2 85 170,	1280
2016/07/01 17:05:27.835	 170 85 242 255 50 0 9 0 16 240 16 2 240 252 47 2 85 170,	62207
2016/07/01 17:05:27.853	 170 85 234 255 53 0 16 0 112 240 128 1 48 253 48 2 85 170,	60159
2016/07/01 17:05:27.861	 170 85 228 255 52 0 20 0 16 240 224 1 48 253 49 2 85 170,	58623
2016/07/01 17:05:27.869	 170 85 225 255 44 0 14 0 80 240 0 2 16 253 50 2 85 170,	57855
2016/07/01 17:05:27.898	 170 85 187 255 46 0 233 255 80 240 208 1 64 253 51 2 85 170,	48127
2016/07/01 17:05:27.914	 170 85 219 255 42 0 233 255 112 240 240 1 48 253 52 2 85 170,	56319
2016/07/01 17:05:27.925	 170 85 222 255 31 0 244 255 64 240 112 1 96 253 53 2 85 170,	57087
2016/07/01 17:05:27.948	 170 85 233 255 40 0 252 255 48 240 224 1 48 253 54 2 85 170,	59903
2016/07/01 17:05:27.980	 170 85 235 255 26 0 239 255 64 240 112 1 16 253 55 2 85 170,	60415
2016/07/01 17:05:27.987	 170 85 255 255 24 0 222 255 48 240 80 1 32 253 56 2 85 170,	65535
2016/07/01 17:05:28.023	 170 85 248 255 26 0 234 255 48 240 96 1 160 252 57 2 85 170,	63743
2016/07/01 17:05:28.036	 170 85 217 255 25 0 245 255 48 240 112 1 192 252 58 2 85 170,	55807
2016/07/01 17:05:28.074	 170 85 210 255 25 0 233 255 32 240 80 1 192 252 59 2 85 170,	54015
2016/07/01 17:05:28.081	 170 85 201 255 36 0 232 255 0 240 0 1 208 252 60 2 85 170,	51711
2016/07/01 17:05:28.101	 170 85 195 255 48 0 244 255 0 240 112 1 240 252 61 2 85 170,	50175
2016/07/01 17:05:28.105	 170 85 209 255 51 0 21 0 80 240 208 1 16 253 62 2 85 170,	53759
2016/07/01 17:05:28.133	 170 85 198 255 41 0 2 0 96 240 176 1 80 253 63 2 85 170,	50943
2016/07/01 17:05:28.148	 170 85 196 255 43 0 236 255 80 240 160 1 112 253 64 2 85 170,	50431
2016/07/01 17:05:28.162	 170 85 218 255 35 0 2 0 96 240 144 1 32 253 65 2 85 170,	56063
2016/07/01 17:05:28.196	 170 85 231 255 32 0 253 255 128 240 160 1 48 253 66 2 85 170,	59391
2016/07/01 17:05:28.204	 170 85 223 255 33 0 243 255 48 240 224 1 16 253 67 2 85 170,	57343
2016/07/01 17:05:28.243	 170 85 221 255 29 0 233 255 64 240 144 1 0 253 68 2 85 170,	56831
2016/07/01 17:05:28.277	 170 85 220 255 28 0 222 255 64 240 0 1 16 253 69 2 85 170,	56575
2016/07/01 17:05:28.294	 170 85 207 255 39 0 241 255 64 240 112 1 240 252 70 2 85 170,	53247
2016/07/01 17:05:28.304	 170 85 206 255 24 0 226 255 32 240 64 1 16 253 71 2 85 170,	52991
2016/07/01 17:05:28.314	 170 85 208 255 47 0 235 255 144 240 144 1 64 253 72 2 85 170,	53503
2016/07/01 17:05:28.335	 170 85 215 255 43 0 4 0 32 240 224 1 0 253 73 2 85 170,	55295
2016/07/01 17:05:28.343	 170 85 203 255 39 0 2 0 32 240 240 1 32 253 74 2 85 170,	52223
2016/07/01 17:05:28.383	 170 85 194 255 37 0 231 255 32 240 160 1 64 253 75 2 85 170,	49919
2016/07/01 17:05:28.416	 170 85 215 255 39 0 0 0 0 240 160 1 96 253 76 2 85 170,	55295
2016/07/01 17:05:28.431	 170 85 222 255 39 0 243 255 16 240 144 1 96 253 77 2 85 170,	57087
2016/07/01 17:05:28.436	 170 85 244 255 33 0 235 255 48 240 144 1 32 253 78 2 85 170,	62719
2016/07/01 17:05:28.448	 170 85 239 255 30 0 232 255 64 240 176 1 208 252 79 2 85 170,	61439
2016/07/01 17:05:28.460	 170 85 218 255 27 0 222 255 112 240 32 1 32 253 80 2 85 170,	56063
2016/07/01 17:05:28.496	 170 85 222 255 38 0 229 255 64 240 80 1 0 253 81 2 85 170,	57087
2016/07/01 17:05:28.523	 170 85 194 255 45 0 1 0 64 240 128 1 240 252 82 2 85 170,	49919
2016/07/01 17:05:28.528	 170 85 180 255 51 0 13 0 112 240 176 1 80 253 83 2 85 170,	46335
2016/07/01 17:05:28.553	 170 85 211 255 42 0 247 255 64 240 192 1 160 253 84 2 85 170,	54271
2016/07/01 17:05:28.570	 170 85 236 255 46 0 235 255 96 240 144 1 144 253 85 2 85 170,	60671
2016/07/01 17:05:28.589	 170 85 4 0 36 0 34 0 32 240 224 1 240 252 86 2 85 170,	1024
2016/07/01 17:05:28.602	 170 85 232 255 27 0 237 255 16 240 176 1 80 253 87 2 85 170,	59647
2016/07/01 17:05:28.649	 170 85 235 255 8 0 187 255 48 240 112 1 32 253 88 2 85 170,	60415
2016/07/01 17:05:28.650	 170 85 6 0 37 0 187 255 64 240 48 1 16 253 89 2 85 170,	1536
2016/07/01 17:05:28.682	 170 85 247 255 29 0 7 0 128 240 160 1 240 252 90 2 85 170,	63487
2016/07/01 17:05:28.689	 170 85 233 255 28 0 20 0 48 240 208 1 32 253 91 2 85 170,	59903
2016/07/01 17:05:28.710	 170 85 208 255 29 0 203 255 144 240 160 1 64 253 92 2 85 170,	53503
2016/07/01 17:05:28.742	 170 85 226 255 29 0 182 255 96 240 240 0 64 253 93 2 85 170,	58111
2016/07/01 17:05:28.745	 170 85 244 255 28 0 237 255 112 240 48 1 240 252 94 2 85 170,	62719
2016/07/01 17:05:28.792	 170 85 215 255 37 0 11 0 96 240 112 1 224 252 95 2 85 170,	55295
2016/07/01 17:05:28.797	 170 85 217 255 41 0 12 0 80 240 176 1 64 253 96 2 85 170,	55807
2016/07/01 17:05:28.824	 170 85 203 255 39 0 236 255 160 240 96 1 32 253 97 2 85 170,	52223
2016/07/01 17:05:28.837	 170 85 205 255 36 0 246 255 64 240 192 1 32 253 98 2 85 170,	52735
2016/07/01 17:05:28.850	 170 85 238 255 38 0 14 0 32 240 192 1 0 253 99 2 85 170,	61183
2016/07/01 17:05:28.882	 170 85 215 255 38 0 4 0 0 240 192 1 160 252 100 2 85 170,	55295
2016/07/01 17:05:28.884	 170 85 200 255 47 0 234 255 48 240 128 1 192 252 101 2 85 170,	51455
2016/07/01 17:05:28.914	 170 85 199 255 36 0 228 255 80 240 128 1 80 253 102 2 85 170,	51199
2016/07/01 17:05:28.933	 170 85 171 255 49 0 242 255 64 240 144 1 96 253 103 2 85 170,	44031
2016/07/01 17:05:28.944	 170 85 176 255 39 0 240 255 112 240 112 1 160 253 104 2 85 170,	45311
2016/07/01 17:05:28.982	 170 85 189 255 42 0 243 255 64 240 144 1 192 253 105 2 85 170,	48639
2016/07/01 17:05:28.985	 170 85 223 255 42 0 9 0 64 240 240 1 112 253 106 2 85 170,	57343
2016/07/01 17:05:29.023	 170 85 225 255 35 0 11 0 32 240 240 1 80 253 107 2 85 170,	57855
2016/07/01 17:05:29.038	 170 85 231 255 22 0 226 255 80 240 192 1 80 253 108 2 85 170,	59391
2016/07/01 17:05:29.071	 170 85 232 255 16 0 187 255 64 240 128 1 144 253 109 2 85 170,	59647
2016/07/01 17:05:29.074	 170 85 6 0 26 0 181 255 80 240 16 1 80 253 110 2 85 170,	1536
2016/07/01 17:05:29.086	 170 85 28 0 19 0 225 255 144 240 0 1 176 252 111 2 85 170,	7168
2016/07/01 17:05:29.101	 170 85 244 255 18 0 246 255 160 240 32 1 96 252 112 2 85 170,	62719
2016/07/01 17:05:29.131	 170 85 204 255 33 0 239 255 64 240 224 0 176 252 113 2 85 170,	52479
2016/07/01 17:05:29.156	 170 85 194 255 56 0 250 255 64 240 0 1 64 253 114 2 85 170,	49919
2016/07/01 17:05:29.166	 170 85 206 255 51 0 24 0 16 240 144 1 0 253 115 2 85 170,	52991
2016/07/01 17:05:29.194	 170 85 198 255 67 0 51 0 48 240 160 1 48 253 116 2 85 170,	50943
2016/07/01 17:05:29.210	 170 85 183 255 59 0 39 0 48 240 224 1 16 253 117 2 85 170,	47103
2016/07/01 17:05:29.241	 170 85 192 255 61 0 25 0 0 240 32 2 192 253 118 2 85 170,	49407
2016/07/01 17:05:29.252	 170 85 196 255 32 0 243 255 32 240 192 1 144 253 119 2 85 170,	50431
2016/07/01 17:05:29.266	 170 85 213 255 35 0 245 255 16 240 0 2 144 253 120 2 85 170,	54783
2016/07/01 17:05:29.292	 170 85 227 255 19 0 220 255 80 240 128 1 160 253 121 2 85 170,	58367
2016/07/01 17:05:29.310	 170 85 2 0 23 0 221 255 48 240 160 1 16 253 122 2 85 170,	512
2016/07/01 17:05:29.336	 170 85 18 0 7 0 221 255 64 240 160 1 192 252 123 2 85 170,	4608
2016/07/01 17:05:29.350	 170 85 227 255 17 0 219 255 64 240 144 1 80 253 124 2 85 170,	58367
2016/07/01 17:05:29.366	 170 85 240 255 11 0 200 255 48 240 16 1 64 253 125 2 85 170,	61695
2016/07/01 17:05:29.398	 170 85 239 255 22 0 231 255 48 240 240 0 32 253 126 2 85 170,	61439
2016/07/01 17:05:29.403	 170 85 212 255 31 0 255 255 96 240 16 1 240 252 127 2 85 170,	54527
2016/07/01 17:05:29.431	 170 85 222 255 50 0 231 255 160 240 224 0 176 252 128 2 85 170,	57087
2016/07/01 17:05:29.445	 170 85 217 255 53 0 245 255 128 240 64 1 240 252 129 2 85 170,	55807
2016/07/01 17:05:29.480	 170 85 198 255 75 0 23 0 48 240 48 1 224 252 130 2 85 170,	50943
2016/07/01 17:05:29.487	 170 85 169 255 72 0 59 0 64 240 16 2 128 253 131 2 85 170,	43519
2016/07/01 17:05:29.529	 170 85 170 255 65 0 48 0 48 240 48 2 176 253 132 2 85 170,	43775
2016/07/01 17:05:29.533	 170 85 178 255 53 0 10 0 176 239 48 2 32 254 133 2 85 170,	45823
2016/07/01 17:05:29.575	 170 85 219 255 27 0 242 255 16 240 48 2 16 254 134 2 85 170,	56319
2016/07/01 17:05:29.580	 170 85 24 0 14 0 194 255 80 240 224 1 112 253 135 2 85 170,	6144
2016/07/01 17:05:29.584	 170 85 26 0 19 0 186 255 32 240 128 1 32 253 136 2 85 170,	6656
2016/07/01 17:05:29.600	 170 85 4 0 11 0 216 255 112 240 80 1 208 252 137 2 85 170,	1024
2016/07/01 17:05:29.646	 170 85 253 255 12 0 239 255 96 240 176 1 176 252 138 2 85 170,	65023
2016/07/01 17:05:29.657	 170 85 218 255 33 0 5 0 0 240 112 1 160 252 139 2 85 170,	56063
2016/07/01 17:05:29.662	 170 85 172 255 27 0 9 0 224 239 160 1 0 253 140 2 85 170,	44287
2016/07/01 17:05:29.695	 170 85 193 255 34 0 209 255 112 240 224 1 240 252 141 2 85 170,	49663
2016/07/01 17:05:29.710	 170 85 193 255 39 0 193 255 48 240 96 1 192 252 142 2 85 170,	49663
2016/07/01 17:05:29.727	 170 85 176 255 36 0 193 255 112 240 16 1 32 253 143 2 85 170,	45311
2016/07/01 17:05:29.742	 170 85 177 255 36 0 226 255 176 240 240 0 48 253 144 2 85 170,	45567
2016/07/01 17:05:29.756	 170 85 183 255 44 0 249 255 144 240 144 0 32 253 145 2 85 170,	47103
2016/07/01 17:05:29.788	 170 85 190 255 84 0 25 0 64 240 224 0 96 253 146 2 85 170,	48895
2016/07/01 17:05:29.805	 170 85 198 255 70 0 84 0 32 240 192 1 0 254 147 2 85 170,	50943
2016/07/01 17:05:29.819	 170 85 1 0 51 0 86 0 48 240 0 2 144 253 148 2 85 170,	256
2016/07/01 17:05:29.850	 170 85 17 0 47 0 32 0 64 240 16 2 160 253 149 2 85 170,	4352
2016/07/01 17:05:29.866	 170 85 247 255 52 0 6 0 48 240 192 1 48 254 150 2 85 170,	63487
2016/07/01 17:05:29.884	 170 85 72 0 37 0 40 0 96 240 192 1 192 253 151 2 85 170,	18432
2016/07/01 17:05:29.921	 170 85 126 0 38 0 67 0 32 240 240 1 96 252 152 2 85 170,	32256
2016/07/01 17:05:29.948	 170 85 60 0 35 0 51 0 192 239 176 2 176 252 153 2 85 170,	15360
2016/07/01 17:05:29.964	 170 85 241 255 28 0 223 255 16 240 48 2 192 252 154 2 85 170,	61951
2016/07/01 17:05:29.969	 170 85 248 255 245 255 160 255 80 240 16 2 160 252 155 2 85 170,	63743
2016/07/01 17:05:29.992	 170 85 216 255 3 0 117 255 112 240 48 1 176 252 156 2 85 170,	55551
2016/07/01 17:05:30.007	 170 85 202 255 9 0 132 255 176 240 112 0 160 252 157 2 85 170,	51967
2016/07/01 17:05:30.022	 170 85 197 255 20 0 195 255 144 240 80 0 192 252 158 2 85 170,	50687
2016/07/01 17:05:30.042	 170 85 188 255 46 0 244 255 208 240 240 0 192 252 159 2 85 170,	48383
2016/07/01 17:05:30.070	 170 85 167 255 69 0 12 0 160 240 32 1 0 253 160 2 85 170,	43007
2016/07/01 17:05:30.085	 170 85 158 255 82 0 38 0 32 240 176 1 128 253 161 2 85 170,	40703
2016/07/01 17:05:30.101	 170 85 168 255 77 0 67 0 96 240 16 2 128 253 162 2 85 170,	43263
2016/07/01 17:05:30.134	 170 85 172 255 67 0 49 0 16 240 80 2 176 253 163 2 85 170,	44287
2016/07/01 17:05:30.148	 170 85 181 255 57 0 7 0 48 240 96 2 160 253 164 2 85 170,	46591
2016/07/01 17:05:30.163	 170 85 214 255 36 0 226 255 16 240 208 1 208 253 165 2 85 170,	55039
2016/07/01 17:05:30.200	 170 85 252 255 30 0 222 255 48 240 0 2 112 253 166 2 85 170,	64767
2016/07/01 17:05:30.232	 170 85 249 255 25 0 229 255 64 240 160 1 32 253 167 2 85 170,	63999
2016/07/01 17:05:30.237	 170 85 222 255 25 0 230 255 112 240 192 1 16 253 168 2 85 170,	57087
2016/07/01 17:05:30.256	 170 85 237 255 29 0 230 255 80 240 192 1 48 253 169 2 85 170,	60927
2016/07/01 17:05:30.259	 170 85 232 255 25 0 243 255 64 240 176 1 224 252 170 2 85 170,	59647
2016/07/01 17:05:30.288	 170 85 223 255 28 0 230 255 80 240 128 1 16 253 171 2 85 170,	57343
2016/07/01 17:05:30.303	 170 85 210 255 38 0 225 255 64 240 0 1 96 253 172 2 85 170,	54015
2016/07/01 17:05:30.326	 170 85 231 255 48 0 14 0 96 240 192 1 0 253 173 2 85 170,	59391
2016/07/01 17:05:30.350	 170 85 219 255 42 0 34 0 64 240 192 1 32 253 174 2 85 170,	56319
2016/07/01 17:05:30.367	 170 85 197 255 49 0 15 0 16 240 0 2 96 253 175 2 85 170,	50687
2016/07/01 17:05:30.383	 170 85 202 255 42 0 251 255 32 240 240 1 112 253 176 2 85 170,	51967
2016/07/01 17:05:30.399	 170 85 211 255 34 0 223 255 96 240 96 1 64 253 177 2 85 170,	54271
2016/07/01 17:05:30.417	 170 85 252 255 41 0 224 255 32 240 96 1 240 252 178 2 85 170,	64767
2016/07/01 17:05:30.462	 170 85 237 255 35 0 5 0 32 240 192 1 64 253 179 2 85 170,	60927
2016/07/01 17:05:30.466	 170 85 226 255 40 0 5 0 64 240 224 1 32 253 180 2 85 170,	58111
2016/07/01 17:05:30.492	 170 85 216 255 31 0 225 255 48 240 144 1 48 253 181 2 85 170,	55551
2016/07/01 17:05:30.513	 170 85 186 255 46 0 217 255 64 240 128 1 64 253 182 2 85 170,	47871
2016/07/01 17:05:30.556	 170 85 212 255 31 0 4 0 48 240 32 2 176 253 184 2 85 170,	54527
2016/07/01 17:05:30.576	 170 85 225 255 32 0 249 255 48 240 160 1 112 253 185 2 85 170,	57855
2016/07/01 17:05:30.583	 170 85 239 255 45 0 242 255 48 240 160 1 64 253 186 2 85 170,	61439
2016/07/01 17:05:30.601	 170 85 243 255 35 0 1 0 48 240 160 1 128 253 187 2 85 170,	62463
2016/07/01 17:05:30.633	 170 85 8 0 31 0 255 255 64 240 160 1 240 252 188 2 85 170,	2048
2016/07/01 17:05:30.640	 170 85 1 0 32 0 2 0 64 240 128 1 224 252 189 2 85 170,	256
2016/07/01 17:05:30.666	 170 85 220 255 42 0 252 255 64 240 128 1 0 253 190 2 85 170,	56575
2016/07/01 17:05:30.700	 170 85 218 255 34 0 248 255 48 240 144 1 32 253 191 2 85 170,	56063
2016/07/01 17:05:30.713	 170 85 207 255 45 0 244 255 112 240 112 1 64 253 192 2 85 170,	53247
2016/07/01 17:05:30.726	 170 85 230 255 49 0 7 0 80 240 96 1 64 253 193 2 85 170,	59135
2016/07/01 17:05:30.744	 170 85 240 255 51 0 45 0 32 240 224 1 240 252 194 2 85 170,	61695
2016/07/01 17:05:30.773	 170 85 212 255 58 0 27 0 48 240 0 2 80 253 195 2 85 170,	54527
2016/07/01 17:05:30.794	 170 85 196 255 48 0 237 255 32 240 0 2 112 253 196 2 85 170,	50431
2016/07/01 17:05:30.805	 170 85 226 255 43 0 231 255 16 240 32 2 112 253 197 2 85 170,	58111
2016/07/01 17:05:30.819	 170 85 216 255 19 0 244 255 192 239 48 2 64 253 198 2 85 170,	55551
2016/07/01 17:05:30.851	 170 85 221 255 12 0 226 255 0 240 192 1 0 253 199 2 85 170,	56831
2016/07/01 17:05:30.873	 170 85 200 255 15 0 176 255 96 240 128 1 96 253 200 2 85 170,	51455
2016/07/01 17:05:30.911	 170 85 220 255 17 0 154 255 112 240 32 1 112 253 201 2 85 170,	56575
2016/07/01 17:05:30.937	 170 85 237 255 24 0 219 255 112 240 144 0 224 252 202 2 85 170,	60927
2016/07/01 17:05:30.950	 170 85 218 255 46 0 24 0 96 240 16 1 240 252 203 2 85 170,	56063
2016/07/01 17:05:30.955	 170 85 220 255 53 0 70 0 96 240 176 1 240 252 204 2 85 170,	56575
2016/07/01 17:05:30.959	 170 85 206 255 72 0 63 0 16 240 80 2 64 253 205 2 85 170,	52991
2016/07/01 17:05:30.991	 170 85 173 255 65 0 43 0 32 240 64 2 176 253 206 2 85 170,	44543
2016/07/01 17:05:31.007	 170 85 199 255 54 0 252 255 64 240 48 2 144 253 207 2 85 170,	51199
2016/07/01 17:05:31.029	 170 85 215 255 53 0 229 255 96 240 32 2 160 253 208 2 85 170,	55295
2016/07/01 17:05:31.033	 170 85 224 255 42 0 241 255 48 240 240 1 128 253 209 2 85 170,	57599
2016/07/01 17:05:31.069	 170 85 235 255 23 0 239 255 16 240 0 2 16 253 210 2 85 170,	60415
2016/07/01 17:05:31.085	 170 85 228 255 22 0 199 255 64 240 176 1 32 253 211 2 85 170,	58623
2016/07/01 17:05:31.118	 170 85 224 255 29 0 195 255 112 240 128 1 128 253 212 2 85 170,	57599
2016/07/01 17:05:31.122	 170 85 241 255 35 0 221 255 0 240 160 1 0 253 213 2 85 170,	61951
2016/07/01 17:05:31.135	 170 85 253 255 38 0 15 0 48 240 240 1 64 253 214 2 85 170,	65023
2016/07/01 17:05:31.169	 170 85 210 255 33 0 248 255 240 239 0 2 144 253 215 2 85 170,	54015
2016/07/01 17:05:31.173	 170 85 2 0 19 0 227 255 48 240 144 1 64 253 216 2 85 170,	512
2016/07/01 17:05:31.214	 170 85 254 255 39 0 230 255 32 240 160 1 48 253 217 2 85 170,	65279
2016/07/01 17:05:31.232	 170 85 200 255 28 0 0 0 112 240 240 1 128 253 218 2 85 170,	51455
2016/07/01 17:05:31.260	 170 85 242 255 17 0 221 255 64 240 208 1 224 252 219 2 85 170,	62207
2016/07/01 17:05:31.264	 170 85 213 255 39 0 197 255 64 240 96 1 96 253 220 2 85 170,	54783
2016/07/01 17:05:31.282	 170 85 218 255 31 0 226 255 64 240 112 1 0 253 221 2 85 170,	56063
2016/07/01 17:05:31.308	 170 85 196 255 28 0 246 255 96 240 144 1 96 253 222 2 85 170,	50431
2016/07/01 17:05:31.319	 170 85 221 255 47 0 231 255 64 240 64 1 16 253 223 2 85 170,	56831
2016/07/01 17:05:31.352	 170 85 221 255 56 0 8 0 16 240 112 1 208 252 224 2 85 170,	56831
2016/07/01 17:05:31.355	 170 85 190 255 45 0 15 0 0 240 208 1 96 253 225 2 85 170,	48895
2016/07/01 17:05:31.382	 170 85 194 255 38 0 234 255 96 240 208 1 112 253 226 2 85 170,	49919
2016/07/01 17:05:31.414	 170 85 225 255 37 0 224 255 64 240 144 1 48 253 227 2 85 170,	57855
2016/07/01 17:05:31.426	 170 85 209 255 44 0 240 255 32 240 208 1 128 253 228 2 85 170,	53759
2016/07/01 17:05:31.444	 170 85 199 255 26 0 0 0 16 240 0 2 224 253 229 2 85 170,	51199
2016/07/01 17:05:31.463	 170 85 252 255 32 0 235 255 80 240 160 1 96 253 230 2 85 170,	64767
2016/07/01 17:05:31.494	 170 85 12 0 31 0 235 255 240 239 240 1 80 253 231 2 85 170,	3072
2016/07/01 17:05:31.498	 170 85 238 255 33 0 248 255 48 240 240 1 96 253 232 2 85 170,	61183
2016/07/01 17:05:31.523	 170 85 245 255 22 0 219 255 96 240 208 1 64 253 233 2 85 170,	62975
2016/07/01 17:05:31.533	 170 85 0 0 31 0 214 255 80 240 112 1 48 252 234 2 85 170,	0
2016/07/01 17:05:31.562	 170 85 223 255 29 0 239 255 64 240 160 1 144 252 235 2 85 170,	57343
2016/07/01 17:05:31.585	 170 85 194 255 30 0 240 255 128 240 192 1 16 253 236 2 85 170,	49919
2016/07/01 17:05:31.602	 170 85 214 255 27 0 205 255 16 240 128 1 80 253 237 2 85 170,	55039
2016/07/01 17:05:31.636	 170 85 218 255 36 0 221 255 144 240 64 1 96 253 238 2 85 170,	56063
2016/07/01 17:05:31.647	 170 85 203 255 47 0 253 255 96 240 128 1 16 253 239 2 85 170,	52223
2016/07/01 17:05:31.653	 170 85 203 255 36 0 4 0 80 240 176 1 80 253 240 2 85 170,	52223
2016/07/01 17:05:31.681	 170 85 207 255 34 0 249 255 48 240 128 1 16 253 241 2 85 170,	53247
2016/07/01 17:05:31.701	 170 85 189 255 44 0 236 255 64 240 192 1 48 253 242 2 85 170,	48639
2016/07/01 17:05:31.729	 170 85 194 255 31 0 240 255 64 240 128 1 112 253 243 2 85 170,	49919
2016/07/01 17:05:31.756	 170 85 218 255 38 0 241 255 80 240 112 1 176 253 244 2 85 170,	56063
2016/07/01 17:05:31.776	 170 85 208 255 39 0 242 255 32 240 160 1 96 253 245 2 85 170,	53503
2016/07/01 17:05:31.780	 170 85 209 255 37 0 0 0 64 240 224 1 96 253 246 2 85 170,	53759
2016/07/01 17:05:31.804	 170 85 211 255 38 0 248 255 64 240 208 1 80 253 247 2 85 170,	54271
2016/07/01 17:05:31.835	 170 85 212 255 40 0 232 255 48 240 240 1 80 253 248 2 85 170,	54527
2016/07/01 17:05:31.837	 170 85 207 255 33 0 234 255 48 240 160 1 144 253 249 2 85 170,	53247
2016/07/01 17:05:31.868	 170 85 219 255 39 0 245 255 80 240 192 1 176 253 250 2 85 170,	56319
2016/07/01 17:05:31.890	 170 85 226 255 27 0 235 255 128 240 192 1 192 253 251 2 85 170,	58111
2016/07/01 17:05:31.896	 170 85 247 255 32 0 225 255 112 240 160 1 144 253 252 2 85 170,	63487
2016/07/01 17:05:31.915	 170 85 253 255 38 0 234 255 16 240 160 1 112 253 253 2 85 170,	65023
2016/07/01 17:05:31.977	 170 85 250 255 34 0 6 0 16 240 208 1 96 253 254 2 85 170,	64255
2016/07/01 17:05:31.989	 170 85 2 0 49 0 4 0 32 240 64 2 32 253 255 2 85 170,	512
2016/07/01 17:05:31.995	 170 85 0 0 40 0 215 255 16 240 80 2 224 253 0 2 85 170,	0
2016/07/01 17:05:32.000	 170 85 30 0 16 0 136 255 16 240 160 1 48 253 1 2 85 170,	7680
2016/07/01 17:05:32.032	 170 85 69 0 130 0 50 255 0 240 80 1 0 253 2 2 85 170,	17664
2016/07/01 17:05:32.053	 170 85 224 255 158 0 145 255 224 239 128 2 192 252 3 2 85 170,	57599
2016/07/01 17:05:32.063	 170 85 183 255 165 2 29 255 192 239 144 1 64 252 4 2 85 170,	47103
2016/07/01 17:05:32.085	 170 85 3 255 160 5 8 255 112 240 128 1 32 254 5 2 85 170,	1023
2016/07/01 17:05:32.103	 170 85 108 255 126 4 234 254 208 239 208 255 144 254 6 2 85 170,	27903
2016/07/01 17:05:32.133	 170 85 79 0 51 7 82 255 224 239 176 255 176 253 7 2 85 170,	20224
2016/07/01 17:05:32.143	 170 85 185 0 209 9 125 0 0 240 208 1 16 253 8 2 85 170,	47360
2016/07/01 17:05:32.167	 170 85 183 0 121 11 233 255 112 240 96 3 0 253 9 2 85 170,	46848
2016/07/01 17:05:32.174	 170 85 32 0 189 8 240 254 96 240 32 3 32 253 10 2 85 170,	8192
2016/07/01 17:05:32.194	 170 85 135 255 80 6 178 254 64 240 48 2 144 253 11 2 85 170,	34815
2016/07/01 17:05:32.214	 170 85 162 255 61 6 157 254 16 240 208 1 144 253 12 2 85 170,	41727
2016/07/01 17:05:32.246	 170 85 25 255 39 7 155 254 0 240 0 2 240 253 13 2 85 170,	6655
2016/07/01 17:05:32.264	 170 85 231 254 100 6 214 254 144 240 112 1 48 254 14 2 85 170,	59390
2016/07/01 17:05:32.292	 170 85 237 254 180 4 26 255 128 240 144 1 240 253 15 2 85 170,	60926
2016/07/01 17:05:32.308	 170 85 245 254 67 6 95 255 96 240 224 2 144 253 16 2 85 170,	62974
2016/07/01 17:05:32.316	 170 85 118 254 53 7 225 254 160 240 0 3 224 253 17 2 85 170,	30462
2016/07/01 17:05:32.350	 170 85 183 253 79 6 79 254 160 240 0 2 80 254 18 2 85 170,	47101
2016/07/01 17:05:32.361	 170 85 77 253 247 5 253 253 176 240 96 1 16 255 19 2 85 170,	19965
2016/07/01 17:05:32.384	 170 85 80 253 176 5 62 254 208 240 64 1 160 255 20 2 85 170,	20733
2016/07/01 17:05:32.400	 170 85 91 253 114 4 119 254 16 240 240 0 48 0 21 2 85 170,	23549
2016/07/01 17:05:32.417	 170 85 179 253 244 4 192 254 208 239 176 1 192 255 22 2 85 170,	46077
2016/07/01 17:05:32.435	 170 85 188 253 142 5 137 254 48 240 224 2 32 1 23 2 85 170,	48381
2016/07/01 17:05:32.450	 170 85 9 254 55 4 169 253 16 240 224 1 112 1 24 2 85 170,	2558
2016/07/01 17:05:32.477	 170 85 147 254 62 4 122 253 0 240 80 1 48 1 25 2 85 170,	37886
2016/07/01 17:05:32.497	 170 85 182 254 116 4 101 253 16 240 160 1 48 0 26 2 85 170,	46846
2016/07/01 17:05:32.522	 170 85 114 254 115 4 25 253 64 240 176 0 48 0 27 2 85 170,	29438
2016/07/01 17:05:32.541	 170 85 245 253 240 4 215 252 32 240 144 255 176 1 28 2 85 170,	62973
2016/07/01 17:05:32.553	 170 85 30 254 50 4 75 253 0 240 224 255 144 1 29 2 85 170,	7934
2016/07/01 17:05:32.586	 170 85 142 254 227 3 70 253 32 240 112 255 128 1 30 2 85 170,	36606
2016/07/01 17:05:32.601	 170 85 168 254 189 3 97 253 32 240 208 255 144 1 31 2 85 170,	43262
2016/07/01 17:05:32.620	 170 85 197 254 37 3 79 253 16 240 240 254 0 2 32 2 85 170,	50686
2016/07/01 17:05:32.635	 170 85 227 254 62 2 190 253 64 240 128 254 48 2 33 2 85 170,	58366
2016/07/01 17:05:32.667	 170 85 54 255 127 2 31 254 32 240 0 255 32 2 34 2 85 170,	14079
2016/07/01 17:05:32.673	 170 85 85 255 25 2 226 253 48 240 80 254 16 2 35 2 85 170,	22015
2016/07/01 17:05:32.696	 170 85 106 255 125 1 18 254 96 240 240 253 176 1 36 2 85 170,	27391
2016/07/01 17:05:32.730	 170 85 77 255 185 1 86 254 240 239 240 253 240 1 37 2 85 170,	19967
2016/07/01 17:05:32.750	 170 85 64 255 178 2 135 254 224 239 176 253 16 2 38 2 85 170,	16639
2016/07/01 17:05:32.775	 170 85 80 255 146 2 138 254 64 240 128 253 128 2 39 2 85 170,	20735
2016/07/01 17:05:32.783	 170 85 94 255 122 2 151 254 48 240 80 253 48 2 40 2 85 170,	24319
2016/07/01 17:05:32.804	 170 85 130 255 113 2 202 254 80 240 48 253 48 2 41 2 85 170,	33535
2016/07/01 17:05:32.820	 170 85 147 255 127 2 10 255 96 240 240 252 96 2 42 2 85 170,	37887
2016/07/01 17:05:32.836	 170 85 149 255 235 1 59 255 80 240 128 253 64 2 43 2 85 170,	38399
2016/07/01 17:05:32.853	 170 85 131 255 56 1 221 254 64 240 224 252 48 2 44 2 85 170,	33791
2016/07/01 17:05:32.870	 170 85 115 255 65 1 208 254 112 240 240 252 224 1 45 2 85 170,	29695
2016/07/01 17:05:32.900	 170 85 104 255 93 1 225 254 112 240 176 252 32 2 46 2 85 170,	26879
2016/07/01 17:05:32.919	 170 85 111 255 225 0 248 254 128 240 0 253 64 2 47 2 85 170,	28671
2016/07/01 17:05:32.951	 170 85 111 255 148 0 231 254 64 240 176 252 112 2 48 2 85 170,	28671
2016/07/01 17:05:32.966	 170 85 139 255 23 0 196 254 96 240 128 252 160 2 49 2 85 170,	35839
2016/07/01 17:05:32.993	 170 85 153 255 78 255 229 254 160 240 48 252 128 2 50 2 85 170,	39423
2016/07/01 17:05:33.007	 170 85 184 255 151 254 251 254 224 240 208 252 96 2 51 2 85 170,	47359
2016/07/01 17:05:33.024	 170 85 136 255 152 253 116 254 96 240 192 252 32 2 52 2 85 170,	35071
2016/07/01 17:05:33.038	 170 85 94 255 158 253 105 254 64 240 176 252 192 2 53 2 85 170,	24319
2016/07/01 17:05:33.103	 170 85 131 255 195 253 98 254 192 240 224 252 112 2 54 2 85 170,	33791
2016/07/01 17:05:33.106	 170 85 115 255 134 253 216 253 112 240 0 252 64 2 55 2 85 170,	29695
2016/07/01 17:05:33.108	 170 85 65 255 130 254 193 253 240 240 160 251 32 3 56 2 85 170,	16895
2016/07/01 17:05:33.116	 170 85 121 255 41 255 215 253 32 241 16 251 192 2 57 2 85 170,	31231
2016/07/01 17:05:33.137	 170 85 66 255 127 255 244 253 0 241 128 250 64 3 58 2 85 170,	17151
2016/07/01 17:05:33.165	 170 85 92 255 244 255 172 254 208 240 240 250 96 3 59 2 85 170,	23807
2016/07/01 17:05:33.183	 170 85 166 255 236 255 210 254 192 240 64 251 224 2 60 2 85 170,	42751
2016/07/01 17:05:33.203	 170 85 199 255 153 0 10 255 208 240 176 250 32 3 61 2 85 170,	51199
2016/07/01 17:05:33.206	 170 85 175 255 244 0 12 255 240 240 96 250 96 3 62 2 85 170,	45055
2016/07/01 17:05:33.250	 170 85 172 255 242 0 44 255 80 241 80 250 112 3 63 2 85 170,	44287
2016/07/01 17:05:33.257	 170 85 195 255 102 0 43 255 112 241 0 250 224 2 64 2 85 170,	50175
2016/07/01 17:05:33.280	 170 85 167 255 109 0 135 255 48 241 144 250 0 3 65 2 85 170,	43007
2016/07/01 17:05:33.304	 170 85 137 255 175 0 134 255 16 241 240 250 144 3 66 2 85 170,	35327
2016/07/01 17:05:33.320	 170 85 166 255 40 0 70 255 32 241 160 251 224 2 67 2 85 170,	42751
2016/07/01 17:05:33.337	 170 85 181 255 92 0 4 255 64 241 144 250 16 3 68 2 85 170,	46591
2016/07/01 17:05:33.350	 170 85 95 255 177 255 202 254 208 241 144 250 160 3 69 2 85 170,	24575
2016/07/01 17:05:33.413	 170 85 135 255 188 254 182 254 208 241 0 251 64 3 70 2 85 170,	34815
2016/07/01 17:05:33.429	 170 85 141 255 17 254 66 254 80 241 128 250 240 2 71 2 85 170,	36351
2016/07/01 17:05:33.440	 170 85 51 255 22 254 249 253 80 241 0 250 240 3 72 2 85 170,	13311
2016/07/01 17:05:33.446	 170 85 68 255 35 254 13 254 112 241 224 249 96 4 73 2 85 170,	17663
2016/07/01 17:05:33.464	 170 85 166 255 239 253 13 254 112 241 144 249 128 3 74 2 85 170,	42751
2016/07/01 17:05:33.469	 170 85 118 255 135 254 53 254 224 241 192 249 128 3 75 2 85 170,	30463
2016/07/01 17:05:33.510	 170 85 26 255 149 254 43 254 144 241 208 249 16 4 76 2 85 170,	6911
2016/07/01 17:05:33.543	 170 85 222 254 51 254 251 253 80 242 176 249 240 4 77 2 85 170,	57086
2016/07/01 17:05:33.562	 170 85 250 254 11 254 184 253 96 242 32 248 80 4 78 2 85 170,	64254
2016/07/01 17:05:33.568	 170 85 19 255 196 253 231 253 0 242 128 248 208 4 79 2 85 170,	5119
2016/07/01 17:05:33.574	 170 85 60 255 13 254 92 254 176 241 32 249 224 4 80 2 85 170,	15615
2016/07/01 17:05:33.605	 170 85 114 255 198 254 125 254 32 242 96 249 96 4 81 2 85 170,	29439
2016/07/01 17:05:33.617	 170 85 113 255 255 254 80 254 112 242 224 247 48 5 82 2 85 170,	29183
2016/07/01 17:05:33.633	 170 85 139 255 178 255 147 254 176 242 32 248 0 5 83 2 85 170,	35839
2016/07/01 17:05:33.647	 170 85 201 255 86 0 56 255 208 242 192 248 16 5 84 2 85 170,	51711
2016/07/01 17:05:33.679	 170 85 199 255 22 0 63 255 64 242 144 248 32 5 85 2 85 170,	51199
2016/07/01 17:05:33.699	 170 85 190 255 82 0 41 255 32 242 0 248 144 5 86 2 85 170,	48895
2016/07/01 17:05:33.725	 170 85 227 255 140 0 151 255 128 242 176 248 96 5 87 2 85 170,	58367
2016/07/01 17:05:33.730	 170 85 244 255 91 0 140 255 48 242 112 248 32 5 88 2 85 170,	62719
2016/07/01 17:05:33.758	 170 85 216 255 134 0 130 255 112 242 32 248 224 4 89 2 85 170,	55551
2016/07/01 17:05:33.772	 170 85 223 255 142 0 165 255 192 242 48 248 224 4 90 2 85 170,	57343
2016/07/01 17:05:33.804	 170 85 237 255 175 0 182 255 160 242 32 248 224 4 91 2 85 170,	60927
2016/07/01 17:05:33.821	 170 85 247 255 184 0 214 255 240 242 32 248 16 5 92 2 85 170,	63487
2016/07/01 17:05:33.847	 170 85 17 0 164 0 245 255 224 242 32 248 96 5 93 2 85 170,	4352
2016/07/01 17:05:33.863	 170 85 36 0 130 0 7 0 128 242 0 248 160 4 94 2 85 170,	9216
2016/07/01 17:05:33.870	 170 85 254 255 181 0 11 0 192 242 32 248 240 4 95 2 85 170,	65279
2016/07/01 17:05:33.897	 170 85 220 255 175 0 251 255 224 242 96 248 64 5 96 2 85 170,	56575
2016/07/01 17:05:33.915	 170 85 252 255 96 0 206 255 192 242 0 248 128 4 97 2 85 170,	64767
2016/07/01 17:05:33.934	 170 85 1 0 56 0 223 255 16 243 240 247 80 4 98 2 85 170,	256
2016/07/01 17:05:33.950	 170 85 207 255 85 0 240 255 144 242 0 248 208 4 99 2 85 170,	53247
2016/07/01 17:05:33.976	 170 85 224 255 81 0 226 255 144 242 80 248 176 4 100 2 85 170,	57599
2016/07/01 17:05:33.996	 170 85 205 255 49 0 191 255 192 242 48 248 208 4 101 2 85 170,	52735
2016/07/01 17:05:34.007	 170 85 217 255 67 0 185 255 160 242 144 247 208 4 102 2 85 170,	55807
2016/07/01 17:05:34.053	 170 85 248 255 35 0 245 255 224 242 64 248 112 4 103 2 85 170,	63743
2016/07/01 17:05:34.060	 170 85 214 255 218 255 239 255 224 242 80 248 224 4 104 2 85 170,	55039
2016/07/01 17:05:34.065	 170 85 186 255 146 255 203 255 176 242 48 248 224 4 105 2 85 170,	47871
2016/07/01 17:05:34.101	 170 85 166 255 43 255 171 255 224 242 0 248 16 5 106 2 85 170,	42751
2016/07/01 17:05:34.110	 170 85 175 255 231 254 188 255 192 242 80 248 208 4 107 2 85 170,	45055
2016/07/01 17:05:34.136	 170 85 148 255 157 254 168 255 16 243 176 248 0 5 108 2 85 170,	38143
2016/07/01 17:05:34.156	 170 85 126 255 145 254 104 255 224 242 160 247 224 4 109 2 85 170,	32511
2016/07/01 17:05:34.176	 170 85 100 255 189 254 138 255 240 242 208 247 176 5 110 2 85 170,	25855
2016/07/01 17:05:34.196	 170 85 180 255 129 255 0 0 176 242 160 248 16 5 111 2 85 170,	46335
2016/07/01 17:05:34.216	 170 85 227 255 189 255 185 255 192 242 16 248 240 4 112 2 85 170,	58367
2016/07/01 17:05:34.241	 170 85 226 255 14 0 192 255 160 242 192 248 0 5 113 2 85 170,	58111
2016/07/01 17:05:34.258	 170 85 227 255 35 0 202 255 128 242 176 248 32 5 114 2 85 170,	58367
2016/07/01 17:05:34.285	 170 85 224 255 40 0 149 255 224 242 0 248 112 5 115 2 85 170,	57599
2016/07/01 17:05:34.299	 170 85 246 255 53 0 173 255 48 243 192 247 176 5 116 2 85 170,	63231
2016/07/01 17:05:34.322	 170 85 47 0 188 255 229 255 48 243 240 247 208 4 117 2 85 170,	12032
2016/07/01 17:05:34.335	 170 85 219 255 36 0 221 255 224 242 0 248 208 5 118 2 85 170,	56319
2016/07/01 17:05:34.354	 170 85 5 0 48 0 222 255 160 242 80 248 16 5 119 2 85 170,	1280
2016/07/01 17:05:34.370	 170 85 253 255 103 0 185 255 16 243 32 248 32 5 120 2 85 170,	65023
2016/07/01 17:05:34.409	 170 85 28 0 123 0 205 255 48 243 192 247 16 5 121 2 85 170,	7168
2016/07/01 17:05:34.434	 170 85 27 0 125 0 10 0 96 243 32 248 192 4 122 2 85 170,	6912
2016/07/01 17:05:34.440	 170 85 212 255 111 0 236 255 240 242 32 248 176 4 123 2 85 170,	54527
2016/07/01 17:05:34.449	 170 85 192 255 117 0 214 255 224 242 224 247 48 5 124 2 85 170,	49407
2016/07/01 17:05:34.476	 170 85 226 255 103 0 244 255 32 243 224 247 144 4 125 2 85 170,	58111
2016/07/01 17:05:34.491	 170 85 250 255 80 0 30 0 0 243 48 248 192 4 126 2 85 170,	64255
2016/07/01 17:05:34.522	 170 85 227 255 41 0 36 0 80 243 0 248 48 5 127 2 85 170,	58367
2016/07/01 17:05:34.538	 170 85 216 255 123 255 57 0 128 243 208 247 32 5 128 2 85 170,	55551
2016/07/01 17:05:34.554	 170 85 207 255 11 255 87 0 64 243 144 248 240 4 129 2 85 170,	53247
2016/07/01 17:05:34.589	 170 85 160 255 35 255 70 0 128 242 128 248 128 5 130 2 85 170,	41215
2016/07/01 17:05:34.600	 170 85 129 255 109 255 7 0 96 242 80 248 112 5 131 2 85 170,	33279
2016/07/01 17:05:34.616	 170 85 170 255 81 255 231 255 0 243 64 248 80 5 132 2 85 170,	43775
2016/07/01 17:05:34.634	 170 85 186 255 142 255 250 255 192 242 48 248 48 5 133 2 85 170,	47871
2016/07/01 17:05:34.648	 170 85 139 255 109 255 12 0 144 242 32 248 192 5 134 2 85 170,	35839
2016/07/01 17:05:34.700	 170 85 240 255 159 255 31 0 240 242 144 248 208 4 135 2 85 170,	61695
2016/07/01 17:05:34.709	 170 85 171 255 239 255 252 255 176 242 160 248 96 5 136 2 85 170,	44031
2016/07/01 17:05:34.715	 170 85 198 255 233 255 5 0 208 242 160 248 176 5 137 2 85 170,	50943
2016/07/01 17:05:34.741	 170 85 202 255 3 0 240 255 144 242 48 248 112 5 138 2 85 170,	51967
2016/07/01 17:05:34.757	 170 85 242 255 31 0 223 255 240 242 48 248 176 5 139 2 85 170,	62207
2016/07/01 17:05:34.772	 170 85 239 255 60 0 238 255 16 243 32 248 176 5 140 2 85 170,	61439
2016/07/01 17:05:34.788	 170 85 236 255 47 0 4 0 192 242 144 248 64 5 141 2 85 170,	60671
2016/07/01 17:05:34.804	 170 85 234 255 27 0 219 255 144 242 32 248 112 5 142 2 85 170,	60159
2016/07/01 17:05:34.838	 170 85 235 255 67 0 245 255 0 243 32 248 192 5 143 2 85 170,	60415
2016/07/01 17:05:34.842	 170 85 251 255 36 0 232 255 0 243 64 248 96 5 144 2 85 170,	64511
2016/07/01 17:05:34.872	 170 85 253 255 6 0 13 0 240 242 80 248 32 5 145 2 85 170,	65023
2016/07/01 17:05:34.889	 170 85 226 255 146 255 24 0 32 243 80 248 112 5 146 2 85 170,	58111
2016/07/01 17:05:34.919	 170 85 204 255 1 255 4 0 32 243 0 248 128 5 147 2 85 170,	52479
2016/07/01 17:05:34.944	 170 85 185 255 12 255 56 0 224 242 240 248 144 5 148 2 85 170,	47615
2016/07/01 17:05:34.968	 170 85 168 255 48 255 244 255 16 243 112 248 224 5 149 2 85 170,	43263
2016/07/01 17:05:34.976	 170 85 208 255 163 255 15 0 224 242 176 248 224 5 150 2 85 170,	53503
2016/07/01 17:05:34.992	 170 85 245 255 175 255 12 0 16 243 112 248 176 5 151 2 85 170,	62975
2016/07/01 17:05:35.006	 170 85 247 255 220 255 9 0 192 242 176 248 112 5 152 2 85 170,	63487
2016/07/01 17:05:35.039	 170 85 237 255 10 0 13 0 128 242 240 248 144 5 153 2 85 170,	60927
2016/07/01 17:05:35.055	 170 85 6 0 250 255 238 255 192 242 192 248 96 5 154 2 85 170,	1536
2016/07/01 17:05:35.064	 170 85 1 0 237 255 232 255 192 242 128 248 32 5 155 2 85 170,	256
2016/07/01 17:05:35.086	 170 85 198 255 56 0 223 255 240 242 112 248 240 5 156 2 85 170,	50943
2016/07/01 17:05:35.121	 170 85 234 255 47 0 218 255 176 242 16 248 80 6 157 2 85 170,	60159
2016/07/01 17:05:35.127	 170 85 10 0 52 0 16 0 64 243 208 248 176 5 158 2 85 170,	2560
2016/07/01 17:05:35.153	 170 85 241 255 39 0 247 255 240 242 64 248 128 5 159 2 85 170,	61951
2016/07/01 17:05:35.179	 170 85 235 255 64 0 43 0 240 242 176 248 64 5 160 2 85 170,	60415
2016/07/01 17:05:35.185	 170 85 212 255 37 0 19 0 224 242 176 248 128 5 161 2 85 170,	54527
2016/07/01 17:05:35.210	 170 85 197 255 85 0 50 0 160 242 208 248 16 6 162 2 85 170,	50687
2016/07/01 17:05:35.245	 170 85 214 255 53 0 35 0 240 242 48 249 96 5 163 2 85 170,	55039
2016/07/01 17:05:35.259	 170 85 196 255 17 0 247 255 192 242 128 248 112 5 164 2 85 170,	50431
2016/07/01 17:05:35.266	 170 85 184 255 32 0 14 0 144 242 192 248 16 6 165 2 85 170,	47359
2016/07/01 17:05:35.306	 170 85 202 255 72 0 5 0 176 242 112 248 192 5 166 2 85 170,	51967
2016/07/01 17:05:35.339	 170 85 24 0 23 0 19 0 192 242 176 248 64 5 167 2 85 170,	6144
2016/07/01 17:05:35.344	 170 85 8 0 32 0 42 0 224 242 144 248 48 5 168 2 85 170,	2048
2016/07/01 17:05:35.350	 170 85 239 255 12 0 60 0 48 242 144 248 240 5 169 2 85 170,	61439
2016/07/01 17:05:35.369	 170 85 8 0 57 0 98 0 128 242 96 249 128 5 170 2 85 170,	2048
2016/07/01 17:05:35.384	 170 85 220 255 18 0 237 255 192 242 112 248 176 5 171 2 85 170,	56575
2016/07/01 17:05:35.414	 170 85 229 255 36 0 18 0 208 242 96 248 192 5 172 2 85 170,	58879
2016/07/01 17:05:35.424	 170 85 25 0 29 0 55 0 208 242 160 248 240 5 173 2 85 170,	6400
2016/07/01 17:05:35.479	 170 85 29 0 249 255 54 0 176 242 128 248 224 5 174 2 85 170,	7424
2016/07/01 17:05:35.488	 170 85 44 0 244 255 81 0 128 242 176 248 160 5 175 2 85 170,	11264
2016/07/01 17:05:35.493	 170 85 76 0 7 0 115 0 160 242 16 249 64 5 176 2 85 170,	19456
2016/07/01 17:05:35.506	 170 85 20 0 0 0 68 0 16 242 240 248 224 5 177 2 85 170,	5120
2016/07/01 17:05:35.523	 170 85 34 0 3 0 105 0 32 242 240 248 240 5 178 2 85 170,	8704
2016/07/01 17:05:35.554	 170 85 63 0 234 255 123 0 160 242 64 249 96 5 179 2 85 170,	16128
2016/07/01 17:05:35.568	 170 85 68 0 219 255 106 0 96 242 112 249 64 5 180 2 85 170,	17408
2016/07/01 17:05:35.600	 170 85 227 255 252 255 13 0 112 242 240 248 128 5 181 2 85 170,	58367
2016/07/01 17:05:35.614	 170 85 250 255 254 255 52 0 80 242 0 249 208 5 182 2 85 170,	64255
2016/07/01 17:05:35.630	 170 85 59 0 216 255 61 0 128 242 80 249 144 5 183 2 85 170,	15104
2016/07/01 17:05:35.644	 170 85 64 0 217 255 90 0 112 242 144 249 48 5 184 2 85 170,	16384
2016/07/01 17:05:35.680	 170 85 8 0 230 255 33 0 112 242 80 249 96 5 185 2 85 170,	2048
2016/07/01 17:05:35.696	 170 85 227 255 34 0 17 0 64 242 160 249 208 5 186 2 85 170,	58367
2016/07/01 17:05:35.713	 170 85 254 255 25 0 7 0 48 242 16 249 144 5 187 2 85 170,	65279
2016/07/01 17:05:35.741	 170 85 68 0 30 0 49 0 112 242 80 249 0 5 188 2 85 170,	17408
2016/07/01 17:05:35.757	 170 85 42 0 25 0 57 0 0 242 208 249 96 5 189 2 85 170,	10752
2016/07/01 17:05:35.763	 170 85 239 255 10 0 224 255 48 242 96 249 96 5 190 2 85 170,	61439
2016/07/01 17:05:35.790	 170 85 15 0 252 255 237 255 96 242 32 249 48 5 191 2 85 170,	3840
2016/07/01 17:05:35.822	 170 85 255 255 39 0 249 255 144 242 16 249 192 4 192 2 85 170,	65535
2016/07/01 17:05:35.829	 170 85 241 255 18 0 254 255 96 242 64 249 48 5 193 2 85 170,	61951
2016/07/01 17:05:35.857	 170 85 204 255 20 0 0 0 96 242 64 249 112 5 194 2 85 170,	52479
2016/07/01 17:05:35.866	 170 85 244 255 23 0 24 0 64 242 128 249 48 5 195 2 85 170,	62719
2016/07/01 17:05:35.887	 170 85 243 255 3 0 248 255 144 242 32 249 144 5 196 2 85 170,	62463
2016/07/01 17:05:35.917	 170 85 236 255 25 0 7 0 32 242 96 249 160 5 197 2 85 170,	60671
2016/07/01 17:05:35.934	 170 85 4 0 14 0 15 0 64 242 80 249 144 5 198 2 85 170,	1024
2016/07/01 17:05:35.975	 170 85 231 255 7 0 242 255 144 242 80 249 128 5 199 2 85 170,	59391
2016/07/01 17:05:35.980	 170 85 230 255 241 255 228 255 96 242 224 248 144 5 200 2 85 170,	59135
2016/07/01 17:05:35.986	 170 85 244 255 40 0 24 0 240 241 128 249 96 5 201 2 85 170,	62719
2016/07/01 17:05:36.007	 170 85 238 255 253 255 240 255 64 242 160 249 48 5 202 2 85 170,	61183
2016/07/01 17:05:36.040	 170 85 221 255 232 255 193 255 32 242 48 249 144 5 203 2 85 170,	56831
2016/07/01 17:05:36.044	 170 85 236 255 231 255 242 255 48 242 32 249 32 5 204 2 85 170,	60671
2016/07/01 17:05:36.069	 170 85 225 255 2 0 248 255 48 242 128 249 80 5 205 2 85 170,	57855
2016/07/01 17:05:36.090	 170 85 244 255 238 255 202 255 48 242 80 249 80 5 206 2 85 170,	62719
2016/07/01 17:05:36.117	 170 85 237 255 219 255 194 255 48 242 32 249 64 5 207 2 85 170,	60927
2016/07/01 17:05:36.127	 170 85 221 255 249 255 197 255 96 242 144 249 112 5 208 2 85 170,	56831
2016/07/01 17:05:36.154	 170 85 229 255 234 255 206 255 128 242 128 249 0 4 209 2 85 170,	58879
2016/07/01 17:05:36.164	 170 85 200 255 228 255 202 255 96 242 48 249 48 5 210 2 85 170,	51455
2016/07/01 17:05:36.183	 170 85 171 255 24 0 189 255 80 242 48 249 160 5 211 2 85 170,	44031
2016/07/01 17:05:36.210	 170 85 211 255 254 255 205 255 128 242 80 249 128 5 212 2 85 170,	54271
2016/07/01 17:05:36.241	 170 85 206 255 10 0 215 255 112 242 0 249 176 5 213 2 85 170,	52991
2016/07/01 17:05:36.247	 170 85 210 255 9 0 243 255 32 242 96 249 112 5 214 2 85 170,	54015
2016/07/01 17:05:36.274	 170 85 242 255 13 0 0 0 112 242 32 249 208 5 215 2 85 170,	62207
2016/07/01 17:05:36.283	 170 85 42 0 24 0 31 0 80 242 64 249 144 5 216 2 85 170,	10752
2016/07/01 17:05:36.304	 170 85 72 0 37 0 32 0 96 242 192 249 48 5 217 2 85 170,	18432
2016/07/01 17:05:36.337	 170 85 239 255 27 0 210 255 128 242 96 249 32 5 218 2 85 170,	61439
2016/07/01 17:05:36.352	 170 85 202 255 14 0 212 255 192 242 80 249 160 5 219 2 85 170,	51967
2016/07/01 17:05:36.363	 170 85 227 255 253 255 233 255 160 242 48 249 96 5 220 2 85 170,	58367
2016/07/01 17:05:36.383	 170 85 242 255 255 255 239 255 80 242 48 249 64 5 221 2 85 170,	62207
2016/07/01 17:05:36.418	 170 85 247 255 14 0 16 0 32 242 112 249 144 5 222 2 85 170,	63487
2016/07/01 17:05:36.431	 170 85 231 255 228 255 233 255 176 242 64 249 112 5 223 2 85 170,	59391
2016/07/01 17:05:36.447	 170 85 237 255 249 255 222 255 112 242 80 249 176 5 224 2 85 170,	60927
2016/07/01 17:05:36.475	 170 85 215 255 59 0 252 255 80 242 128 249 128 5 225 2 85 170,	55295
2016/07/01 17:05:36.491	 170 85 227 255 36 0 222 255 128 242 16 249 144 5 226 2 85 170,	58367
2016/07/01 17:05:36.507	 170 85 219 255 61 0 5 0 64 242 64 249 128 5 227 2 85 170,	56319
2016/07/01 17:05:36.523	 170 85 239 255 51 0 1 0 32 242 96 249 112 5 228 2 85 170,	61439
2016/07/01 17:05:36.555	 170 85 252 255 28 0 245 255 240 241 144 249 128 5 229 2 85 170,	64767
2016/07/01 17:05:36.579	 170 85 245 255 44 0 226 255 16 242 16 249 80 5 230 2 85 170,	62975
2016/07/01 17:05:36.601	 170 85 244 255 36 0 226 255 48 242 112 249 48 5 231 2 85 170,	62719
2016/07/01 17:05:36.616	 170 85 241 255 24 0 202 255 112 242 64 249 160 5 232 2 85 170,	61951
2016/07/01 17:05:36.623	 170 85 253 255 20 0 214 255 80 242 128 249 48 5 233 2 85 170,	65023
2016/07/01 17:05:36.652	 170 85 4 0 2 0 206 255 144 242 128 249 96 5 234 2 85 170,	1024
2016/07/01 17:05:36.665	 170 85 2 0 4 0 202 255 176 242 16 249 16 5 235 2 85 170,	512
2016/07/01 17:05:36.678	 170 85 251 255 253 255 217 255 208 242 128 249 128 5 236 2 85 170,	64511
2016/07/01 17:05:36.710	 170 85 237 255 18 0 237 255 128 242 16 249 112 5 237 2 85 170,	60927
2016/07/01 17:05:36.719	 170 85 220 255 27 0 234 255 128 242 0 249 144 5 238 2 85 170,	56575
2016/07/01 17:05:36.741	 170 85 205 255 10 0 229 255 128 242 16 249 128 5 239 2 85 170,	52735
2016/07/01 17:05:36.774	 170 85 193 255 251 255 232 255 64 242 16 249 208 5 240 2 85 170,	49663
2016/07/01 17:05:36.801	 170 85 190 255 11 0 5 0 16 242 80 249 176 5 241 2 85 170,	48895
2016/07/01 17:05:36.815	 170 85 199 255 18 0 247 255 80 242 176 249 208 5 242 2 85 170,	51199
2016/07/01 17:05:36.826	 170 85 200 255 212 255 189 255 48 242 144 249 208 4 243 2 85 170,	51455
2016/07/01 17:05:36.857	 170 85 127 255 137 255 155 255 96 242 80 249 176 4 244 2 85 170,	32767
2016/07/01 17:05:36.866	 170 85 88 255 168 255 172 255 80 242 144 248 160 5 245 2 85 170,	22783
2016/07/01 17:05:36.885	 170 85 144 255 191 255 17 0 176 242 208 249 144 5 246 2 85 170,	37119
2016/07/01 17:05:36.913	 170 85 179 255 177 255 193 255 144 242 32 249 176 5 247 2 85 170,	46079
2016/07/01 17:05:36.931	 170 85 159 255 26 0 212 255 128 242 0 249 176 5 248 2 85 170,	40959
2016/07/01 17:05:36.952	 170 85 150 255 51 0 230 255 112 242 64 249 224 5 249 2 85 170,	38655
2016/07/01 17:05:36.960	 170 85 177 255 53 0 212 255 176 242 16 249 0 6 250 2 85 170,	45567
2016/07/01 17:05:36.991	 170 85 210 255 52 0 212 255 160 242 224 248 224 5 251 2 85 170,	54015
2016/07/01 17:05:37.007	 170 85 240 255 66 0 245 255 128 242 16 249 224 5 252 2 85 170,	61695
2016/07/01 17:05:37.024	 170 85 245 255 95 0 12 0 128 242 48 249 240 5 253 2 85 170,	62975
2016/07/01 17:05:37.054	 170 85 20 0 72 0 7 0 192 242 64 249 192 5 254 2 85 170,	5120
2016/07/01 17:05:37.074	 170 85 32 0 65 0 17 0 144 242 80 249 160 5 255 2 85 170,	8192
2016/07/01 17:05:37.091	 170 85 43 0 71 0 22 0 144 242 48 249 96 5 0 2 85 170,	11008
2016/07/01 17:05:37.103	 170 85 15 0 68 0 13 0 128 242 0 249 160 5 1 2 85 170,	3840
2016/07/01 17:05:37.120	 170 85 35 0 47 0 43 0 112 242 32 249 32 5 2 2 85 170,	8960
2016/07/01 17:05:37.148	 170 85 5 0 59 0 22 0 112 242 96 249 32 5 3 2 85 170,	1280
2016/07/01 17:05:37.169	 170 85 6 0 43 0 21 0 176 242 80 249 160 5 4 2 85 170,	1536
2016/07/01 17:05:37.179	 170 85 12 0 28 0 9 0 32 242 48 249 112 5 5 2 85 170,	3072
2016/07/01 17:05:37.214	 170 85 57 0 60 0 82 0 160 242 0 250 48 5 6 2 85 170,	14592
2016/07/01 17:05:37.221	 170 85 31 0 48 0 52 0 160 242 96 249 64 5 7 2 85 170,	7936
2016/07/01 17:05:37.258	 170 85 195 255 236 255 187 255 144 242 224 248 96 5 8 2 85 170,	50175
2016/07/01 17:05:37.262	 170 85 240 255 50 0 56 0 128 242 48 249 160 5 9 2 85 170,	61695
2016/07/01 17:05:37.289	 170 85 58 0 36 0 89 0 0 242 144 249 0 6 10 2 85 170,	14848
2016/07/01 17:05:37.308	 170 85 82 0 48 0 62 0 128 242 208 249 48 5 11 2 85 170,	20992
2016/07/01 17:05:37.323	 170 85 12 0 0 0 206 255 112 242 176 248 48 5 12 2 85 170,	3072
2016/07/01 17:05:37.344	 170 85 241 255 48 0 25 0 0 242 240 249 64 5 13 2 85 170,	61951
2016/07/01 17:05:37.369	 170 85 216 255 33 0 232 255 96 242 80 249 112 5 14 2 85 170,	55551
2016/07/01 17:05:37.403	 170 85 247 255 249 255 230 255 176 242 64 249 16 5 15 2 85 170,	63487
2016/07/01 17:05:37.410	 170 85 211 255 19 0 229 255 176 242 96 249 0 5 16 2 85 170,	54271
2016/07/01 17:05:37.420	 170 85 200 255 18 0 9 0 80 242 32 249 80 5 17 2 85 170,	51455
2016/07/01 17:05:37.439	 170 85 233 255 44 0 16 0 96 242 160 249 208 5 18 2 85 170,	59903
2016/07/01 17:05:37.456	 170 85 235 255 0 0 225 255 80 242 176 249 16 5 19 2 85 170,	60415
2016/07/01 17:05:37.491	 170 85 205 255 37 0 220 255 64 242 32 249 48 5 20 2 85 170,	52735
2016/07/01 17:05:37.498	 170 85 198 255 47 0 227 255 80 242 112 249 128 5 21 2 85 170,	50943
2016/07/01 17:05:37.523	 170 85 221 255 38 0 233 255 80 242 96 249 48 5 22 2 85 170,	56831
