2016/05/09 00:25:47.197	 85 170 0 0 170 85,	0
2016/05/09 00:25:47.305	 85 170 0 0 170 85,	0
2016/05/09 00:25:47.413	 85 170 15 243 170 85,	4083
2016/05/09 00:25:47.523	 85 170 15 250 170 85,	4090
2016/05/09 00:25:47.524	 85 170 0 5 170 85,	5
2016/05/09 00:25:47.632	 85 170 0 5 170 85,	5
2016/05/09 00:25:47.745	 85 170 0 3 170 85,	3
2016/05/09 00:25:47.852	 85 170 0 3 170 85,	3
2016/05/09 00:25:47.961	 85 170 0 3 170 85,	3
2016/05/09 00:25:48.073	 85 170 15 247 170 85,	4087
2016/05/09 00:25:48.186	 85 170 15 247 170 85,	4087
2016/05/09 00:25:48.288	 85 170 15 248 170 85,	4088
2016/05/09 00:25:48.397	 85 170 15 247 170 85,	4087
2016/05/09 00:25:48.506	 85 170 15 248 170 85,	4088
2016/05/09 00:25:48.618	 85 170 9 145 170 85,	2449
2016/05/09 00:25:48.726	 85 170 0 210 170 85,	210
2016/05/09 00:25:48.738	 85 170 0 110 170 85,	110
2016/05/09 00:25:48.839	 85 170 4 233 170 85,	1257
2016/05/09 00:25:48.945	 85 170 9 194 170 85,	2498
2016/05/09 00:25:49.055	 85 170 12 151 170 85,	3223
2016/05/09 00:25:49.165	 85 170 13 53 170 85,	3381
2016/05/09 00:25:49.274	 85 170 12 141 170 85,	3213
2016/05/09 00:25:49.382	 85 170 11 171 170 85,	2987
2016/05/09 00:25:49.494	 85 170 10 235 170 85,	2795
2016/05/09 00:25:49.601	 85 170 10 158 170 85,	2718
2016/05/09 00:25:49.713	 85 170 10 101 170 85,	2661
2016/05/09 00:25:49.821	 85 170 11 7 170 85,	2823
2016/05/09 00:25:49.928	 85 170 11 100 170 85,	2916
2016/05/09 00:25:50.039	 85 170 11 28 170 85,	2844
2016/05/09 00:25:50.041	 85 170 11 7 170 85,	2823
2016/05/09 00:25:50.148	 85 170 11 89 170 85,	2905
2016/05/09 00:25:50.257	 85 170 11 111 170 85,	2927
2016/05/09 00:25:50.369	 85 170 10 239 170 85,	2799
2016/05/09 00:25:50.477	 85 170 10 225 170 85,	2785
2016/05/09 00:25:50.585	 85 170 11 78 170 85,	2894
2016/05/09 00:25:50.697	 85 170 11 58 170 85,	2874
2016/05/09 00:25:50.809	 85 170 11 17 170 85,	2833
2016/05/09 00:25:50.913	 85 170 11 75 170 85,	2891
2016/05/09 00:25:51.025	 85 170 11 26 170 85,	2842
2016/05/09 00:25:51.132	 85 170 10 247 170 85,	2807
2016/05/09 00:25:51.242	 85 170 10 237 170 85,	2797
2016/05/09 00:25:51.246	 85 170 11 84 170 85,	2900
2016/05/09 00:25:51.351	 85 170 11 41 170 85,	2857
2016/05/09 00:25:51.465	 85 170 11 29 170 85,	2845
2016/05/09 00:25:51.570	 85 170 11 10 170 85,	2826
2016/05/09 00:25:51.679	 85 170 11 38 170 85,	2854
2016/05/09 00:25:51.790	 85 170 11 50 170 85,	2866
2016/05/09 00:25:51.897	 85 170 11 43 170 85,	2859
2016/05/09 00:25:52.011	 85 170 10 228 170 85,	2788
2016/05/09 00:25:52.120	 85 170 11 80 170 85,	2896
2016/05/09 00:25:52.226	 85 170 9 14 170 85,	2318
2016/05/09 00:25:52.339	 85 170 0 4 170 85,	4
2016/05/09 00:25:52.447	 85 170 0 2 170 85,	2
2016/05/09 00:25:52.553	 85 170 15 248 170 85,	4088
2016/05/09 00:25:52.556	 85 170 15 247 170 85,	4087
2016/05/09 00:25:52.663	 85 170 15 247 170 85,	4087
2016/05/09 00:25:52.773	 85 170 0 3 170 85,	3
2016/05/09 00:25:52.882	 85 170 15 247 170 85,	4087
2016/05/09 00:25:52.992	 85 170 0 4 170 85,	4
2016/05/09 00:25:53.102	 85 170 0 6 170 85,	6
2016/05/09 00:25:53.210	 85 170 0 4 170 85,	4
2016/05/09 00:25:53.322	 85 170 0 4 170 85,	4
2016/05/09 00:25:53.428	 85 170 13 139 170 85,	3467
2016/05/09 00:25:53.539	 85 170 0 2 170 85,	2
2016/05/09 00:25:53.650	 85 170 15 243 170 85,	4083
2016/05/09 00:25:53.757	 85 170 15 244 170 85,	4084
2016/05/09 00:25:53.865	 85 170 15 245 170 85,	4085
2016/05/09 00:25:53.869	 85 170 15 247 170 85,	4087
2016/05/09 00:25:53.977	 85 170 0 3 170 85,	3
2016/05/09 00:25:54.085	 85 170 0 7 170 85,	7
2016/05/09 00:25:54.196	 85 170 0 5 170 85,	5
2016/05/09 00:25:54.304	 85 170 0 3 170 85,	3
2016/05/09 00:25:54.413	 85 170 15 247 170 85,	4087
2016/05/09 00:25:54.524	 85 170 15 246 170 85,	4086
2016/05/09 00:25:54.636	 85 170 15 246 170 85,	4086
2016/05/09 00:25:54.744	 85 170 15 243 170 85,	4083
2016/05/09 00:25:54.851	 85 170 15 242 170 85,	4082
2016/05/09 00:25:54.965	 85 170 15 245 170 85,	4085
2016/05/09 00:25:55.070	 85 170 15 246 170 85,	4086
2016/05/09 00:25:55.072	 85 170 0 5 170 85,	5
2016/05/09 00:25:55.179	 85 170 0 5 170 85,	5
2016/05/09 00:25:55.289	 85 170 0 4 170 85,	4
2016/05/09 00:25:55.403	 85 170 0 4 170 85,	4
2016/05/09 00:25:55.507	 85 170 0 3 170 85,	3
2016/05/09 00:25:55.619	 85 170 0 3 170 85,	3
2016/05/09 00:25:55.725	 85 170 0 5 170 85,	5
2016/05/09 00:25:55.835	 85 170 0 5 170 85,	5
2016/05/09 00:25:55.948	 85 170 0 5 170 85,	5
2016/05/09 00:25:56.056	 85 170 0 4 170 85,	4
2016/05/09 00:25:56.164	 85 170 0 4 170 85,	4
2016/05/09 00:25:56.275	 85 170 0 7 170 85,	7
2016/05/09 00:25:56.278	 85 170 0 9 170 85,	9
2016/05/09 00:25:56.383	 85 170 0 2 170 85,	2
2016/05/09 00:25:56.491	 85 170 15 244 170 85,	4084
2016/05/09 00:25:56.601	 85 170 15 243 170 85,	4083
2016/05/09 00:25:56.712	 85 170 15 244 170 85,	4084
2016/05/09 00:25:56.821	 85 170 15 245 170 85,	4085
2016/05/09 00:25:56.934	 85 170 15 247 170 85,	4087
2016/05/09 00:25:57.038	 85 170 15 114 170 85,	3954
2016/05/09 00:25:57.148	 85 170 0 3 170 85,	3
2016/05/09 00:25:57.260	 85 170 0 4 170 85,	4
2016/05/09 00:25:57.369	 85 170 0 4 170 85,	4
2016/05/09 00:25:57.475	 85 170 0 3 170 85,	3
2016/05/09 00:25:57.586	 85 170 5 61 170 85,	1341
2016/05/09 00:25:57.588	 85 170 15 243 170 85,	4083
2016/05/09 00:25:57.697	 85 170 14 81 170 85,	3665
2016/05/09 00:25:57.805	 85 170 0 7 170 85,	7
2016/05/09 00:25:57.914	 85 170 0 7 170 85,	7
2016/05/09 00:25:58.023	 85 170 0 7 170 85,	7
2016/05/09 00:25:58.132	 85 170 0 6 170 85,	6
2016/05/09 00:25:58.245	 85 170 0 3 170 85,	3
2016/05/09 00:25:58.351	 85 170 15 247 170 85,	4087
2016/05/09 00:25:58.461	 85 170 15 246 170 85,	4086
2016/05/09 00:25:58.573	 85 170 15 247 170 85,	4087
2016/05/09 00:25:58.679	 85 170 15 247 170 85,	4087
2016/05/09 00:25:58.789	 85 170 15 247 170 85,	4087
2016/05/09 00:25:58.901	 85 170 8 178 170 85,	2226
2016/05/09 00:25:58.903	 85 170 0 4 170 85,	4
2016/05/09 00:25:59.007	 85 170 0 4 170 85,	4
2016/05/09 00:25:59.117	 85 170 0 61 170 85,	61
2016/05/09 00:25:59.226	 85 170 7 64 170 85,	1856
2016/05/09 00:25:59.336	 85 170 12 231 170 85,	3303
2016/05/09 00:25:59.444	 85 170 15 183 170 85,	4023
2016/05/09 00:25:59.553	 85 170 0 8 170 85,	8
2016/05/09 00:25:59.666	 85 170 0 3 170 85,	3
2016/05/09 00:25:59.774	 85 170 15 243 170 85,	4083
2016/05/09 00:25:59.886	 85 170 15 242 170 85,	4082
2016/05/09 00:25:59.995	 85 170 15 243 170 85,	4083
2016/05/09 00:26:00.101	 85 170 15 247 170 85,	4087
2016/05/09 00:26:00.103	 85 170 0 6 170 85,	6
2016/05/09 00:26:00.213	 85 170 0 7 170 85,	7
2016/05/09 00:26:00.322	 85 170 0 7 170 85,	7
2016/05/09 00:26:00.430	 85 170 0 4 170 85,	4
2016/05/09 00:26:00.538	 85 170 0 4 170 85,	4
2016/05/09 00:26:00.647	 85 170 15 247 170 85,	4087
2016/05/09 00:26:00.757	 85 170 4 116 170 85,	1140
2016/05/09 00:26:00.870	 85 170 0 3 170 85,	3
2016/05/09 00:26:00.975	 85 170 15 247 170 85,	4087
2016/05/09 00:26:01.085	 85 170 15 247 170 85,	4087
2016/05/09 00:26:01.199	 85 170 15 247 170 85,	4087
2016/05/09 00:26:01.310	 85 170 7 39 170 85,	1831
2016/05/09 00:26:01.312	 85 170 0 8 170 85,	8
2016/05/09 00:26:01.414	 85 170 0 8 170 85,	8
2016/05/09 00:26:01.525	 85 170 0 0 170 85,	0
2016/05/09 00:26:01.635	 85 170 15 245 170 85,	4085
2016/05/09 00:26:01.743	 85 170 15 244 170 85,	4084
2016/05/09 00:26:01.852	 85 170 15 243 170 85,	4083
2016/05/09 00:26:01.961	 85 170 15 245 170 85,	4085
2016/05/09 00:26:02.071	 85 170 15 247 170 85,	4087
2016/05/09 00:26:02.185	 85 170 15 250 170 85,	4090
2016/05/09 00:26:02.288	 85 170 14 149 170 85,	3733
2016/05/09 00:26:02.398	 85 170 0 6 170 85,	6
2016/05/09 00:26:02.511	 85 170 6 180 170 85,	1716
2016/05/09 00:26:02.619	 85 170 9 34 170 85,	2338
2016/05/09 00:26:02.622	 85 170 15 246 170 85,	4086
2016/05/09 00:26:02.726	 85 170 15 247 170 85,	4087
2016/05/09 00:26:02.837	 85 170 0 3 170 85,	3
2016/05/09 00:26:02.948	 85 170 0 4 170 85,	4
2016/05/09 00:26:03.055	 85 170 0 3 170 85,	3
2016/05/09 00:26:03.163	 85 170 0 3 170 85,	3
2016/05/09 00:26:03.277	 85 170 0 3 170 85,	3
2016/05/09 00:26:03.382	 85 170 0 4 170 85,	4
2016/05/09 00:26:03.496	 85 170 2 254 170 85,	766
2016/05/09 00:26:03.602	 85 170 15 249 170 85,	4089
2016/05/09 00:26:03.710	 85 170 0 4 170 85,	4
2016/05/09 00:26:03.822	 85 170 0 1 170 85,	1
2016/05/09 00:26:03.935	 85 170 0 6 170 85,	6
2016/05/09 00:26:03.937	 85 170 0 2 170 85,	2
2016/05/09 00:26:04.038	 85 170 0 4 170 85,	4
2016/05/09 00:26:04.151	 85 170 15 249 170 85,	4089
2016/05/09 00:26:04.257	 85 170 15 65 170 85,	3905
2016/05/09 00:26:04.367	 85 170 15 243 170 85,	4083
2016/05/09 00:26:04.476	 85 170 13 21 170 85,	3349
2016/05/09 00:26:04.590	 85 170 0 7 170 85,	7
2016/05/09 00:26:04.696	 85 170 0 6 170 85,	6
2016/05/09 00:26:04.803	 85 170 0 7 170 85,	7
2016/05/09 00:26:04.913	 85 170 0 5 170 85,	5
2016/05/09 00:26:05.023	 85 170 0 3 170 85,	3
2016/05/09 00:26:05.134	 85 170 10 148 170 85,	2708
2016/05/09 00:26:05.137	 85 170 15 248 170 85,	4088
2016/05/09 00:26:05.244	 85 170 15 247 170 85,	4087
2016/05/09 00:26:05.352	 85 170 15 247 170 85,	4087
2016/05/09 00:26:05.464	 85 170 15 247 170 85,	4087
2016/05/09 00:26:05.569	 85 170 8 35 170 85,	2083
2016/05/09 00:26:05.679	 85 170 0 5 170 85,	5
2016/05/09 00:26:05.789	 85 170 0 4 170 85,	4
2016/05/09 00:26:05.898	 85 170 0 194 170 85,	194
2016/05/09 00:26:06.007	 85 170 7 87 170 85,	1879
2016/05/09 00:26:06.121	 85 170 10 177 170 85,	2737
2016/05/09 00:26:06.227	 85 170 4 180 170 85,	1204
2016/05/09 00:26:06.335	 85 170 15 247 170 85,	4087
2016/05/09 00:26:06.448	 85 170 15 247 170 85,	4087
2016/05/09 00:26:06.451	 85 170 14 143 170 85,	3727
2016/05/09 00:26:06.553	 85 170 9 195 170 85,	2499
2016/05/09 00:26:06.664	 85 170 7 187 170 85,	1979
2016/05/09 00:26:06.775	 85 170 4 252 170 85,	1276
2016/05/09 00:26:06.882	 85 170 0 8 170 85,	8
2016/05/09 00:26:06.992	 85 170 0 7 170 85,	7
2016/05/09 00:26:07.101	 85 170 15 243 170 85,	4083
2016/05/09 00:26:07.211	 85 170 15 243 170 85,	4083
2016/05/09 00:26:07.320	 85 170 0 7 170 85,	7
2016/05/09 00:26:07.434	 85 170 15 243 170 85,	4083
2016/05/09 00:26:07.540	 85 170 0 7 170 85,	7
2016/05/09 00:26:07.648	 85 170 0 3 170 85,	3
2016/05/09 00:26:07.650	 85 170 15 243 170 85,	4083
2016/05/09 00:26:07.759	 85 170 0 7 170 85,	7
2016/05/09 00:26:07.871	 85 170 15 243 170 85,	4083
2016/05/09 00:26:07.976	 85 170 0 7 170 85,	7
2016/05/09 00:26:08.088	 85 170 15 242 170 85,	4082
2016/05/09 00:26:08.196	 85 170 0 7 170 85,	7
2016/05/09 00:26:08.305	 85 170 15 243 170 85,	4083
2016/05/09 00:26:08.415	 85 170 0 7 170 85,	7
2016/05/09 00:26:08.528	 85 170 15 243 170 85,	4083
2016/05/09 00:26:08.632	 85 170 15 249 170 85,	4089
2016/05/09 00:26:08.745	 85 170 0 6 170 85,	6
2016/05/09 00:26:08.851	 85 170 0 5 170 85,	5
2016/05/09 00:26:08.960	 85 170 0 7 170 85,	7
2016/05/09 00:26:08.962	 85 170 0 8 170 85,	8
2016/05/09 00:26:09.072	 85 170 10 149 170 85,	2709
2016/05/09 00:26:09.178	 85 170 15 242 170 85,	4082
2016/05/09 00:26:09.290	 85 170 15 242 170 85,	4082
2016/05/09 00:26:09.400	 85 170 0 7 170 85,	7
2016/05/09 00:26:09.511	 85 170 0 3 170 85,	3
2016/05/09 00:26:09.616	 85 170 15 243 170 85,	4083
2016/05/09 00:26:09.726	 85 170 0 7 170 85,	7
2016/05/09 00:26:09.837	 85 170 15 243 170 85,	4083
2016/05/09 00:26:09.946	 85 170 0 8 170 85,	8
2016/05/09 00:26:10.054	 85 170 15 243 170 85,	4083
2016/05/09 00:26:10.163	 85 170 0 7 170 85,	7
2016/05/09 00:26:10.273	 85 170 15 243 170 85,	4083
2016/05/09 00:26:10.276	 85 170 0 7 170 85,	7
2016/05/09 00:26:10.385	 85 170 0 2 170 85,	2
2016/05/09 00:26:10.494	 85 170 15 245 170 85,	4085
2016/05/09 00:26:10.601	 85 170 15 245 170 85,	4085
2016/05/09 00:26:10.713	 85 170 15 245 170 85,	4085
2016/05/09 00:26:10.822	 85 170 15 246 170 85,	4086
2016/05/09 00:26:10.929	 85 170 15 247 170 85,	4087
2016/05/09 00:26:11.038	 85 170 15 244 170 85,	4084
2016/05/09 00:26:11.149	 85 170 15 248 170 85,	4088
2016/05/09 00:26:11.257	 85 170 15 246 170 85,	4086
2016/05/09 00:26:11.369	 85 170 15 248 170 85,	4088
2016/05/09 00:26:11.477	 85 170 0 5 170 85,	5
2016/05/09 00:26:11.480	 85 170 0 6 170 85,	6
2016/05/09 00:26:11.585	 85 170 0 5 170 85,	5
2016/05/09 00:26:11.698	 85 170 0 4 170 85,	4
2016/05/09 00:26:11.810	 85 170 0 3 170 85,	3
2016/05/09 00:26:11.913	 85 170 0 44 170 85,	44
2016/05/09 00:26:12.022	 85 170 8 100 170 85,	2148
2016/05/09 00:26:12.137	 85 170 0 5 170 85,	5
2016/05/09 00:26:12.242	 85 170 0 4 170 85,	4
2016/05/09 00:26:12.351	 85 170 0 11 170 85,	11
2016/05/09 00:26:12.461	 85 170 3 130 170 85,	898
2016/05/09 00:26:12.570	 85 170 7 151 170 85,	1943
2016/05/09 00:26:12.679	 85 170 10 132 170 85,	2692
2016/05/09 00:26:12.788	 85 170 11 187 170 85,	3003
2016/05/09 00:26:12.790	 85 170 11 67 170 85,	2883
2016/05/09 00:26:12.898	 85 170 10 175 170 85,	2735
2016/05/09 00:26:13.011	 85 170 10 152 170 85,	2712
2016/05/09 00:26:13.118	 85 170 10 78 170 85,	2638
2016/05/09 00:26:13.227	 85 170 10 58 170 85,	2618
2016/05/09 00:26:13.338	 85 170 10 87 170 85,	2647
2016/05/09 00:26:13.448	 85 170 10 220 170 85,	2780
2016/05/09 00:26:13.556	 85 170 10 218 170 85,	2778
2016/05/09 00:26:13.663	 85 170 10 179 170 85,	2739
2016/05/09 00:26:13.775	 85 170 10 251 170 85,	2811
2016/05/09 00:26:13.882	 85 170 10 207 170 85,	2767
2016/05/09 00:26:13.994	 85 170 10 182 170 85,	2742
2016/05/09 00:26:13.996	 85 170 10 192 170 85,	2752
2016/05/09 00:26:14.101	 85 170 10 235 170 85,	2795
2016/05/09 00:26:14.211	 85 170 11 10 170 85,	2826
2016/05/09 00:26:14.322	 85 170 10 251 170 85,	2811
2016/05/09 00:26:14.434	 85 170 10 231 170 85,	2791
2016/05/09 00:26:14.539	 85 170 10 252 170 85,	2812
2016/05/09 00:26:14.649	 85 170 11 9 170 85,	2825
2016/05/09 00:26:14.760	 85 170 11 4 170 85,	2820
2016/05/09 00:26:14.867	 85 170 10 187 170 85,	2747
2016/05/09 00:26:14.976	 85 170 11 21 170 85,	2837
2016/05/09 00:26:15.086	 85 170 11 71 170 85,	2887
2016/05/09 00:26:15.195	 85 170 10 228 170 85,	2788
2016/05/09 00:26:15.309	 85 170 10 198 170 85,	2758
2016/05/09 00:26:15.311	 85 170 11 42 170 85,	2858
2016/05/09 00:26:15.415	 85 170 11 75 170 85,	2891
2016/05/09 00:26:15.524	 85 170 10 215 170 85,	2775
2016/05/09 00:26:15.635	 85 170 10 200 170 85,	2760
2016/05/09 00:26:15.745	 85 170 11 51 170 85,	2867
2016/05/09 00:26:15.852	 85 170 11 39 170 85,	2855
2016/05/09 00:26:15.962	 85 170 11 9 170 85,	2825
2016/05/09 00:26:16.073	 85 170 11 93 170 85,	2909
2016/05/09 00:26:16.179	 85 170 11 5 170 85,	2821
2016/05/09 00:26:16.289	 85 170 10 209 170 85,	2769
2016/05/09 00:26:16.402	 85 170 10 216 170 85,	2776
2016/05/09 00:26:16.508	 85 170 11 63 170 85,	2879
2016/05/09 00:26:16.511	 85 170 11 32 170 85,	2848
2016/05/09 00:26:16.619	 85 170 11 21 170 85,	2837
2016/05/09 00:26:16.726	 85 170 10 249 170 85,	2809
2016/05/09 00:26:16.835	 85 170 11 19 170 85,	2835
2016/05/09 00:26:16.947	 85 170 11 47 170 85,	2863
2016/05/09 00:26:17.054	 85 170 11 35 170 85,	2851
2016/05/09 00:26:17.164	 85 170 10 228 170 85,	2788
2016/05/09 00:26:17.276	 85 170 11 52 170 85,	2868
2016/05/09 00:26:17.386	 85 170 11 65 170 85,	2881
2016/05/09 00:26:17.492	 85 170 11 34 170 85,	2850
2016/05/09 00:26:17.600	 85 170 10 203 170 85,	2763
2016/05/09 00:26:17.718	 85 170 11 47 170 85,	2863
2016/05/09 00:26:17.722	 85 170 11 97 170 85,	2913
2016/05/09 00:26:17.819	 85 170 10 245 170 85,	2805
2016/05/09 00:26:17.931	 85 170 10 239 170 85,	2799
2016/05/09 00:26:18.040	 85 170 11 53 170 85,	2869
2016/05/09 00:26:18.148	 85 170 11 51 170 85,	2867
2016/05/09 00:26:18.258	 85 170 11 5 170 85,	2821
2016/05/09 00:26:18.370	 85 170 10 242 170 85,	2802
2016/05/09 00:26:18.476	 85 170 11 78 170 85,	2894
2016/05/09 00:26:18.586	 85 170 11 29 170 85,	2845
2016/05/09 00:26:18.697	 85 170 10 247 170 85,	2807
2016/05/09 00:26:18.805	 85 170 11 64 170 85,	2880
2016/05/09 00:26:18.914	 85 170 11 27 170 85,	2843
2016/05/09 00:26:19.022	 85 170 10 253 170 85,	2813
2016/05/09 00:26:19.024	 85 170 11 3 170 85,	2819
2016/05/09 00:26:19.132	 85 170 11 47 170 85,	2863
2016/05/09 00:26:19.244	 85 170 11 60 170 85,	2876
2016/05/09 00:26:19.352	 85 170 11 19 170 85,	2835
2016/05/09 00:26:19.460	 85 170 11 11 170 85,	2827
2016/05/09 00:26:19.571	 85 170 11 40 170 85,	2856
2016/05/09 00:26:19.685	 85 170 11 47 170 85,	2863
2016/05/09 00:26:19.788	 85 170 11 39 170 85,	2855
2016/05/09 00:26:19.899	 85 170 10 241 170 85,	2801
2016/05/09 00:26:20.011	 85 170 11 69 170 85,	2885
2016/05/09 00:26:20.117	 85 170 11 116 170 85,	2932
2016/05/09 00:26:20.227	 85 170 10 237 170 85,	2797
2016/05/09 00:26:20.338	 85 170 10 226 170 85,	2786
2016/05/09 00:26:20.340	 85 170 11 63 170 85,	2879
2016/05/09 00:26:20.445	 85 170 11 114 170 85,	2930
2016/05/09 00:26:20.553	 85 170 10 242 170 85,	2802
2016/05/09 00:26:20.663	 85 170 10 233 170 85,	2793
2016/05/09 00:26:20.772	 85 170 11 77 170 85,	2893
2016/05/09 00:26:20.882	 85 170 11 51 170 85,	2867
2016/05/09 00:26:20.994	 85 170 11 3 170 85,	2819
2016/05/09 00:26:21.100	 85 170 11 76 170 85,	2892
2016/05/09 00:26:21.214	 85 170 11 39 170 85,	2855
2016/05/09 00:26:21.322	 85 170 10 254 170 85,	2814
2016/05/09 00:26:21.428	 85 170 10 235 170 85,	2795
2016/05/09 00:26:21.539	 85 170 11 75 170 85,	2891
2016/05/09 00:26:21.541	 85 170 11 34 170 85,	2850
2016/05/09 00:26:21.670	 85 170 11 19 170 85,	2835
2016/05/09 00:26:21.757	 85 170 11 16 170 85,	2832
2016/05/09 00:26:21.871	 85 170 11 40 170 85,	2856
2016/05/09 00:26:21.976	 85 170 11 65 170 85,	2881
2016/05/09 00:26:22.085	 85 170 11 44 170 85,	2860
2016/05/09 00:26:22.198	 85 170 10 229 170 85,	2789
2016/05/09 00:26:22.307	 85 170 11 54 170 85,	2870
2016/05/09 00:26:22.413	 85 170 11 74 170 85,	2890
2016/05/09 00:26:22.525	 85 170 11 56 170 85,	2872
2016/05/09 00:26:22.632	 85 170 10 234 170 85,	2794
2016/05/09 00:26:22.743	 85 170 11 43 170 85,	2859
2016/05/09 00:26:22.875	 85 170 11 101 170 85,	2917
2016/05/09 00:26:22.878	 85 170 10 242 170 85,	2802
2016/05/09 00:26:22.959	 85 170 10 245 170 85,	2805
2016/05/09 00:26:23.071	 85 170 11 94 170 85,	2910
2016/05/09 00:26:23.180	 85 170 11 54 170 85,	2870
2016/05/09 00:26:23.291	 85 170 11 9 170 85,	2825
2016/05/09 00:26:23.397	 85 170 10 247 170 85,	2807
2016/05/09 00:26:23.510	 85 170 11 83 170 85,	2899
2016/05/09 00:26:23.619	 85 170 11 55 170 85,	2871
2016/05/09 00:26:23.726	 85 170 11 6 170 85,	2822
2016/05/09 00:26:23.837	 85 170 11 69 170 85,	2885
2016/05/09 00:26:23.947	 85 170 11 23 170 85,	2839
2016/05/09 00:26:24.055	 85 170 10 246 170 85,	2806
2016/05/09 00:26:24.057	 85 170 11 9 170 85,	2825
2016/05/09 00:26:24.164	 85 170 11 33 170 85,	2849
2016/05/09 00:26:24.276	 85 170 11 50 170 85,	2866
2016/05/09 00:26:24.382	 85 170 11 34 170 85,	2850
2016/05/09 00:26:24.495	 85 170 11 21 170 85,	2837
2016/05/09 00:26:24.601	 85 170 11 54 170 85,	2870
2016/05/09 00:26:24.710	 85 170 11 57 170 85,	2873
2016/05/09 00:26:24.822	 85 170 11 46 170 85,	2862
2016/05/09 00:26:24.929	 85 170 10 224 170 85,	2784
2016/05/09 00:26:25.039	 85 170 11 61 170 85,	2877
2016/05/09 00:26:25.151	 85 170 11 109 170 85,	2925
2016/05/09 00:26:25.257	 85 170 11 3 170 85,	2819
2016/05/09 00:26:25.367	 85 170 10 228 170 85,	2788
2016/05/09 00:26:25.369	 85 170 11 78 170 85,	2894
2016/05/09 00:26:25.476	 85 170 11 109 170 85,	2925
2016/05/09 00:26:25.586	 85 170 10 250 170 85,	2810
2016/05/09 00:26:25.694	 85 170 10 235 170 85,	2795
2016/05/09 00:26:25.804	 85 170 11 85 170 85,	2901
2016/05/09 00:26:25.916	 85 170 11 49 170 85,	2865
2016/05/09 00:26:26.024	 85 170 11 20 170 85,	2836
2016/05/09 00:26:26.136	 85 170 11 74 170 85,	2890
2016/05/09 00:26:26.246	 85 170 11 20 170 85,	2836
2016/05/09 00:26:26.351	 85 170 10 238 170 85,	2798
2016/05/09 00:26:26.463	 85 170 10 245 170 85,	2805
2016/05/09 00:26:26.571	 85 170 11 85 170 85,	2901
2016/05/09 00:26:26.573	 85 170 11 54 170 85,	2870
2016/05/09 00:26:26.679	 85 170 11 9 170 85,	2825
2016/05/09 00:26:26.789	 85 170 11 18 170 85,	2834
2016/05/09 00:26:26.898	 85 170 11 51 170 85,	2867
2016/05/09 00:26:27.007	 85 170 11 51 170 85,	2867
2016/05/09 00:26:27.119	 85 170 11 38 170 85,	2854
2016/05/09 00:26:27.227	 85 170 10 231 170 85,	2791
2016/05/09 00:26:27.335	 85 170 11 71 170 85,	2887
2016/05/09 00:26:27.446	 85 170 11 77 170 85,	2893
2016/05/09 00:26:27.559	 85 170 11 55 170 85,	2871
2016/05/09 00:26:27.663	 85 170 10 247 170 85,	2807
2016/05/09 00:26:27.777	 85 170 11 47 170 85,	2863
2016/05/09 00:26:27.781	 85 170 11 95 170 85,	2911
2016/05/09 00:26:27.883	 85 170 10 252 170 85,	2812
2016/05/09 00:26:27.993	 85 170 11 44 170 85,	2860
2016/05/09 00:26:28.101	 85 170 11 73 170 85,	2889
2016/05/09 00:26:28.211	 85 170 11 48 170 85,	2864
2016/05/09 00:26:28.319	 85 170 11 9 170 85,	2825
2016/05/09 00:26:28.436	 85 170 11 8 170 85,	2824
2016/05/09 00:26:28.538	 85 170 11 88 170 85,	2904
2016/05/09 00:26:28.649	 85 170 10 241 170 85,	2801
2016/05/09 00:26:28.761	 85 170 10 190 170 85,	2750
2016/05/09 00:26:28.869	 85 170 11 132 170 85,	2948
2016/05/09 00:26:28.975	 85 170 11 70 170 85,	2886
2016/05/09 00:26:29.087	 85 170 11 131 170 85,	2947
2016/05/09 00:26:29.089	 85 170 11 55 170 85,	2871
2016/05/09 00:26:29.197	 85 170 9 55 170 85,	2359
2016/05/09 00:26:29.305	 85 170 6 111 170 85,	1647
2016/05/09 00:26:29.415	 85 170 9 139 170 85,	2443
2016/05/09 00:26:29.523	 85 170 8 84 170 85,	2132
2016/05/09 00:26:29.632	 85 170 6 26 170 85,	1562
2016/05/09 00:26:29.744	 85 170 15 247 170 85,	4087
2016/05/09 00:26:29.854	 85 170 15 247 170 85,	4087
2016/05/09 00:26:29.961	 85 170 14 3 170 85,	3587
2016/05/09 00:26:30.074	 85 170 9 139 170 85,	2443
2016/05/09 00:26:30.179	 85 170 9 235 170 85,	2539
2016/05/09 00:26:30.289	 85 170 10 150 170 85,	2710
2016/05/09 00:26:30.401	 85 170 13 123 170 85,	3451
2016/05/09 00:26:30.403	 85 170 13 83 170 85,	3411
2016/05/09 00:26:30.507	 85 170 11 46 170 85,	2862
2016/05/09 00:26:30.617	 85 170 10 240 170 85,	2800
2016/05/09 00:26:30.726	 85 170 10 63 170 85,	2623
2016/05/09 00:26:30.835	 85 170 10 28 170 85,	2588
2016/05/09 00:26:30.945	 85 170 9 149 170 85,	2453
2016/05/09 00:26:31.054	 85 170 10 71 170 85,	2631
2016/05/09 00:26:31.163	 85 170 10 217 170 85,	2777
2016/05/09 00:26:31.274	 85 170 11 123 170 85,	2939
2016/05/09 00:26:31.386	 85 170 11 147 170 85,	2963
2016/05/09 00:26:31.495	 85 170 11 19 170 85,	2835
2016/05/09 00:26:31.601	 85 170 11 50 170 85,	2866
2016/05/09 00:26:31.603	 85 170 10 225 170 85,	2785
2016/05/09 00:26:31.713	 85 170 10 196 170 85,	2756
2016/05/09 00:26:31.822	 85 170 11 25 170 85,	2841
2016/05/09 00:26:31.928	 85 170 11 201 170 85,	3017
2016/05/09 00:26:32.040	 85 170 11 197 170 85,	3013
2016/05/09 00:26:32.153	 85 170 11 6 170 85,	2822
2016/05/09 00:26:32.257	 85 170 10 219 170 85,	2779
2016/05/09 00:26:32.371	 85 170 10 205 170 85,	2765
2016/05/09 00:26:32.477	 85 170 10 237 170 85,	2797
2016/05/09 00:26:32.584	 85 170 11 12 170 85,	2828
2016/05/09 00:26:32.699	 85 170 10 95 170 85,	2655
2016/05/09 00:26:32.805	 85 170 11 11 170 85,	2827
2016/05/09 00:26:32.913	 85 170 11 198 170 85,	3014
2016/05/09 00:26:32.916	 85 170 10 207 170 85,	2767
2016/05/09 00:26:33.026	 85 170 10 160 170 85,	2720
2016/05/09 00:26:33.136	 85 170 11 53 170 85,	2869
2016/05/09 00:26:33.242	 85 170 11 119 170 85,	2935
2016/05/09 00:26:33.351	 85 170 12 57 170 85,	3129
2016/05/09 00:26:33.461	 85 170 12 25 170 85,	3097
2016/05/09 00:26:33.571	 85 170 12 200 170 85,	3272
2016/05/09 00:26:33.686	 85 170 14 111 170 85,	3695
2016/05/09 00:26:33.791	 85 170 13 63 170 85,	3391
2016/05/09 00:26:33.898	 85 170 10 98 170 85,	2658
2016/05/09 00:26:34.010	 85 170 0 4 170 85,	4
2016/05/09 00:26:34.118	 85 170 4 48 170 85,	1072
2016/05/09 00:26:34.120	 85 170 4 66 170 85,	1090
2016/05/09 00:26:34.227	 85 170 0 4 170 85,	4
2016/05/09 00:26:34.336	 85 170 0 4 170 85,	4
2016/05/09 00:26:34.448	 85 170 7 167 170 85,	1959
2016/05/09 00:26:34.554	 85 170 15 248 170 85,	4088
2016/05/09 00:26:34.664	 85 170 15 247 170 85,	4087
2016/05/09 00:26:34.778	 85 170 0 125 170 85,	125
2016/05/09 00:26:34.882	 85 170 0 47 170 85,	47
2016/05/09 00:26:34.995	 85 170 15 248 170 85,	4088
2016/05/09 00:26:35.101	 85 170 0 3 170 85,	3
2016/05/09 00:26:35.211	 85 170 15 247 170 85,	4087
2016/05/09 00:26:35.319	 85 170 15 247 170 85,	4087
2016/05/09 00:26:35.434	 85 170 0 3 170 85,	3
2016/05/09 00:26:35.437	 85 170 0 3 170 85,	3
2016/05/09 00:26:35.538	 85 170 0 3 170 85,	3
2016/05/09 00:26:35.650	 85 170 0 3 170 85,	3
2016/05/09 00:26:35.757	 85 170 3 31 170 85,	799
2016/05/09 00:26:35.867	 85 170 14 197 170 85,	3781
2016/05/09 00:26:35.976	 85 170 15 247 170 85,	4087
2016/05/09 00:26:36.085	 85 170 15 247 170 85,	4087
2016/05/09 00:26:36.195	 85 170 15 203 170 85,	4043
2016/05/09 00:26:36.304	 85 170 9 229 170 85,	2533
2016/05/09 00:26:36.414	 85 170 5 64 170 85,	1344
2016/05/09 00:26:36.523	 85 170 4 93 170 85,	1117
2016/05/09 00:26:36.634	 85 170 9 91 170 85,	2395
2016/05/09 00:26:36.637	 85 170 12 76 170 85,	3148
2016/05/09 00:26:36.745	 85 170 13 184 170 85,	3512
2016/05/09 00:26:36.850	 85 170 10 233 170 85,	2793
2016/05/09 00:26:36.963	 85 170 0 5 170 85,	5
2016/05/09 00:26:37.072	 85 170 4 140 170 85,	1164
2016/05/09 00:26:37.181	 85 170 15 247 170 85,	4087
2016/05/09 00:26:37.288	 85 170 15 249 170 85,	4089
2016/05/09 00:26:37.398	 85 170 9 68 170 85,	2372
2016/05/09 00:26:37.507	 85 170 2 24 170 85,	536
2016/05/09 00:26:37.619	 85 170 1 123 170 85,	379
2016/05/09 00:26:37.727	 85 170 5 201 170 85,	1481
2016/05/09 00:26:37.835	 85 170 10 129 170 85,	2689
2016/05/09 00:26:37.947	 85 170 12 225 170 85,	3297
2016/05/09 00:26:37.949	 85 170 13 44 170 85,	3372
2016/05/09 00:26:38.054	 85 170 12 68 170 85,	3140
2016/05/09 00:26:38.164	 85 170 11 135 170 85,	2951
2016/05/09 00:26:38.275	 85 170 10 160 170 85,	2720
2016/05/09 00:26:38.387	 85 170 10 72 170 85,	2632
2016/05/09 00:26:38.492	 85 170 10 120 170 85,	2680
2016/05/09 00:26:38.603	 85 170 11 4 170 85,	2820
2016/05/09 00:26:38.715	 85 170 11 85 170 85,	2901
2016/05/09 00:26:38.820	 85 170 11 94 170 85,	2910
2016/05/09 00:26:38.934	 85 170 11 165 170 85,	2981
2016/05/09 00:26:39.037	 85 170 11 67 170 85,	2883
2016/05/09 00:26:39.149	 85 170 11 21 170 85,	2837
2016/05/09 00:26:39.151	 85 170 11 11 170 85,	2827
2016/05/09 00:26:39.257	 85 170 11 55 170 85,	2871
2016/05/09 00:26:39.368	 85 170 11 66 170 85,	2882
2016/05/09 00:26:39.476	 85 170 11 18 170 85,	2834
2016/05/09 00:26:39.588	 85 170 11 19 170 85,	2835
2016/05/09 00:26:39.697	 85 170 11 50 170 85,	2866
2016/05/09 00:26:39.804	 85 170 11 67 170 85,	2883
2016/05/09 00:26:39.915	 85 170 11 37 170 85,	2853
2016/05/09 00:26:40.028	 85 170 10 228 170 85,	2788
2016/05/09 00:26:40.132	 85 170 11 17 170 85,	2833
2016/05/09 00:26:40.245	 85 170 11 58 170 85,	2874
2016/05/09 00:26:40.353	 85 170 10 222 170 85,	2782
2016/05/09 00:26:40.358	 85 170 10 223 170 85,	2783
2016/05/09 00:26:40.460	 85 170 11 65 170 85,	2881
2016/05/09 00:26:40.573	 85 170 11 102 170 85,	2918
2016/05/09 00:26:40.685	 85 170 10 254 170 85,	2814
2016/05/09 00:26:40.789	 85 170 10 255 170 85,	2815
2016/05/09 00:26:40.901	 85 170 11 104 170 85,	2920
2016/05/09 00:26:41.007	 85 170 11 79 170 85,	2895
2016/05/09 00:26:41.117	 85 170 11 29 170 85,	2845
2016/05/09 00:26:41.225	 85 170 11 99 170 85,	2915
2016/05/09 00:26:41.335	 85 170 11 53 170 85,	2869
2016/05/09 00:26:41.446	 85 170 11 25 170 85,	2841
2016/05/09 00:26:41.554	 85 170 11 9 170 85,	2825
2016/05/09 00:26:41.665	 85 170 11 93 170 85,	2909
2016/05/09 00:26:41.668	 85 170 11 55 170 85,	2871
2016/05/09 00:26:41.774	 85 170 11 34 170 85,	2850
2016/05/09 00:26:41.885	 85 170 11 5 170 85,	2821
2016/05/09 00:26:41.994	 85 170 11 33 170 85,	2849
2016/05/09 00:26:42.102	 85 170 11 18 170 85,	2834
2016/05/09 00:26:42.215	 85 170 11 18 170 85,	2834
2016/05/09 00:26:42.322	 85 170 10 219 170 85,	2779
2016/05/09 00:26:42.431	 85 170 11 26 170 85,	2842
2016/05/09 00:26:42.540	 85 170 11 63 170 85,	2879
2016/05/09 00:26:42.648	 85 170 11 51 170 85,	2867
2016/05/09 00:26:42.757	 85 170 10 251 170 85,	2811
2016/05/09 00:26:42.870	 85 170 11 56 170 85,	2872
2016/05/09 00:26:42.976	 85 170 11 98 170 85,	2914
2016/05/09 00:26:42.978	 85 170 10 252 170 85,	2812
2016/05/09 00:26:43.086	 85 170 10 247 170 85,	2807
2016/05/09 00:26:43.198	 85 170 11 90 170 85,	2906
2016/05/09 00:26:43.310	 85 170 11 68 170 85,	2884
2016/05/09 00:26:43.414	 85 170 11 39 170 85,	2855
2016/05/09 00:26:43.523	 85 170 11 38 170 85,	2854
2016/05/09 00:26:43.635	 85 170 11 99 170 85,	2915
2016/05/09 00:26:43.741	 85 170 11 73 170 85,	2889
2016/05/09 00:26:43.852	 85 170 11 41 170 85,	2857
2016/05/09 00:26:43.961	 85 170 11 70 170 85,	2886
2016/05/09 00:26:44.069	 85 170 11 32 170 85,	2848
2016/05/09 00:26:44.179	 85 170 10 233 170 85,	2793
2016/05/09 00:26:44.181	 85 170 10 213 170 85,	2773
2016/05/09 00:26:44.288	 85 170 11 28 170 85,	2844
2016/05/09 00:26:44.399	 85 170 11 53 170 85,	2869
2016/05/09 00:26:44.511	 85 170 11 31 170 85,	2847
2016/05/09 00:26:44.617	 85 170 11 6 170 85,	2822
2016/05/09 00:26:44.727	 85 170 11 39 170 85,	2855
2016/05/09 00:26:44.838	 85 170 11 51 170 85,	2867
2016/05/09 00:26:44.946	 85 170 11 39 170 85,	2855
2016/05/09 00:26:45.056	 85 170 10 247 170 85,	2807
2016/05/09 00:26:45.164	 85 170 11 66 170 85,	2882
2016/05/09 00:26:45.275	 85 170 11 103 170 85,	2919
2016/05/09 00:26:45.383	 85 170 11 12 170 85,	2828
2016/05/09 00:26:45.495	 85 170 11 3 170 85,	2819
2016/05/09 00:26:45.497	 85 170 11 101 170 85,	2917
2016/05/09 00:26:45.601	 85 170 11 118 170 85,	2934
2016/05/09 00:26:45.710	 85 170 11 23 170 85,	2839
2016/05/09 00:26:45.823	 85 170 10 249 170 85,	2809
2016/05/09 00:26:45.935	 85 170 11 87 170 85,	2903
2016/05/09 00:26:46.038	 85 170 11 74 170 85,	2890
2016/05/09 00:26:46.150	 85 170 11 25 170 85,	2841
2016/05/09 00:26:46.257	 85 170 11 68 170 85,	2884
2016/05/09 00:26:46.367	 85 170 10 254 170 85,	2814
2016/05/09 00:26:46.476	 85 170 10 241 170 85,	2801
2016/05/09 00:26:46.590	 85 170 10 232 170 85,	2792
2016/05/09 00:26:46.694	 85 170 11 65 170 85,	2881
2016/05/09 00:26:46.804	 85 170 11 20 170 85,	2836
2016/05/09 00:26:46.807	 85 170 11 3 170 85,	2819
2016/05/09 00:26:46.914	 85 170 10 251 170 85,	2811
2016/05/09 00:26:47.023	 85 170 11 27 170 85,	2843
2016/05/09 00:26:47.137	 85 170 11 56 170 85,	2872
2016/05/09 00:26:47.246	 85 170 11 51 170 85,	2867
2016/05/09 00:26:47.351	 85 170 10 242 170 85,	2802
2016/05/09 00:26:47.464	 85 170 11 70 170 85,	2886
2016/05/09 00:26:47.572	 85 170 11 91 170 85,	2907
2016/05/09 00:26:47.679	 85 170 11 71 170 85,	2887
2016/05/09 00:26:47.790	 85 170 10 253 170 85,	2813
2016/05/09 00:26:47.898	 85 170 11 77 170 85,	2893
2016/05/09 00:26:48.008	 85 170 11 112 170 85,	2928
2016/05/09 00:26:48.009	 85 170 11 27 170 85,	2843
2016/05/09 00:26:48.117	 85 170 10 231 170 85,	2791
2016/05/09 00:26:48.226	 85 170 11 90 170 85,	2906
2016/05/09 00:26:48.335	 85 170 11 63 170 85,	2879
2016/05/09 00:26:48.447	 85 170 11 15 170 85,	2831
2016/05/09 00:26:48.554	 85 170 11 5 170 85,	2821
2016/05/09 00:26:48.664	 85 170 11 93 170 85,	2909
2016/05/09 00:26:48.776	 85 170 11 39 170 85,	2855
2016/05/09 00:26:48.887	 85 170 10 239 170 85,	2799
2016/05/09 00:26:48.991	 85 170 11 45 170 85,	2861
2016/05/09 00:26:49.102	 85 170 11 15 170 85,	2831
2016/05/09 00:26:49.213	 85 170 10 240 170 85,	2800
2016/05/09 00:26:49.215	 85 170 10 243 170 85,	2803
2016/05/09 00:26:49.319	 85 170 11 38 170 85,	2854
2016/05/09 00:26:49.434	 85 170 11 51 170 85,	2867
2016/05/09 00:26:49.538	 85 170 11 32 170 85,	2848
2016/05/09 00:26:49.649	 85 170 10 224 170 85,	2784
2016/05/09 00:26:49.761	 85 170 6 134 170 85,	1670
2016/05/09 00:26:49.869	 85 170 0 6 170 85,	6
2016/05/09 00:26:49.978	 85 170 0 2 170 85,	2
2016/05/09 00:26:50.087	 85 170 15 247 170 85,	4087
2016/05/09 00:26:50.197	 85 170 15 244 170 85,	4084
2016/05/09 00:26:50.303	 85 170 15 246 170 85,	4086
2016/05/09 00:26:50.415	 85 170 15 247 170 85,	4087
2016/05/09 00:26:50.524	 85 170 4 255 170 85,	1279
2016/05/09 00:26:50.528	 85 170 0 4 170 85,	4
2016/05/09 00:26:50.632	 85 170 0 3 170 85,	3
2016/05/09 00:26:50.745	 85 170 0 3 170 85,	3
2016/05/09 00:26:50.852	 85 170 0 3 170 85,	3
2016/05/09 00:26:50.960	 85 170 0 3 170 85,	3
2016/05/09 00:26:51.072	 85 170 15 245 170 85,	4085
2016/05/09 00:26:51.180	 85 170 15 247 170 85,	4087
2016/05/09 00:26:51.287	 85 170 15 247 170 85,	4087
2016/05/09 00:26:51.400	 85 170 15 236 170 85,	4076
2016/05/09 00:26:51.508	 85 170 10 137 170 85,	2697
2016/05/09 00:26:51.617	 85 170 5 172 170 85,	1452
2016/05/09 00:26:51.726	 85 170 5 47 170 85,	1327
2016/05/09 00:26:51.836	 85 170 7 149 170 85,	1941
2016/05/09 00:26:51.838	 85 170 10 83 170 85,	2643
2016/05/09 00:26:51.945	 85 170 11 242 170 85,	3058
2016/05/09 00:26:52.054	 85 170 10 80 170 85,	2640
2016/05/09 00:26:52.163	 85 170 8 153 170 85,	2201
2016/05/09 00:26:52.274	 85 170 0 3 170 85,	3
2016/05/09 00:26:52.385	 85 170 0 5 170 85,	5
2016/05/09 00:26:52.494	 85 170 0 3 170 85,	3
2016/05/09 00:26:52.601	 85 170 0 7 170 85,	7
2016/05/09 00:26:52.714	 85 170 0 2 170 85,	2
2016/05/09 00:26:52.820	 85 170 15 239 170 85,	4079
2016/05/09 00:26:52.928	 85 170 15 242 170 85,	4082
2016/05/09 00:26:53.038	 85 170 15 246 170 85,	4086
2016/05/09 00:26:53.039	 85 170 15 247 170 85,	4087
2016/05/09 00:26:53.148	 85 170 0 5 170 85,	5
2016/05/09 00:26:53.257	 85 170 0 4 170 85,	4
2016/05/09 00:26:53.368	 85 170 0 4 170 85,	4
2016/05/09 00:26:53.476	 85 170 0 3 170 85,	3
2016/05/09 00:26:53.585	 85 170 0 79 170 85,	79
2016/05/09 00:26:53.698	 85 170 15 247 170 85,	4087
2016/05/09 00:26:53.809	 85 170 15 248 170 85,	4088
2016/05/09 00:26:53.915	 85 170 15 249 170 85,	4089
2016/05/09 00:26:54.027	 85 170 15 247 170 85,	4087
2016/05/09 00:26:54.132	 85 170 3 97 170 85,	865
2016/05/09 00:26:54.241	 85 170 0 3 170 85,	3
2016/05/09 00:26:54.351	 85 170 0 4 170 85,	4
2016/05/09 00:26:54.356	 85 170 0 4 170 85,	4
2016/05/09 00:26:54.466	 85 170 2 15 170 85,	527
2016/05/09 00:26:54.570	 85 170 11 11 170 85,	2827
2016/05/09 00:26:54.684	 85 170 12 202 170 85,	3274
2016/05/09 00:26:54.788	 85 170 11 236 170 85,	3052
2016/05/09 00:26:54.897	 85 170 10 210 170 85,	2770
2016/05/09 00:26:55.011	 85 170 10 51 170 85,	2611
2016/05/09 00:26:55.118	 85 170 9 255 170 85,	2559
2016/05/09 00:26:55.225	 85 170 10 173 170 85,	2733
2016/05/09 00:26:55.338	 85 170 11 49 170 85,	2865
2016/05/09 00:26:55.448	 85 170 11 12 170 85,	2828
2016/05/09 00:26:55.555	 85 170 10 247 170 85,	2807
2016/05/09 00:26:55.558	 85 170 11 69 170 85,	2885
2016/05/09 00:26:55.665	 85 170 11 99 170 85,	2915
2016/05/09 00:26:55.773	 85 170 10 234 170 85,	2794
2016/05/09 00:26:55.882	 85 170 10 211 170 85,	2771
2016/05/09 00:26:55.996	 85 170 11 83 170 85,	2899
2016/05/09 00:26:56.101	 85 170 11 18 170 85,	2834
2016/05/09 00:26:56.210	 85 170 10 243 170 85,	2803
2016/05/09 00:26:56.324	 85 170 11 75 170 85,	2891
2016/05/09 00:26:56.429	 85 170 11 31 170 85,	2847
2016/05/09 00:26:56.538	 85 170 10 247 170 85,	2807
2016/05/09 00:26:56.650	 85 170 10 217 170 85,	2777
2016/05/09 00:26:56.781	 85 170 11 93 170 85,	2909
2016/05/09 00:26:56.783	 85 170 11 8 170 85,	2824
2016/05/09 00:26:56.867	 85 170 11 21 170 85,	2837
2016/05/09 00:26:56.976	 85 170 11 44 170 85,	2860
2016/05/09 00:26:57.086	 85 170 11 24 170 85,	2840
2016/05/09 00:26:57.195	 85 170 11 23 170 85,	2839
2016/05/09 00:26:57.303	 85 170 11 27 170 85,	2843
2016/05/09 00:26:57.414	 85 170 10 250 170 85,	2810
2016/05/09 00:26:57.523	 85 170 11 71 170 85,	2887
2016/05/09 00:26:57.634	 85 170 11 81 170 85,	2897
2016/05/09 00:26:57.744	 85 170 11 44 170 85,	2860
2016/05/09 00:26:57.852	 85 170 10 226 170 85,	2786
2016/05/09 00:26:57.963	 85 170 11 63 170 85,	2879
2016/05/09 00:26:58.072	 85 170 11 103 170 85,	2919
2016/05/09 00:26:58.181	 85 170 10 239 170 85,	2799
2016/05/09 00:26:58.184	 85 170 10 239 170 85,	2799
2016/05/09 00:26:58.289	 85 170 11 84 170 85,	2900
2016/05/09 00:26:58.399	 85 170 11 49 170 85,	2865
2016/05/09 00:26:58.507	 85 170 10 214 170 85,	2774
2016/05/09 00:26:58.620	 85 170 11 11 170 85,	2827
2016/05/09 00:26:58.726	 85 170 11 76 170 85,	2892
2016/05/09 00:26:58.835	 85 170 11 90 170 85,	2906
2016/05/09 00:26:58.949	 85 170 11 39 170 85,	2855
2016/05/09 00:26:59.054	 85 170 11 79 170 85,	2895
2016/05/09 00:26:59.163	 85 170 11 17 170 85,	2833
2016/05/09 00:26:59.275	 85 170 10 235 170 85,	2795
2016/05/09 00:26:59.279	 85 170 10 233 170 85,	2793
2016/05/09 00:26:59.381	 85 170 11 34 170 85,	2850
2016/05/09 00:26:59.491	 85 170 11 59 170 85,	2875
2016/05/09 00:26:59.602	 85 170 11 40 170 85,	2856
2016/05/09 00:26:59.710	 85 170 11 4 170 85,	2820
2016/05/09 00:26:59.819	 85 170 10 124 170 85,	2684
2016/05/09 00:26:59.929	 85 170 7 79 170 85,	1871
2016/05/09 00:27:00.038	 85 170 11 154 170 85,	2970
2016/05/09 00:27:00.148	 85 170 15 247 170 85,	4087
2016/05/09 00:27:00.261	 85 170 13 76 170 85,	3404
2016/05/09 00:27:00.371	 85 170 10 194 170 85,	2754
2016/05/09 00:27:00.476	 85 170 10 59 170 85,	2619
2016/05/09 00:27:00.588	 85 170 9 211 170 85,	2515
2016/05/09 00:27:00.590	 85 170 10 92 170 85,	2652
2016/05/09 00:27:00.697	 85 170 10 178 170 85,	2738
2016/05/09 00:27:00.805	 85 170 2 115 170 85,	627
2016/05/09 00:27:00.914	 85 170 0 4 170 85,	4
2016/05/09 00:27:01.023	 85 170 0 3 170 85,	3
2016/05/09 00:27:01.132	 85 170 0 3 170 85,	3
2016/05/09 00:27:01.245	 85 170 14 100 170 85,	3684
2016/05/09 00:27:01.351	 85 170 15 192 170 85,	4032
2016/05/09 00:27:01.460	 85 170 0 3 170 85,	3
2016/05/09 00:27:01.573	 85 170 0 3 170 85,	3
2016/05/09 00:27:01.679	 85 170 10 65 170 85,	2625
2016/05/09 00:27:01.789	 85 170 0 4 170 85,	4
2016/05/09 00:27:01.792	 85 170 15 246 170 85,	4086
2016/05/09 00:27:01.902	 85 170 15 246 170 85,	4086
2016/05/09 00:27:02.011	 85 170 15 245 170 85,	4085
2016/05/09 00:27:02.117	 85 170 15 247 170 85,	4087
2016/05/09 00:27:02.226	 85 170 12 167 170 85,	3239
2016/05/09 00:27:02.336	 85 170 0 4 170 85,	4
2016/05/09 00:27:02.446	 85 170 0 4 170 85,	4
2016/05/09 00:27:02.554	 85 170 0 4 170 85,	4
2016/05/09 00:27:02.663	 85 170 0 3 170 85,	3
2016/05/09 00:27:02.774	 85 170 1 99 170 85,	355
2016/05/09 00:27:02.886	 85 170 15 247 170 85,	4087
2016/05/09 00:27:02.995	 85 170 15 247 170 85,	4087
2016/05/09 00:27:03.100	 85 170 15 248 170 85,	4088
2016/05/09 00:27:03.103	 85 170 15 248 170 85,	4088
2016/05/09 00:27:03.214	 85 170 9 249 170 85,	2553
2016/05/09 00:27:03.323	 85 170 2 228 170 85,	740
2016/05/09 00:27:03.430	 85 170 1 188 170 85,	444
2016/05/09 00:27:03.541	 85 170 5 149 170 85,	1429
2016/05/09 00:27:03.649	 85 170 9 181 170 85,	2485
2016/05/09 00:27:03.757	 85 170 12 157 170 85,	3229
2016/05/09 00:27:03.869	 85 170 13 49 170 85,	3377
2016/05/09 00:27:03.975	 85 170 12 95 170 85,	3167
2016/05/09 00:27:04.085	 85 170 11 192 170 85,	3008
2016/05/09 00:27:04.198	 85 170 10 212 170 85,	2772
2016/05/09 00:27:04.304	 85 170 10 112 170 85,	2672
2016/05/09 00:27:04.413	 85 170 10 147 170 85,	2707
2016/05/09 00:27:04.418	 85 170 10 155 170 85,	2715
2016/05/09 00:27:04.522	 85 170 10 255 170 85,	2815
2016/05/09 00:27:04.637	 85 170 11 113 170 85,	2929
2016/05/09 00:27:04.742	 85 170 11 119 170 85,	2935
2016/05/09 00:27:04.854	 85 170 11 99 170 85,	2915
2016/05/09 00:27:04.966	 85 170 11 55 170 85,	2871
2016/05/09 00:27:05.071	 85 170 6 45 170 85,	1581
2016/05/09 00:27:05.179	 85 170 0 4 170 85,	4
2016/05/09 00:27:05.291	 85 170 0 3 170 85,	3
2016/05/09 00:27:05.399	 85 170 15 247 170 85,	4087
2016/05/09 00:27:05.511	 85 170 15 247 170 85,	4087
2016/05/09 00:27:05.617	 85 170 15 248 170 85,	4088
2016/05/09 00:27:05.619	 85 170 13 213 170 85,	3541
2016/05/09 00:27:05.726	 85 170 0 4 170 85,	4
2016/05/09 00:27:05.839	 85 170 0 4 170 85,	4
2016/05/09 00:27:05.947	 85 170 0 4 170 85,	4
2016/05/09 00:27:06.054	 85 170 2 64 170 85,	576
2016/05/09 00:27:06.164	 85 170 12 124 170 85,	3196
2016/05/09 00:27:06.273	 85 170 15 247 170 85,	4087
2016/05/09 00:27:06.382	 85 170 15 247 170 85,	4087
2016/05/09 00:27:06.494	 85 170 14 123 170 85,	3707
2016/05/09 00:27:06.601	 85 170 11 85 170 85,	2901
2016/05/09 00:27:06.711	 85 170 9 83 170 85,	2387
2016/05/09 00:27:06.822	 85 170 9 91 170 85,	2395
2016/05/09 00:27:06.826	 85 170 9 239 170 85,	2543
2016/05/09 00:27:06.929	 85 170 10 188 170 85,	2748
2016/05/09 00:27:07.039	 85 170 11 90 170 85,	2906
2016/05/09 00:27:07.150	 85 170 11 177 170 85,	2993
2016/05/09 00:27:07.261	 85 170 11 139 170 85,	2955
2016/05/09 00:27:07.368	 85 170 11 71 170 85,	2887
2016/05/09 00:27:07.477	 85 170 10 207 170 85,	2767
2016/05/09 00:27:07.585	 85 170 11 26 170 85,	2842
2016/05/09 00:27:07.695	 85 170 11 71 170 85,	2887
2016/05/09 00:27:07.803	 85 170 11 41 170 85,	2857
2016/05/09 00:27:07.914	 85 170 10 229 170 85,	2789
2016/05/09 00:27:08.024	 85 170 11 70 170 85,	2886
2016/05/09 00:27:08.137	 85 170 11 102 170 85,	2918
2016/05/09 00:27:08.139	 85 170 10 242 170 85,	2802
2016/05/09 00:27:08.244	 85 170 10 219 170 85,	2779
2016/05/09 00:27:08.351	 85 170 11 112 170 85,	2928
2016/05/09 00:27:08.464	 85 170 11 74 170 85,	2890
2016/05/09 00:27:08.573	 85 170 11 25 170 85,	2841
2016/05/09 00:27:08.680	 85 170 11 1 170 85,	2817
2016/05/09 00:27:08.791	 85 170 11 103 170 85,	2919
2016/05/09 00:27:08.898	 85 170 11 58 170 85,	2874
2016/05/09 00:27:09.007	 85 170 11 13 170 85,	2829
2016/05/09 00:27:09.121	 85 170 11 80 170 85,	2896
2016/05/09 00:27:09.227	 85 170 11 27 170 85,	2843
2016/05/09 00:27:09.336	 85 170 11 7 170 85,	2823
2016/05/09 00:27:09.448	 85 170 11 7 170 85,	2823
2016/05/09 00:27:09.450	 85 170 11 46 170 85,	2862
2016/05/09 00:27:09.560	 85 170 11 76 170 85,	2892
2016/05/09 00:27:09.664	 85 170 11 41 170 85,	2857
2016/05/09 00:27:09.775	 85 170 11 15 170 85,	2831
2016/05/09 00:27:09.887	 85 170 11 41 170 85,	2857
2016/05/09 00:27:09.993	 85 170 11 42 170 85,	2858
2016/05/09 00:27:10.101	 85 170 11 32 170 85,	2848
2016/05/09 00:27:10.211	 85 170 10 230 170 85,	2790
2016/05/09 00:27:10.321	 85 170 11 65 170 85,	2881
2016/05/09 00:27:10.429	 85 170 11 112 170 85,	2928
2016/05/09 00:27:10.538	 85 170 11 3 170 85,	2819
2016/05/09 00:27:10.647	 85 170 10 235 170 85,	2795
2016/05/09 00:27:10.649	 85 170 11 86 170 85,	2902
2016/05/09 00:27:10.757	 85 170 11 107 170 85,	2923
2016/05/09 00:27:10.871	 85 170 10 253 170 85,	2813
2016/05/09 00:27:10.978	 85 170 10 237 170 85,	2797
2016/05/09 00:27:11.089	 85 170 11 88 170 85,	2904
2016/05/09 00:27:11.197	 85 170 11 53 170 85,	2869
2016/05/09 00:27:11.303	 85 170 11 15 170 85,	2831
2016/05/09 00:27:11.415	 85 170 11 109 170 85,	2925
2016/05/09 00:27:11.528	 85 170 11 50 170 85,	2866
2016/05/09 00:27:11.632	 85 170 11 5 170 85,	2821
2016/05/09 00:27:11.745	 85 170 10 251 170 85,	2811
2016/05/09 00:27:11.852	 85 170 11 99 170 85,	2915
2016/05/09 00:27:11.856	 85 170 11 47 170 85,	2863
2016/05/09 00:27:11.960	 85 170 11 44 170 85,	2860
2016/05/09 00:27:12.073	 85 170 11 7 170 85,	2823
2016/05/09 00:27:12.180	 85 170 11 40 170 85,	2856
2016/05/09 00:27:12.289	 85 170 11 67 170 85,	2883
2016/05/09 00:27:12.400	 85 170 11 53 170 85,	2869
2016/05/09 00:27:12.508	 85 170 10 228 170 85,	2788
2016/05/09 00:27:12.617	 85 170 11 59 170 85,	2875
2016/05/09 00:27:12.727	 85 170 11 67 170 85,	2883
2016/05/09 00:27:12.836	 85 170 11 42 170 85,	2858
2016/05/09 00:27:12.944	 85 170 10 222 170 85,	2782
2016/05/09 00:27:13.059	 85 170 11 53 170 85,	2869
2016/05/09 00:27:13.163	 85 170 11 100 170 85,	2916
2016/05/09 00:27:13.165	 85 170 10 240 170 85,	2800
2016/05/09 00:27:13.274	 85 170 10 232 170 85,	2792
2016/05/09 00:27:13.385	 85 170 11 95 170 85,	2911
2016/05/09 00:27:13.495	 85 170 11 70 170 85,	2886
2016/05/09 00:27:13.600	 85 170 11 17 170 85,	2833
2016/05/09 00:27:13.713	 85 170 11 6 170 85,	2822
2016/05/09 00:27:13.823	 85 170 11 101 170 85,	2917
2016/05/09 00:27:13.929	 85 170 11 64 170 85,	2880
2016/05/09 00:27:14.040	 85 170 11 25 170 85,	2841
2016/05/09 00:27:14.148	 85 170 11 85 170 85,	2901
2016/05/09 00:27:14.257	 85 170 11 26 170 85,	2842
2016/05/09 00:27:14.369	 85 170 11 9 170 85,	2825
2016/05/09 00:27:14.372	 85 170 11 19 170 85,	2835
2016/05/09 00:27:14.476	 85 170 11 62 170 85,	2878
2016/05/09 00:27:14.586	 85 170 11 64 170 85,	2880
2016/05/09 00:27:14.698	 85 170 11 53 170 85,	2869
2016/05/09 00:27:14.809	 85 170 11 29 170 85,	2845
2016/05/09 00:27:14.915	 85 170 11 51 170 85,	2867
2016/05/09 00:27:15.026	 85 170 11 53 170 85,	2869
2016/05/09 00:27:15.132	 85 170 11 46 170 85,	2862
2016/05/09 00:27:15.241	 85 170 10 232 170 85,	2792
2016/05/09 00:27:15.351	 85 170 11 65 170 85,	2881
2016/05/09 00:27:15.461	 85 170 11 103 170 85,	2919
2016/05/09 00:27:15.570	 85 170 10 243 170 85,	2803
2016/05/09 00:27:15.679	 85 170 10 238 170 85,	2798
2016/05/09 00:27:15.681	 85 170 11 79 170 85,	2895
2016/05/09 00:27:15.788	 85 170 11 103 170 85,	2919
2016/05/09 00:27:15.897	 85 170 10 237 170 85,	2797
2016/05/09 00:27:16.010	 85 170 10 234 170 85,	2794
2016/05/09 00:27:16.120	 85 170 11 81 170 85,	2897
2016/05/09 00:27:16.226	 85 170 11 46 170 85,	2862
2016/05/09 00:27:16.339	 85 170 11 20 170 85,	2836
2016/05/09 00:27:16.448	 85 170 11 84 170 85,	2900
2016/05/09 00:27:16.554	 85 170 11 37 170 85,	2853
2016/05/09 00:27:16.664	 85 170 11 2 170 85,	2818
2016/05/09 00:27:16.776	 85 170 11 4 170 85,	2820
2016/05/09 00:27:16.882	 85 170 11 103 170 85,	2919
2016/05/09 00:27:16.995	 85 170 11 58 170 85,	2874
2016/05/09 00:27:16.997	 85 170 11 30 170 85,	2846
2016/05/09 00:27:17.100	 85 170 11 11 170 85,	2827
2016/05/09 00:27:17.210	 85 170 11 58 170 85,	2874
2016/05/09 00:27:17.323	 85 170 11 64 170 85,	2880
2016/05/09 00:27:17.435	 85 170 11 45 170 85,	2861
2016/05/09 00:27:17.539	 85 170 10 251 170 85,	2811
2016/05/09 00:27:17.651	 85 170 11 78 170 85,	2894
2016/05/09 00:27:17.760	 85 170 11 89 170 85,	2905
2016/05/09 00:27:17.866	 85 170 11 50 170 85,	2866
2016/05/09 00:27:17.979	 85 170 10 234 170 85,	2794
2016/05/09 00:27:18.086	 85 170 11 55 170 85,	2871
2016/05/09 00:27:18.194	 85 170 11 103 170 85,	2919
2016/05/09 00:27:18.197	 85 170 10 240 170 85,	2800
2016/05/09 00:27:18.308	 85 170 10 241 170 85,	2801
2016/05/09 00:27:18.416	 85 170 11 89 170 85,	2905
2016/05/09 00:27:18.524	 85 170 11 60 170 85,	2876
2016/05/09 00:27:18.635	 85 170 11 11 170 85,	2827
2016/05/09 00:27:18.745	 85 170 11 6 170 85,	2822
2016/05/09 00:27:18.852	 85 170 11 87 170 85,	2903
2016/05/09 00:27:18.963	 85 170 11 53 170 85,	2869
2016/05/09 00:27:19.072	 85 170 10 255 170 85,	2815
2016/05/09 00:27:19.178	 85 170 11 64 170 85,	2880
2016/05/09 00:27:19.288	 85 170 11 25 170 85,	2841
2016/05/09 00:27:19.402	 85 170 11 7 170 85,	2823
2016/05/09 00:27:19.404	 85 170 11 9 170 85,	2825
2016/05/09 00:27:19.507	 85 170 11 56 170 85,	2872
2016/05/09 00:27:19.621	 85 170 11 70 170 85,	2886
2016/05/09 00:27:19.726	 85 170 11 43 170 85,	2859
2016/05/09 00:27:19.836	 85 170 11 15 170 85,	2831
2016/05/09 00:27:19.947	 85 170 11 12 170 85,	2828
2016/05/09 00:27:20.053	 85 170 11 50 170 85,	2866
2016/05/09 00:27:20.276	 85 170 11 51 170 85,	2867
2016/05/09 00:27:20.287	 85 170 10 229 170 85,	2789
2016/05/09 00:27:20.385	 85 170 11 70 170 85,	2886
2016/05/09 00:27:20.492	 85 170 11 120 170 85,	2936
2016/05/09 00:27:20.601	 85 170 11 0 170 85,	2816
2016/05/09 00:27:20.710	 85 170 11 1 170 85,	2817
2016/05/09 00:27:20.712	 85 170 11 83 170 85,	2899
2016/05/09 00:27:20.821	 85 170 11 110 170 85,	2926
2016/05/09 00:27:20.928	 85 170 10 250 170 85,	2810
2016/05/09 00:27:21.040	 85 170 10 245 170 85,	2805
2016/05/09 00:27:21.147	 85 170 11 101 170 85,	2917
2016/05/09 00:27:21.262	 85 170 11 68 170 85,	2884
2016/05/09 00:27:21.370	 85 170 11 14 170 85,	2830
2016/05/09 00:27:21.476	 85 170 11 81 170 85,	2897
2016/05/09 00:27:21.590	 85 170 11 31 170 85,	2847
2016/05/09 00:27:21.697	 85 170 10 254 170 85,	2814
2016/05/09 00:27:21.803	 85 170 10 254 170 85,	2814
2016/05/09 00:27:21.913	 85 170 11 99 170 85,	2915
2016/05/09 00:27:22.025	 85 170 11 50 170 85,	2866
2016/05/09 00:27:22.027	 85 170 11 21 170 85,	2837
2016/05/09 00:27:22.132	 85 170 11 5 170 85,	2821
2016/05/09 00:27:22.244	 85 170 11 31 170 85,	2847
2016/05/09 00:27:22.351	 85 170 11 58 170 85,	2874
2016/05/09 00:27:22.461	 85 170 11 51 170 85,	2867
2016/05/09 00:27:22.573	 85 170 10 223 170 85,	2783
2016/05/09 00:27:22.679	 85 170 11 63 170 85,	2879
2016/05/09 00:27:22.789	 85 170 11 79 170 85,	2895
2016/05/09 00:27:22.897	 85 170 11 66 170 85,	2882
2016/05/09 00:27:23.007	 85 170 10 222 170 85,	2782
2016/05/09 00:27:23.116	 85 170 11 62 170 85,	2878
2016/05/09 00:27:23.226	 85 170 11 102 170 85,	2918
2016/05/09 00:27:23.228	 85 170 10 252 170 85,	2812
2016/05/09 00:27:23.335	 85 170 10 240 170 85,	2800
2016/05/09 00:27:23.445	 85 170 11 106 170 85,	2922
2016/05/09 00:27:23.559	 85 170 11 66 170 85,	2882
2016/05/09 00:27:23.664	 85 170 11 21 170 85,	2837
2016/05/09 00:27:23.772	 85 170 11 4 170 85,	2820
2016/05/09 00:27:23.885	 85 170 11 98 170 85,	2914
2016/05/09 00:27:23.994	 85 170 11 95 170 85,	2911
2016/05/09 00:27:24.100	 85 170 11 7 170 85,	2823
2016/05/09 00:27:24.215	 85 170 11 77 170 85,	2893
2016/05/09 00:27:24.322	 85 170 11 37 170 85,	2853
2016/05/09 00:27:24.429	 85 170 11 15 170 85,	2831
2016/05/09 00:27:24.537	 85 170 11 15 170 85,	2831
2016/05/09 00:27:24.539	 85 170 11 51 170 85,	2867
2016/05/09 00:27:24.652	 85 170 11 71 170 85,	2887
2016/05/09 00:27:24.757	 85 170 11 41 170 85,	2857
2016/05/09 00:27:24.869	 85 170 11 10 170 85,	2826
2016/05/09 00:27:24.976	 85 170 11 42 170 85,	2858
2016/05/09 00:27:25.085	 85 170 11 56 170 85,	2872
2016/05/09 00:27:25.199	 85 170 11 38 170 85,	2854
2016/05/09 00:27:25.303	 85 170 10 231 170 85,	2791
2016/05/09 00:27:25.414	 85 170 11 73 170 85,	2889
2016/05/09 00:27:25.525	 85 170 11 91 170 85,	2907
2016/05/09 00:27:25.631	 85 170 11 3 170 85,	2819
2016/05/09 00:27:25.741	 85 170 10 241 170 85,	2801
2016/05/09 00:27:25.743	 85 170 11 74 170 85,	2890
2016/05/09 00:27:25.851	 85 170 10 171 170 85,	2731
2016/05/09 00:27:25.961	 85 170 11 47 170 85,	2863
2016/05/09 00:27:26.071	 85 170 8 6 170 85,	2054
2016/05/09 00:27:26.184	 85 170 13 122 170 85,	3450
2016/05/09 00:27:26.290	 85 170 13 103 170 85,	3431
2016/05/09 00:27:26.398	 85 170 11 180 170 85,	2996
2016/05/09 00:27:26.511	 85 170 10 173 170 85,	2733
2016/05/09 00:27:26.619	 85 170 10 34 170 85,	2594
2016/05/09 00:27:26.727	 85 170 10 84 170 85,	2644
2016/05/09 00:27:26.838	 85 170 10 203 170 85,	2763
2016/05/09 00:27:26.947	 85 170 11 129 170 85,	2945
2016/05/09 00:27:26.949	 85 170 11 123 170 85,	2939
2016/05/09 00:27:27.054	 85 170 11 77 170 85,	2893
2016/05/09 00:27:27.166	 85 170 11 37 170 85,	2853
2016/05/09 00:27:27.275	 85 170 11 37 170 85,	2853
2016/05/09 00:27:27.381	 85 170 11 41 170 85,	2857
2016/05/09 00:27:27.494	 85 170 11 28 170 85,	2844
2016/05/09 00:27:27.602	 85 170 10 243 170 85,	2803
2016/05/09 00:27:27.710	 85 170 11 74 170 85,	2890
2016/05/09 00:27:27.822	 85 170 11 73 170 85,	2889
2016/05/09 00:27:27.931	 85 170 11 43 170 85,	2859
2016/05/09 00:27:28.037	 85 170 10 240 170 85,	2800
2016/05/09 00:27:28.151	 85 170 11 53 170 85,	2869
2016/05/09 00:27:28.278	 85 170 11 95 170 85,	2911
2016/05/09 00:27:28.281	 85 170 10 246 170 85,	2806
2016/05/09 00:27:28.366	 85 170 10 245 170 85,	2805
2016/05/09 00:27:28.478	 85 170 11 85 170 85,	2901
2016/05/09 00:27:28.590	 85 170 11 64 170 85,	2880
2016/05/09 00:27:28.695	 85 170 11 6 170 85,	2822
2016/05/09 00:27:28.803	 85 170 11 1 170 85,	2817
2016/05/09 00:27:28.914	 85 170 11 109 170 85,	2925
2016/05/09 00:27:29.023	 85 170 11 60 170 85,	2876
2016/05/09 00:27:29.136	 85 170 11 11 170 85,	2827
2016/05/09 00:27:29.244	 85 170 11 65 170 85,	2881
2016/05/09 00:27:29.352	 85 170 11 31 170 85,	2847
2016/05/09 00:27:29.463	 85 170 11 22 170 85,	2838
2016/05/09 00:27:29.466	 85 170 11 20 170 85,	2836
2016/05/09 00:27:29.569	 85 170 11 58 170 85,	2874
2016/05/09 00:27:29.681	 85 170 11 72 170 85,	2888
2016/05/09 00:27:29.788	 85 170 11 47 170 85,	2863
2016/05/09 00:27:29.899	 85 170 11 35 170 85,	2851
2016/05/09 00:27:30.007	 85 170 11 47 170 85,	2863
2016/05/09 00:27:30.116	 85 170 11 53 170 85,	2869
2016/05/09 00:27:30.227	 85 170 11 31 170 85,	2847
2016/05/09 00:27:30.336	 85 170 10 215 170 85,	2775
2016/05/09 00:27:30.448	 85 170 11 71 170 85,	2887
2016/05/09 00:27:30.553	 85 170 11 110 170 85,	2926
2016/05/09 00:27:30.663	 85 170 11 0 170 85,	2816
2016/05/09 00:27:30.774	 85 170 10 245 170 85,	2805
2016/05/09 00:27:30.777	 85 170 11 79 170 85,	2895
2016/05/09 00:27:30.887	 85 170 11 113 170 85,	2929
2016/05/09 00:27:30.992	 85 170 10 247 170 85,	2807
2016/05/09 00:27:31.101	 85 170 10 233 170 85,	2793
2016/05/09 00:27:31.216	 85 170 11 91 170 85,	2907
2016/05/09 00:27:31.321	 85 170 11 55 170 85,	2871
2016/05/09 00:27:31.433	 85 170 11 15 170 85,	2831
2016/05/09 00:27:31.538	 85 170 11 85 170 85,	2901
2016/05/09 00:27:31.649	 85 170 11 41 170 85,	2857
2016/05/09 00:27:31.761	 85 170 11 2 170 85,	2818
2016/05/09 00:27:31.869	 85 170 11 7 170 85,	2823
2016/05/09 00:27:31.976	 85 170 11 103 170 85,	2919
2016/05/09 00:27:32.090	 85 170 11 65 170 85,	2881
2016/05/09 00:27:32.092	 85 170 11 23 170 85,	2839
2016/05/09 00:27:32.197	 85 170 11 7 170 85,	2823
2016/05/09 00:27:32.303	 85 170 11 52 170 85,	2868
2016/05/09 00:27:32.415	 85 170 11 76 170 85,	2892
2016/05/09 00:27:32.527	 85 170 11 47 170 85,	2863
2016/05/09 00:27:32.633	 85 170 10 236 170 85,	2796
2016/05/09 00:27:32.744	 85 170 11 74 170 85,	2890
2016/05/09 00:27:32.852	 85 170 11 83 170 85,	2899
2016/05/09 00:27:32.960	 85 170 11 47 170 85,	2863
2016/05/09 00:27:33.072	 85 170 10 219 170 85,	2779
2016/05/09 00:27:33.178	 85 170 11 43 170 85,	2859
2016/05/09 00:27:33.288	 85 170 11 103 170 85,	2919
2016/05/09 00:27:33.291	 85 170 10 253 170 85,	2813
2016/05/09 00:27:33.401	 85 170 10 237 170 85,	2797
2016/05/09 00:27:33.508	 85 170 11 91 170 85,	2907
2016/05/09 00:27:33.618	 85 170 11 49 170 85,	2865
2016/05/09 00:27:33.725	 85 170 11 7 170 85,	2823
2016/05/09 00:27:33.836	 85 170 10 252 170 85,	2812
2016/05/09 00:27:33.946	 85 170 11 106 170 85,	2922
2016/05/09 00:27:34.059	 85 170 11 59 170 85,	2875
2016/05/09 00:27:34.166	 85 170 11 5 170 85,	2821
2016/05/09 00:27:34.272	 85 170 11 85 170 85,	2901
2016/05/09 00:27:34.385	 85 170 11 36 170 85,	2852
2016/05/09 00:27:34.496	 85 170 11 8 170 85,	2824
2016/05/09 00:27:34.498	 85 170 11 17 170 85,	2833
2016/05/09 00:27:34.600	 85 170 11 52 170 85,	2868
2016/05/09 00:27:34.713	 85 170 11 71 170 85,	2887
2016/05/09 00:27:34.822	 85 170 11 61 170 85,	2877
2016/05/09 00:27:34.929	 85 170 11 38 170 85,	2854
2016/05/09 00:27:35.039	 85 170 11 45 170 85,	2861
2016/05/09 00:27:35.149	 85 170 11 51 170 85,	2867
2016/05/09 00:27:35.257	 85 170 11 47 170 85,	2863
2016/05/09 00:27:35.370	 85 170 10 234 170 85,	2794
2016/05/09 00:27:35.476	 85 170 11 74 170 85,	2890
2016/05/09 00:27:35.586	 85 170 11 103 170 85,	2919
2016/05/09 00:27:35.698	 85 170 10 252 170 85,	2812
2016/05/09 00:27:35.803	 85 170 10 228 170 85,	2788
2016/05/09 00:27:35.805	 85 170 11 65 170 85,	2881
2016/05/09 00:27:35.915	 85 170 11 113 170 85,	2929
2016/05/09 00:27:36.022	 85 170 10 243 170 85,	2803
2016/05/09 00:27:36.132	 85 170 10 224 170 85,	2784
2016/05/09 00:27:36.242	 85 170 11 79 170 85,	2895
2016/05/09 00:27:36.351	 85 170 11 55 170 85,	2871
2016/05/09 00:27:36.464	 85 170 11 20 170 85,	2836
2016/05/09 00:27:36.570	 85 170 11 81 170 85,	2897
2016/05/09 00:27:36.681	 85 170 11 28 170 85,	2844
2016/05/09 00:27:36.788	 85 170 11 8 170 85,	2824
2016/05/09 00:27:36.898	 85 170 10 247 170 85,	2807
2016/05/09 00:27:37.010	 85 170 11 97 170 85,	2913
2016/05/09 00:27:37.014	 85 170 11 68 170 85,	2884
2016/05/09 00:27:37.117	 85 170 11 36 170 85,	2852
2016/05/09 00:27:37.226	 85 170 11 32 170 85,	2848
2016/05/09 00:27:37.338	 85 170 11 53 170 85,	2869
2016/05/09 00:27:37.447	 85 170 11 58 170 85,	2874
2016/05/09 00:27:37.555	 85 170 11 48 170 85,	2864
2016/05/09 00:27:37.664	 85 170 10 240 170 85,	2800
2016/05/09 00:27:37.777	 85 170 11 75 170 85,	2891
2016/05/09 00:27:37.882	 85 170 11 79 170 85,	2895
2016/05/09 00:27:37.995	 85 170 11 50 170 85,	2866
2016/05/09 00:27:38.101	 85 170 10 224 170 85,	2784
2016/05/09 00:27:38.211	 85 170 11 51 170 85,	2867
2016/05/09 00:27:38.324	 85 170 11 103 170 85,	2919
2016/05/09 00:27:38.327	 85 170 10 240 170 85,	2800
2016/05/09 00:27:38.434	 85 170 10 243 170 85,	2803
2016/05/09 00:27:38.539	 85 170 11 91 170 85,	2907
2016/05/09 00:27:38.649	 85 170 11 55 170 85,	2871
2016/05/09 00:27:38.756	 85 170 11 15 170 85,	2831
2016/05/09 00:27:38.867	 85 170 11 3 170 85,	2819
2016/05/09 00:27:38.979	 85 170 11 98 170 85,	2914
2016/05/09 00:27:39.086	 85 170 11 55 170 85,	2871
2016/05/09 00:27:39.195	 85 170 11 5 170 85,	2821
2016/05/09 00:27:39.304	 85 170 11 79 170 85,	2895
2016/05/09 00:27:39.413	 85 170 11 35 170 85,	2851
2016/05/09 00:27:39.522	 85 170 11 17 170 85,	2833
2016/05/09 00:27:39.634	 85 170 11 19 170 85,	2835
2016/05/09 00:27:39.636	 85 170 11 65 170 85,	2881
2016/05/09 00:27:39.743	 85 170 11 83 170 85,	2899
2016/05/09 00:27:39.852	 85 170 11 44 170 85,	2860
2016/05/09 00:27:39.963	 85 170 11 43 170 85,	2859
2016/05/09 00:27:40.071	 85 170 11 46 170 85,	2862
2016/05/09 00:27:40.180	 85 170 11 40 170 85,	2856
2016/05/09 00:27:40.290	 85 170 11 38 170 85,	2854
2016/05/09 00:27:40.402	 85 170 10 250 170 85,	2810
2016/05/09 00:27:40.508	 85 170 11 67 170 85,	2883
2016/05/09 00:27:40.618	 85 170 11 109 170 85,	2925
2016/05/09 00:27:40.726	 85 170 10 251 170 85,	2811
2016/05/09 00:27:40.834	 85 170 10 237 170 85,	2797
2016/05/09 00:27:40.837	 85 170 11 83 170 85,	2899
2016/05/09 00:27:40.948	 85 170 11 100 170 85,	2916
2016/05/09 00:27:41.060	 85 170 10 238 170 85,	2798
2016/05/09 00:27:41.164	 85 170 10 237 170 85,	2797
2016/05/09 00:27:41.276	 85 170 11 97 170 85,	2913
2016/05/09 00:27:41.387	 85 170 11 64 170 85,	2880
2016/05/09 00:27:41.493	 85 170 11 19 170 85,	2835
2016/05/09 00:27:41.601	 85 170 11 82 170 85,	2898
2016/05/09 00:27:41.710	 85 170 11 31 170 85,	2847
2016/05/09 00:27:41.820	 85 170 11 5 170 85,	2821
2016/05/09 00:27:41.928	 85 170 10 253 170 85,	2813
2016/05/09 00:27:42.038	 85 170 11 105 170 85,	2921
2016/05/09 00:27:42.149	 85 170 11 59 170 85,	2875
2016/05/09 00:27:42.150	 85 170 11 25 170 85,	2841
2016/05/09 00:27:42.261	 85 170 11 20 170 85,	2836
2016/05/09 00:27:42.369	 85 170 11 58 170 85,	2874
2016/05/09 00:27:42.476	 85 170 11 63 170 85,	2879
2016/05/09 00:27:42.588	 85 170 11 49 170 85,	2865
2016/05/09 00:27:42.697	 85 170 10 232 170 85,	2792
2016/05/09 00:27:42.805	 85 170 11 61 170 85,	2877
2016/05/09 00:27:42.913	 85 170 11 89 170 85,	2905
2016/05/09 00:27:43.023	 85 170 11 43 170 85,	2859
2016/05/09 00:27:43.132	 85 170 10 217 170 85,	2777
2016/05/09 00:27:43.243	 85 170 11 57 170 85,	2873
2016/05/09 00:27:43.350	 85 170 11 103 170 85,	2919
2016/05/09 00:27:43.355	 85 170 11 1 170 85,	2817
2016/05/09 00:27:43.460	 85 170 10 239 170 85,	2799
2016/05/09 00:27:43.572	 85 170 11 83 170 85,	2899
2016/05/09 00:27:43.684	 85 170 11 68 170 85,	2884
2016/05/09 00:27:43.789	 85 170 11 15 170 85,	2831
2016/05/09 00:27:43.901	 85 170 10 254 170 85,	2814
2016/05/09 00:27:44.008	 85 170 11 108 170 85,	2924
2016/05/09 00:27:44.117	 85 170 11 51 170 85,	2867
2016/05/09 00:27:44.227	 85 170 10 252 170 85,	2812
2016/05/09 00:27:44.340	 85 170 11 76 170 85,	2892
2016/05/09 00:27:44.445	 85 170 11 43 170 85,	2859
2016/05/09 00:27:44.553	 85 170 11 17 170 85,	2833
2016/05/09 00:27:44.664	 85 170 11 29 170 85,	2845
2016/05/09 00:27:44.666	 85 170 11 59 170 85,	2875
2016/05/09 00:27:44.772	 85 170 11 67 170 85,	2883
2016/05/09 00:27:44.885	 85 170 11 44 170 85,	2860
2016/05/09 00:27:44.993	 85 170 11 23 170 85,	2839
2016/05/09 00:27:45.101	 85 170 11 39 170 85,	2855
2016/05/09 00:27:45.214	 85 170 11 58 170 85,	2874
2016/05/09 00:27:45.322	 85 170 11 55 170 85,	2871
2016/05/09 00:27:45.429	 85 170 10 209 170 85,	2769
2016/05/09 00:27:45.538	 85 170 2 16 170 85,	528
2016/05/09 00:27:45.649	 85 170 0 4 170 85,	4
2016/05/09 00:27:45.757	 85 170 0 4 170 85,	4
2016/05/09 00:27:45.868	 85 170 15 248 170 85,	4088
2016/05/09 00:27:45.871	 85 170 15 248 170 85,	4088
2016/05/09 00:27:45.977	 85 170 15 248 170 85,	4088
2016/05/09 00:27:46.085	 85 170 15 247 170 85,	4087
2016/05/09 00:27:46.195	 85 170 15 246 170 85,	4086
2016/05/09 00:27:46.303	 85 170 15 248 170 85,	4088
2016/05/09 00:27:46.413	 85 170 6 176 170 85,	1712
2016/05/09 00:27:46.525	 85 170 0 4 170 85,	4
2016/05/09 00:27:46.631	 85 170 0 3 170 85,	3
2016/05/09 00:27:46.742	 85 170 0 4 170 85,	4
2016/05/09 00:27:46.852	 85 170 5 168 170 85,	1448
2016/05/09 00:27:46.961	 85 170 14 92 170 85,	3676
2016/05/09 00:27:47.070	 85 170 15 248 170 85,	4088
2016/05/09 00:27:47.179	 85 170 15 238 170 85,	4078
2016/05/09 00:27:47.181	 85 170 12 245 170 85,	3317
2016/05/09 00:27:47.290	 85 170 10 54 170 85,	2614
2016/05/09 00:27:47.398	 85 170 9 48 170 85,	2352
2016/05/09 00:27:47.510	 85 170 9 139 170 85,	2443
2016/05/09 00:27:47.620	 85 170 0 4 170 85,	4
2016/05/09 00:27:47.725	 85 170 0 3 170 85,	3
2016/05/09 00:27:47.837	 85 170 0 6 170 85,	6
2016/05/09 00:27:47.948	 85 170 15 247 170 85,	4087
2016/05/09 00:27:48.054	 85 170 15 247 170 85,	4087
2016/05/09 00:27:48.164	 85 170 15 247 170 85,	4087
2016/05/09 00:27:48.276	 85 170 15 247 170 85,	4087
2016/05/09 00:27:48.382	 85 170 15 247 170 85,	4087
2016/05/09 00:27:48.384	 85 170 0 111 170 85,	111
2016/05/09 00:27:48.494	 85 170 0 4 170 85,	4
2016/05/09 00:27:48.600	 85 170 0 3 170 85,	3
2016/05/09 00:27:48.710	 85 170 0 4 170 85,	4
2016/05/09 00:27:48.824	 85 170 3 79 170 85,	847
2016/05/09 00:27:48.933	 85 170 15 248 170 85,	4088
2016/05/09 00:27:49.038	 85 170 15 247 170 85,	4087
2016/05/09 00:27:49.150	 85 170 15 247 170 85,	4087
2016/05/09 00:27:49.256	 85 170 14 24 170 85,	3608
2016/05/09 00:27:49.367	 85 170 9 246 170 85,	2550
2016/05/09 00:27:49.475	 85 170 7 151 170 85,	1943
2016/05/09 00:27:49.584	 85 170 7 247 170 85,	2039
2016/05/09 00:27:49.695	 85 170 9 172 170 85,	2476
2016/05/09 00:27:49.697	 85 170 11 78 170 85,	2894
2016/05/09 00:27:49.803	 85 170 12 16 170 85,	3088
2016/05/09 00:27:49.916	 85 170 11 245 170 85,	3061
2016/05/09 00:27:50.022	 85 170 11 127 170 85,	2943
2016/05/09 00:27:50.135	 85 170 11 40 170 85,	2856
2016/05/09 00:27:50.245	 85 170 11 3 170 85,	2819
2016/05/09 00:27:50.351	 85 170 10 243 170 85,	2803
2016/05/09 00:27:50.463	 85 170 10 205 170 85,	2765
2016/05/09 00:27:50.571	 85 170 11 57 170 85,	2873
2016/05/09 00:27:50.678	 85 170 11 99 170 85,	2915
2016/05/09 00:27:50.789	 85 170 10 252 170 85,	2812
2016/05/09 00:27:50.897	 85 170 10 247 170 85,	2807
2016/05/09 00:27:50.901	 85 170 11 79 170 85,	2895
2016/05/09 00:27:51.007	 85 170 11 98 170 85,	2914
2016/05/09 00:27:51.118	 85 170 10 230 170 85,	2790
2016/05/09 00:27:51.227	 85 170 10 230 170 85,	2790
2016/05/09 00:27:51.335	 85 170 11 85 170 85,	2901
2016/05/09 00:27:51.446	 85 170 11 53 170 85,	2869
2016/05/09 00:27:51.553	 85 170 11 20 170 85,	2836
2016/05/09 00:27:51.663	 85 170 11 89 170 85,	2905
2016/05/09 00:27:51.776	 85 170 11 50 170 85,	2866
2016/05/09 00:27:51.881	 85 170 10 246 170 85,	2806
2016/05/09 00:27:51.992	 85 170 11 31 170 85,	2847
2016/05/09 00:27:52.100	 85 170 11 91 170 85,	2907
2016/05/09 00:27:52.215	 85 170 11 68 170 85,	2884
2016/05/09 00:27:52.217	 85 170 11 29 170 85,	2845
2016/05/09 00:27:52.320	 85 170 11 26 170 85,	2842
2016/05/09 00:27:52.435	 85 170 11 55 170 85,	2871
2016/05/09 00:27:52.540	 85 170 11 71 170 85,	2887
2016/05/09 00:27:52.647	 85 170 11 49 170 85,	2865
2016/05/09 00:27:52.760	 85 170 10 230 170 85,	2790
2016/05/09 00:27:52.870	 85 170 11 68 170 85,	2884
2016/05/09 00:27:52.975	 85 170 11 71 170 85,	2887
2016/05/09 00:27:53.088	 85 170 11 54 170 85,	2870
2016/05/09 00:27:53.197	 85 170 10 226 170 85,	2786
2016/05/09 00:27:53.304	 85 170 11 46 170 85,	2862
2016/05/09 00:27:53.413	 85 170 11 105 170 85,	2921
2016/05/09 00:27:53.417	 85 170 10 244 170 85,	2804
2016/05/09 00:27:53.522	 85 170 10 241 170 85,	2801
2016/05/09 00:27:53.632	 85 170 11 82 170 85,	2898
2016/05/09 00:27:53.745	 85 170 11 61 170 85,	2877
2016/05/09 00:27:53.852	 85 170 11 4 170 85,	2820
2016/05/09 00:27:53.961	 85 170 11 5 170 85,	2821
2016/05/09 00:27:54.073	 85 170 11 105 170 85,	2921
2016/05/09 00:27:54.179	 85 170 11 71 170 85,	2887
2016/05/09 00:27:54.290	 85 170 11 15 170 85,	2831
2016/05/09 00:27:54.400	 85 170 11 81 170 85,	2897
2016/05/09 00:27:54.506	 85 170 11 31 170 85,	2847
2016/05/09 00:27:54.616	 85 170 11 6 170 85,	2822
2016/05/09 00:27:54.725	 85 170 11 13 170 85,	2829
2016/05/09 00:27:54.727	 85 170 11 59 170 85,	2875
2016/05/09 00:27:54.840	 85 170 11 71 170 85,	2887
2016/05/09 00:27:54.944	 85 170 11 44 170 85,	2860
2016/05/09 00:27:55.060	 85 170 11 34 170 85,	2850
2016/05/09 00:27:55.163	 85 170 11 51 170 85,	2867
2016/05/09 00:27:55.273	 85 170 11 49 170 85,	2865
2016/05/09 00:27:55.385	 85 170 11 51 170 85,	2867
2016/05/09 00:27:55.495	 85 170 10 236 170 85,	2796
2016/05/09 00:27:55.601	 85 170 11 59 170 85,	2875
2016/05/09 00:27:55.713	 85 170 11 95 170 85,	2911
2016/05/09 00:27:55.822	 85 170 10 244 170 85,	2804
2016/05/09 00:27:55.930	 85 170 10 234 170 85,	2794
2016/05/09 00:27:55.932	 85 170 11 102 170 85,	2918
2016/05/09 00:27:56.038	 85 170 11 104 170 85,	2920
2016/05/09 00:27:56.152	 85 170 10 243 170 85,	2803
2016/05/09 00:27:56.256	 85 170 10 234 170 85,	2794
2016/05/09 00:27:56.369	 85 170 11 82 170 85,	2898
2016/05/09 00:27:56.476	 85 170 11 58 170 85,	2874
2016/05/09 00:27:56.585	 85 170 11 27 170 85,	2843
2016/05/09 00:27:56.698	 85 170 11 82 170 85,	2898
2016/05/09 00:27:56.804	 85 170 11 34 170 85,	2850
2016/05/09 00:27:56.913	 85 170 11 11 170 85,	2827
2016/05/09 00:27:57.025	 85 170 11 12 170 85,	2828
2016/05/09 00:27:57.136	 85 170 11 104 170 85,	2920
2016/05/09 00:27:57.138	 85 170 11 56 170 85,	2872
2016/05/09 00:27:57.242	 85 170 11 25 170 85,	2841
2016/05/09 00:27:57.352	 85 170 11 15 170 85,	2831
2016/05/09 00:27:57.465	 85 170 11 43 170 85,	2859
2016/05/09 00:27:57.570	 85 170 11 57 170 85,	2873
2016/05/09 00:27:57.679	 85 170 11 43 170 85,	2859
2016/05/09 00:27:57.788	 85 170 10 236 170 85,	2796
2016/05/09 00:27:57.898	 85 170 11 61 170 85,	2877
2016/05/09 00:27:58.010	 85 170 11 78 170 85,	2894
2016/05/09 00:27:58.120	 85 170 11 55 170 85,	2871
2016/05/09 00:27:58.226	 85 170 10 230 170 85,	2790
2016/05/09 00:27:58.335	 85 170 11 62 170 85,	2878
2016/05/09 00:27:58.447	 85 170 11 100 170 85,	2916
2016/05/09 00:27:58.449	 85 170 10 231 170 85,	2791
2016/05/09 00:27:58.555	 85 170 10 218 170 85,	2778
2016/05/09 00:27:58.664	 85 170 11 84 170 85,	2900
2016/05/09 00:27:58.772	 85 170 11 69 170 85,	2885
2016/05/09 00:27:58.882	 85 170 11 22 170 85,	2838
2016/05/09 00:27:58.994	 85 170 11 25 170 85,	2841
2016/05/09 00:27:59.102	 85 170 11 119 170 85,	2935
2016/05/09 00:27:59.211	 85 170 11 58 170 85,	2874
2016/05/09 00:27:59.320	 85 170 11 7 170 85,	2823
2016/05/09 00:27:59.428	 85 170 11 77 170 85,	2893
2016/05/09 00:27:59.539	 85 170 11 22 170 85,	2838
2016/05/09 00:27:59.650	 85 170 11 12 170 85,	2828
2016/05/09 00:27:59.652	 85 170 11 9 170 85,	2825
2016/05/09 00:27:59.757	 85 170 11 60 170 85,	2876
2016/05/09 00:27:59.866	 85 170 11 82 170 85,	2898
2016/05/09 00:27:59.976	 85 170 11 46 170 85,	2862
2016/05/09 00:28:00.084	 85 170 11 13 170 85,	2829
2016/05/09 00:28:00.196	 85 170 11 48 170 85,	2864
2016/05/09 00:28:00.309	 85 170 11 53 170 85,	2869
2016/05/09 00:28:00.416	 85 170 11 44 170 85,	2860
2016/05/09 00:28:00.523	 85 170 10 228 170 85,	2788
2016/05/09 00:28:00.636	 85 170 11 78 170 85,	2894
2016/05/09 00:28:00.745	 85 170 11 106 170 85,	2922
2016/05/09 00:28:00.853	 85 170 10 237 170 85,	2797
2016/05/09 00:28:00.964	 85 170 10 236 170 85,	2796
2016/05/09 00:28:00.968	 85 170 11 77 170 85,	2893
2016/05/09 00:28:01.073	 85 170 11 121 170 85,	2937
2016/05/09 00:28:01.179	 85 170 10 254 170 85,	2814
2016/05/09 00:28:01.288	 85 170 10 232 170 85,	2792
2016/05/09 00:28:01.403	 85 170 11 95 170 85,	2911
2016/05/09 00:28:01.507	 85 170 11 57 170 85,	2873
2016/05/09 00:28:01.621	 85 170 11 24 170 85,	2840
2016/05/09 00:28:01.727	 85 170 11 94 170 85,	2910
2016/05/09 00:28:01.835	 85 170 11 35 170 85,	2851
2016/05/09 00:28:01.947	 85 170 11 6 170 85,	2822
2016/05/09 00:28:02.054	 85 170 10 243 170 85,	2803
2016/05/09 00:28:02.164	 85 170 11 106 170 85,	2922
2016/05/09 00:28:02.273	 85 170 11 73 170 85,	2889
2016/05/09 00:28:02.275	 85 170 11 41 170 85,	2857
2016/05/09 00:28:02.381	 85 170 11 13 170 85,	2829
2016/05/09 00:28:02.492	 85 170 11 49 170 85,	2865
2016/05/09 00:28:02.601	 85 170 11 48 170 85,	2864
2016/05/09 00:28:02.711	 85 170 11 53 170 85,	2869
2016/05/09 00:28:02.820	 85 170 10 221 170 85,	2781
2016/05/09 00:28:02.929	 85 170 11 68 170 85,	2884
2016/05/09 00:28:03.038	 85 170 11 75 170 85,	2891
2016/05/09 00:28:03.149	 85 170 11 30 170 85,	2846
2016/05/09 00:28:03.259	 85 170 10 215 170 85,	2775
2016/05/09 00:28:03.370	 85 170 11 84 170 85,	2900
2016/05/09 00:28:03.476	 85 170 11 121 170 85,	2937
2016/05/09 00:28:03.478	 85 170 10 243 170 85,	2803
2016/05/09 00:28:03.589	 85 170 10 227 170 85,	2787
2016/05/09 00:28:03.698	 85 170 11 81 170 85,	2897
2016/05/09 00:28:03.805	 85 170 11 72 170 85,	2888
2016/05/09 00:28:03.914	 85 170 10 241 170 85,	2801
2016/05/09 00:28:04.023	 85 170 11 10 170 85,	2826
2016/05/09 00:28:04.132	 85 170 11 99 170 85,	2915
2016/05/09 00:28:04.246	 85 170 11 54 170 85,	2870
2016/05/09 00:28:04.351	 85 170 11 16 170 85,	2832
2016/05/09 00:28:04.460	 85 170 11 82 170 85,	2898
2016/05/09 00:28:04.573	 85 170 11 43 170 85,	2859
2016/05/09 00:28:04.685	 85 170 11 11 170 85,	2827
2016/05/09 00:28:04.687	 85 170 11 2 170 85,	2818
2016/05/09 00:28:04.788	 85 170 11 41 170 85,	2857
2016/05/09 00:28:04.901	 85 170 11 59 170 85,	2875
2016/05/09 00:28:05.008	 85 170 11 26 170 85,	2842
2016/05/09 00:28:05.117	 85 170 11 38 170 85,	2854
2016/05/09 00:28:05.227	 85 170 11 62 170 85,	2878
2016/05/09 00:28:05.335	 85 170 11 54 170 85,	2870
2016/05/09 00:28:05.444	 85 170 11 29 170 85,	2845
2016/05/09 00:28:05.560	 85 170 10 229 170 85,	2789
2016/05/09 00:28:05.663	 85 170 11 63 170 85,	2879
2016/05/09 00:28:05.773	 85 170 11 98 170 85,	2914
2016/05/09 00:28:05.886	 85 170 11 1 170 85,	2817
2016/05/09 00:28:05.991	 85 170 10 249 170 85,	2809
2016/05/09 00:28:05.993	 85 170 11 87 170 85,	2903
2016/05/09 00:28:06.100	 85 170 11 113 170 85,	2929
2016/05/09 00:28:06.211	 85 170 10 239 170 85,	2799
2016/05/09 00:28:06.321	 85 170 10 237 170 85,	2797
2016/05/09 00:28:06.430	 85 170 11 100 170 85,	2916
2016/05/09 00:28:06.538	 85 170 11 69 170 85,	2885
2016/05/09 00:28:06.647	 85 170 11 45 170 85,	2861
2016/05/09 00:28:06.757	 85 170 11 103 170 85,	2919
2016/05/09 00:28:06.870	 85 170 11 28 170 85,	2844
2016/05/09 00:28:06.977	 85 170 10 250 170 85,	2810
2016/05/09 00:28:07.085	 85 170 10 234 170 85,	2794
2016/05/09 00:28:07.198	 85 170 11 91 170 85,	2907
2016/05/09 00:28:07.200	 85 170 11 53 170 85,	2869
2016/05/09 00:28:07.303	 85 170 11 8 170 85,	2824
2016/05/09 00:28:07.413	 85 170 11 1 170 85,	2817
2016/05/09 00:28:07.525	 85 170 11 44 170 85,	2860
2016/05/09 00:28:07.633	 85 170 11 49 170 85,	2865
2016/05/09 00:28:07.742	 85 170 11 53 170 85,	2869
2016/05/09 00:28:07.851	 85 170 10 247 170 85,	2807
2016/05/09 00:28:07.963	 85 170 11 117 170 85,	2933
