2016/05/09 10:39:58.072	 85 170 8 210 170 85,	2258
2016/05/09 10:39:58.074	 85 170 9 19 170 85,	2323
2016/05/09 10:39:58.075	 85 170 8 173 170 85,	2221
2016/05/09 10:39:58.077	 85 170 8 87 170 85,	2135
2016/05/09 10:39:58.116	 85 170 8 182 170 85,	2230
2016/05/09 10:39:58.118	 85 170 8 168 170 85,	2216
2016/05/09 10:39:58.163	 85 170 8 160 170 85,	2208
2016/05/09 10:39:58.166	 85 170 8 175 170 85,	2223
2016/05/09 10:39:58.168	 85 170 8 218 170 85,	2266
2016/05/09 10:39:58.171	 85 170 8 175 170 85,	2223
2016/05/09 10:39:58.172	 85 170 8 148 170 85,	2196
2016/05/09 10:39:58.209	 85 170 8 149 170 85,	2197
2016/05/09 10:39:58.212	 85 170 8 41 170 85,	2089
2016/05/09 10:39:58.214	 85 170 8 43 170 85,	2091
2016/05/09 10:39:58.256	 85 170 8 203 170 85,	2251
2016/05/09 10:39:58.259	 85 170 8 216 170 85,	2264
2016/05/09 10:39:58.261	 85 170 8 128 170 85,	2176
2016/05/09 10:39:58.305	 85 170 8 215 170 85,	2263
2016/05/09 10:39:58.307	 85 170 8 144 170 85,	2192
2016/05/09 10:39:58.308	 85 170 8 106 170 85,	2154
2016/05/09 10:39:58.310	 85 170 8 97 170 85,	2145
2016/05/09 10:39:58.353	 85 170 8 167 170 85,	2215
2016/05/09 10:39:58.358	 85 170 8 115 170 85,	2163
2016/05/09 10:39:58.360	 85 170 8 57 170 85,	2105
2016/05/09 10:39:58.362	 85 170 8 115 170 85,	2163
2016/05/09 10:39:58.364	 85 170 8 206 170 85,	2254
2016/05/09 10:39:58.398	 85 170 8 215 170 85,	2263
2016/05/09 10:39:58.401	 85 170 8 15 170 85,	2063
2016/05/09 10:39:58.403	 85 170 8 60 170 85,	2108
2016/05/09 10:39:58.445	 85 170 8 218 170 85,	2266
2016/05/09 10:39:58.447	 85 170 8 214 170 85,	2262
2016/05/09 10:39:58.449	 85 170 8 99 170 85,	2147
2016/05/09 10:39:58.493	 85 170 8 190 170 85,	2238
2016/05/09 10:39:58.495	 85 170 8 54 170 85,	2102
2016/05/09 10:39:58.497	 85 170 8 39 170 85,	2087
2016/05/09 10:39:58.499	 85 170 8 59 170 85,	2107
2016/05/09 10:39:58.538	 85 170 8 130 170 85,	2178
2016/05/09 10:39:58.540	 85 170 8 231 170 85,	2279
2016/05/09 10:39:58.542	 85 170 8 169 170 85,	2217
2016/05/09 10:39:58.544	 85 170 8 198 170 85,	2246
2016/05/09 10:39:58.585	 85 170 8 252 170 85,	2300
2016/05/09 10:39:58.588	 85 170 8 200 170 85,	2248
2016/05/09 10:39:58.590	 85 170 8 135 170 85,	2183
2016/05/09 10:39:58.632	 85 170 9 5 170 85,	2309
2016/05/09 10:39:58.636	 85 170 8 252 170 85,	2300
2016/05/09 10:39:58.638	 85 170 8 139 170 85,	2187
2016/05/09 10:39:58.640	 85 170 8 103 170 85,	2151
2016/05/09 10:39:58.679	 85 170 8 163 170 85,	2211
2016/05/09 10:39:58.684	 85 170 8 251 170 85,	2299
2016/05/09 10:39:58.686	 85 170 8 49 170 85,	2097
2016/05/09 10:39:58.688	 85 170 8 71 170 85,	2119
2016/05/09 10:39:58.727	 85 170 8 87 170 85,	2135
2016/05/09 10:39:58.730	 85 170 8 150 170 85,	2198
2016/05/09 10:39:58.731	 85 170 8 23 170 85,	2071
2016/05/09 10:39:58.733	 85 170 8 68 170 85,	2116
2016/05/09 10:39:58.772	 85 170 8 173 170 85,	2221
2016/05/09 10:39:58.775	 85 170 8 68 170 85,	2116
2016/05/09 10:39:58.820	 85 170 8 135 170 85,	2183
2016/05/09 10:39:58.823	 85 170 8 210 170 85,	2258
2016/05/09 10:39:58.825	 85 170 8 137 170 85,	2185
2016/05/09 10:39:58.826	 85 170 8 87 170 85,	2135
2016/05/09 10:39:58.828	 85 170 8 43 170 85,	2091
2016/05/09 10:39:58.867	 85 170 8 154 170 85,	2202
2016/05/09 10:39:58.870	 85 170 8 43 170 85,	2091
2016/05/09 10:39:58.872	 85 170 7 248 170 85,	2040
2016/05/09 10:39:58.874	 85 170 8 107 170 85,	2155
2016/05/09 10:39:58.913	 85 170 8 223 170 85,	2271
2016/05/09 10:39:58.916	 85 170 8 103 170 85,	2151
2016/05/09 10:39:58.959	 85 170 8 215 170 85,	2263
2016/05/09 10:39:58.963	 85 170 8 173 170 85,	2221
2016/05/09 10:39:58.965	 85 170 8 128 170 85,	2176
2016/05/09 10:39:58.967	 85 170 8 136 170 85,	2184
2016/05/09 10:39:58.969	 85 170 8 38 170 85,	2086
2016/05/09 10:39:59.008	 85 170 8 201 170 85,	2249
2016/05/09 10:39:59.013	 85 170 8 142 170 85,	2190
2016/05/09 10:39:59.015	 85 170 8 96 170 85,	2144
2016/05/09 10:39:59.054	 85 170 8 225 170 85,	2273
2016/05/09 10:39:59.059	 85 170 9 61 170 85,	2365
2016/05/09 10:39:59.062	 85 170 8 44 170 85,	2092
2016/05/09 10:39:59.065	 85 170 8 166 170 85,	2214
2016/05/09 10:39:59.068	 85 170 9 225 170 85,	2529
2016/05/09 10:39:59.100	 85 170 8 235 170 85,	2283
2016/05/09 10:39:59.103	 85 170 7 200 170 85,	1992
2016/05/09 10:39:59.148	 85 170 7 172 170 85,	1964
2016/05/09 10:39:59.151	 85 170 8 219 170 85,	2267
2016/05/09 10:39:59.153	 85 170 9 143 170 85,	2447
2016/05/09 10:39:59.155	 85 170 8 216 170 85,	2264
2016/05/09 10:39:59.195	 85 170 8 225 170 85,	2273
2016/05/09 10:39:59.198	 85 170 9 41 170 85,	2345
2016/05/09 10:39:59.200	 85 170 8 169 170 85,	2217
2016/05/09 10:39:59.202	 85 170 8 203 170 85,	2251
2016/05/09 10:39:59.241	 85 170 8 252 170 85,	2300
2016/05/09 10:39:59.244	 85 170 8 229 170 85,	2277
2016/05/09 10:39:59.246	 85 170 8 106 170 85,	2154
2016/05/09 10:39:59.288	 85 170 8 167 170 85,	2215
2016/05/09 10:39:59.291	 85 170 8 111 170 85,	2159
2016/05/09 10:39:59.293	 85 170 8 46 170 85,	2094
2016/05/09 10:39:59.294	 85 170 8 51 170 85,	2099
2016/05/09 10:39:59.336	 85 170 8 132 170 85,	2180
2016/05/09 10:39:59.342	 85 170 9 30 170 85,	2334
2016/05/09 10:39:59.343	 85 170 8 74 170 85,	2122
2016/05/09 10:39:59.345	 85 170 8 201 170 85,	2249
2016/05/09 10:39:59.382	 85 170 8 113 170 85,	2161
2016/05/09 10:39:59.385	 85 170 8 15 170 85,	2063
2016/05/09 10:39:59.387	 85 170 7 156 170 85,	1948
2016/05/09 10:39:59.388	 85 170 7 244 170 85,	2036
2016/05/09 10:39:59.429	 85 170 7 236 170 85,	2028
2016/05/09 10:39:59.434	 85 170 7 163 170 85,	1955
2016/05/09 10:39:59.437	 85 170 8 39 170 85,	2087
2016/05/09 10:39:59.477	 85 170 8 80 170 85,	2128
2016/05/09 10:39:59.480	 85 170 8 23 170 85,	2071
2016/05/09 10:39:59.482	 85 170 7 118 170 85,	1910
2016/05/09 10:39:59.484	 85 170 8 7 170 85,	2055
2016/05/09 10:39:59.523	 85 170 8 203 170 85,	2251
2016/05/09 10:39:59.525	 85 170 8 192 170 85,	2240
2016/05/09 10:39:59.527	 85 170 8 78 170 85,	2126
2016/05/09 10:39:59.529	 85 170 8 181 170 85,	2229
2016/05/09 10:39:59.569	 85 170 8 242 170 85,	2290
2016/05/09 10:39:59.576	 85 170 8 125 170 85,	2173
2016/05/09 10:39:59.580	 85 170 8 129 170 85,	2177
2016/05/09 10:39:59.617	 85 170 7 163 170 85,	1955
2016/05/09 10:39:59.621	 85 170 7 107 170 85,	1899
2016/05/09 10:39:59.623	 85 170 7 71 170 85,	1863
2016/05/09 10:39:59.625	 85 170 7 34 170 85,	1826
2016/05/09 10:39:59.663	 85 170 7 111 170 85,	1903
2016/05/09 10:39:59.668	 85 170 7 241 170 85,	2033
2016/05/09 10:39:59.670	 85 170 8 24 170 85,	2072
2016/05/09 10:39:59.672	 85 170 8 158 170 85,	2206
2016/05/09 10:39:59.710	 85 170 8 202 170 85,	2250
2016/05/09 10:39:59.712	 85 170 8 68 170 85,	2116
2016/05/09 10:39:59.757	 85 170 8 178 170 85,	2226
2016/05/09 10:39:59.760	 85 170 9 131 170 85,	2435
2016/05/09 10:39:59.762	 85 170 10 80 170 85,	2640
2016/05/09 10:39:59.764	 85 170 9 237 170 85,	2541
2016/05/09 10:39:59.804	 85 170 9 208 170 85,	2512
2016/05/09 10:39:59.806	 85 170 9 195 170 85,	2499
2016/05/09 10:39:59.808	 85 170 9 168 170 85,	2472
2016/05/09 10:39:59.810	 85 170 9 211 170 85,	2515
2016/05/09 10:39:59.851	 85 170 9 152 170 85,	2456
2016/05/09 10:39:59.854	 85 170 9 197 170 85,	2501
2016/05/09 10:39:59.856	 85 170 9 74 170 85,	2378
2016/05/09 10:39:59.857	 85 170 10 33 170 85,	2593
2016/05/09 10:39:59.899	 85 170 10 65 170 85,	2625
2016/05/09 10:39:59.901	 85 170 9 179 170 85,	2483
2016/05/09 10:39:59.904	 85 170 9 115 170 85,	2419
2016/05/09 10:39:59.947	 85 170 10 2 170 85,	2562
2016/05/09 10:39:59.949	 85 170 9 86 170 85,	2390
2016/05/09 10:39:59.952	 85 170 8 210 170 85,	2258
2016/05/09 10:39:59.954	 85 170 9 76 170 85,	2380
2016/05/09 10:39:59.991	 85 170 8 189 170 85,	2237
2016/05/09 10:39:59.997	 85 170 8 174 170 85,	2222
2016/05/09 10:39:59.998	 85 170 8 98 170 85,	2146
2016/05/09 10:40:00.000	 85 170 8 61 170 85,	2109
2016/05/09 10:40:00.039	 85 170 7 232 170 85,	2024
2016/05/09 10:40:00.041	 85 170 7 121 170 85,	1913
2016/05/09 10:40:00.043	 85 170 7 80 170 85,	1872
2016/05/09 10:40:00.045	 85 170 8 66 170 85,	2114
2016/05/09 10:40:00.086	 85 170 8 30 170 85,	2078
2016/05/09 10:40:00.089	 85 170 7 57 170 85,	1849
2016/05/09 10:40:00.091	 85 170 7 139 170 85,	1931
2016/05/09 10:40:00.132	 85 170 7 214 170 85,	2006
2016/05/09 10:40:00.134	 85 170 7 39 170 85,	1831
2016/05/09 10:40:00.137	 85 170 7 74 170 85,	1866
2016/05/09 10:40:00.139	 85 170 7 222 170 85,	2014
2016/05/09 10:40:00.181	 85 170 8 144 170 85,	2192
2016/05/09 10:40:00.183	 85 170 8 227 170 85,	2275
2016/05/09 10:40:00.186	 85 170 8 72 170 85,	2120
2016/05/09 10:40:00.188	 85 170 8 170 170 85,	2218
2016/05/09 10:40:00.227	 85 170 8 196 170 85,	2244
2016/05/09 10:40:00.230	 85 170 8 29 170 85,	2077
2016/05/09 10:40:00.232	 85 170 7 247 170 85,	2039
2016/05/09 10:40:00.273	 85 170 7 249 170 85,	2041
2016/05/09 10:40:00.275	 85 170 7 236 170 85,	2028
2016/05/09 10:40:00.277	 85 170 7 188 170 85,	1980
2016/05/09 10:40:00.321	 85 170 8 94 170 85,	2142
2016/05/09 10:40:00.325	 85 170 8 149 170 85,	2197
2016/05/09 10:40:00.326	 85 170 8 77 170 85,	2125
2016/05/09 10:40:00.328	 85 170 8 26 170 85,	2074
2016/05/09 10:40:00.330	 85 170 8 55 170 85,	2103
2016/05/09 10:40:00.366	 85 170 8 148 170 85,	2196
2016/05/09 10:40:00.368	 85 170 7 238 170 85,	2030
2016/05/09 10:40:00.413	 85 170 8 64 170 85,	2112
2016/05/09 10:40:00.416	 85 170 8 161 170 85,	2209
2016/05/09 10:40:00.418	 85 170 8 252 170 85,	2300
2016/05/09 10:40:00.420	 85 170 8 128 170 85,	2176
2016/05/09 10:40:00.422	 85 170 8 101 170 85,	2149
2016/05/09 10:40:00.459	 85 170 8 230 170 85,	2278
2016/05/09 10:40:00.462	 85 170 8 212 170 85,	2260
2016/05/09 10:40:00.464	 85 170 8 173 170 85,	2221
2016/05/09 10:40:00.507	 85 170 8 134 170 85,	2182
2016/05/09 10:40:00.509	 85 170 8 210 170 85,	2258
2016/05/09 10:40:00.511	 85 170 8 135 170 85,	2183
2016/05/09 10:40:00.555	 85 170 9 42 170 85,	2346
2016/05/09 10:40:00.557	 85 170 9 123 170 85,	2427
2016/05/09 10:40:00.559	 85 170 9 10 170 85,	2314
2016/05/09 10:40:00.561	 85 170 8 187 170 85,	2235
2016/05/09 10:40:00.601	 85 170 8 235 170 85,	2283
2016/05/09 10:40:00.604	 85 170 8 76 170 85,	2124
2016/05/09 10:40:00.606	 85 170 8 144 170 85,	2192
2016/05/09 10:40:00.608	 85 170 8 99 170 85,	2147
2016/05/09 10:40:00.648	 85 170 6 135 170 85,	1671
2016/05/09 10:40:00.654	 85 170 1 148 170 85,	404
2016/05/09 10:40:00.656	 85 170 0 2 170 85,	2
2016/05/09 10:40:00.658	 85 170 0 2 170 85,	2
2016/05/09 10:40:00.694	 85 170 0 2 170 85,	2
2016/05/09 10:40:00.698	 85 170 0 2 170 85,	2
2016/05/09 10:40:00.700	 85 170 0 2 170 85,	2
2016/05/09 10:40:00.741	 85 170 0 2 170 85,	2
2016/05/09 10:40:00.744	 85 170 0 2 170 85,	2
2016/05/09 10:40:00.745	 85 170 1 213 170 85,	469
2016/05/09 10:40:00.748	 85 170 12 125 170 85,	3197
2016/05/09 10:40:00.787	 85 170 15 249 170 85,	4089
2016/05/09 10:40:00.790	 85 170 15 248 170 85,	4088
2016/05/09 10:40:00.793	 85 170 15 248 170 85,	4088
2016/05/09 10:40:00.795	 85 170 15 248 170 85,	4088
2016/05/09 10:40:00.834	 85 170 15 248 170 85,	4088
2016/05/09 10:40:00.838	 85 170 15 248 170 85,	4088
2016/05/09 10:40:00.840	 85 170 15 248 170 85,	4088
2016/05/09 10:40:00.881	 85 170 15 249 170 85,	4089
2016/05/09 10:40:00.884	 85 170 15 249 170 85,	4089
2016/05/09 10:40:00.886	 85 170 15 248 170 85,	4088
2016/05/09 10:40:00.889	 85 170 15 249 170 85,	4089
2016/05/09 10:40:00.929	 85 170 15 248 170 85,	4088
2016/05/09 10:40:00.934	 85 170 15 250 170 85,	4090
2016/05/09 10:40:00.936	 85 170 15 248 170 85,	4088
2016/05/09 10:40:00.939	 85 170 15 249 170 85,	4089
2016/05/09 10:40:00.977	 85 170 14 165 170 85,	3749
2016/05/09 10:40:00.983	 85 170 11 157 170 85,	2973
2016/05/09 10:40:00.985	 85 170 8 161 170 85,	2209
2016/05/09 10:40:00.987	 85 170 4 54 170 85,	1078
2016/05/09 10:40:01.022	 85 170 0 2 170 85,	2
2016/05/09 10:40:01.025	 85 170 0 2 170 85,	2
2016/05/09 10:40:01.070	 85 170 0 2 170 85,	2
2016/05/09 10:40:01.075	 85 170 0 2 170 85,	2
2016/05/09 10:40:01.078	 85 170 0 3 170 85,	3
2016/05/09 10:40:01.081	 85 170 0 2 170 85,	2
2016/05/09 10:40:01.086	 85 170 0 1 170 85,	1
2016/05/09 10:40:01.091	 85 170 0 2 170 85,	2
2016/05/09 10:40:01.117	 85 170 0 2 170 85,	2
2016/05/09 10:40:01.121	 85 170 0 1 170 85,	1
2016/05/09 10:40:01.163	 85 170 0 2 170 85,	2
2016/05/09 10:40:01.167	 85 170 0 1 170 85,	1
2016/05/09 10:40:01.169	 85 170 0 1 170 85,	1
2016/05/09 10:40:01.210	 85 170 0 2 170 85,	2
2016/05/09 10:40:01.212	 85 170 0 2 170 85,	2
2016/05/09 10:40:01.214	 85 170 0 2 170 85,	2
2016/05/09 10:40:01.216	 85 170 0 2 170 85,	2
2016/05/09 10:40:01.256	 85 170 0 1 170 85,	1
2016/05/09 10:40:01.260	 85 170 0 2 170 85,	2
2016/05/09 10:40:01.262	 85 170 0 3 170 85,	3
2016/05/09 10:40:01.264	 85 170 0 2 170 85,	2
2016/05/09 10:40:01.304	 85 170 0 54 170 85,	54
2016/05/09 10:40:01.310	 85 170 2 0 170 85,	512
2016/05/09 10:40:01.313	 85 170 3 164 170 85,	932
2016/05/09 10:40:01.315	 85 170 7 150 170 85,	1942
2016/05/09 10:40:01.317	 85 170 10 149 170 85,	2709
2016/05/09 10:40:01.352	 85 170 13 165 170 85,	3493
2016/05/09 10:40:01.356	 85 170 15 250 170 85,	4090
2016/05/09 10:40:01.398	 85 170 15 249 170 85,	4089
2016/05/09 10:40:01.401	 85 170 15 249 170 85,	4089
2016/05/09 10:40:01.403	 85 170 15 249 170 85,	4089
2016/05/09 10:40:01.405	 85 170 15 249 170 85,	4089
2016/05/09 10:40:01.444	 85 170 15 250 170 85,	4090
2016/05/09 10:40:01.447	 85 170 15 249 170 85,	4089
2016/05/09 10:40:01.448	 85 170 15 248 170 85,	4088
2016/05/09 10:40:01.451	 85 170 15 249 170 85,	4089
2016/05/09 10:40:01.492	 85 170 15 249 170 85,	4089
2016/05/09 10:40:01.494	 85 170 15 249 170 85,	4089
2016/05/09 10:40:01.496	 85 170 15 249 170 85,	4089
2016/05/09 10:40:01.540	 85 170 15 248 170 85,	4088
2016/05/09 10:40:01.542	 85 170 15 248 170 85,	4088
2016/05/09 10:40:01.545	 85 170 15 249 170 85,	4089
2016/05/09 10:40:01.547	 85 170 15 249 170 85,	4089
2016/05/09 10:40:01.585	 85 170 15 249 170 85,	4089
2016/05/09 10:40:01.590	 85 170 15 249 170 85,	4089
2016/05/09 10:40:01.594	 85 170 15 248 170 85,	4088
2016/05/09 10:40:01.597	 85 170 15 250 170 85,	4090
2016/05/09 10:40:01.632	 85 170 15 221 170 85,	4061
2016/05/09 10:40:01.638	 85 170 14 140 170 85,	3724
2016/05/09 10:40:01.641	 85 170 13 239 170 85,	3567
2016/05/09 10:40:01.642	 85 170 15 77 170 85,	3917
2016/05/09 10:40:01.680	 85 170 14 90 170 85,	3674
2016/05/09 10:40:01.683	 85 170 12 231 170 85,	3303
2016/05/09 10:40:01.685	 85 170 11 244 170 85,	3060
2016/05/09 10:40:01.726	 85 170 10 20 170 85,	2580
2016/05/09 10:40:01.728	 85 170 7 232 170 85,	2024
2016/05/09 10:40:01.731	 85 170 5 119 170 85,	1399
2016/05/09 10:40:01.733	 85 170 3 56 170 85,	824
2016/05/09 10:40:01.773	 85 170 0 154 170 85,	154
2016/05/09 10:40:01.775	 85 170 0 2 170 85,	2
2016/05/09 10:40:01.819	 85 170 0 2 170 85,	2
2016/05/09 10:40:01.822	 85 170 0 1 170 85,	1
2016/05/09 10:40:01.824	 85 170 0 2 170 85,	2
2016/05/09 10:40:01.826	 85 170 0 2 170 85,	2
2016/05/09 10:40:01.828	 85 170 0 2 170 85,	2
2016/05/09 10:40:01.866	 85 170 0 2 170 85,	2
2016/05/09 10:40:01.868	 85 170 0 2 170 85,	2
2016/05/09 10:40:01.871	 85 170 0 51 170 85,	51
2016/05/09 10:40:01.912	 85 170 1 20 170 85,	276
2016/05/09 10:40:01.915	 85 170 1 222 170 85,	478
2016/05/09 10:40:01.917	 85 170 2 234 170 85,	746
2016/05/09 10:40:01.919	 85 170 4 63 170 85,	1087
2016/05/09 10:40:01.960	 85 170 4 181 170 85,	1205
2016/05/09 10:40:01.964	 85 170 4 247 170 85,	1271
2016/05/09 10:40:01.966	 85 170 4 131 170 85,	1155
2016/05/09 10:40:02.007	 85 170 3 249 170 85,	1017
2016/05/09 10:40:02.009	 85 170 3 3 170 85,	771
2016/05/09 10:40:02.011	 85 170 1 15 170 85,	271
2016/05/09 10:40:02.013	 85 170 0 3 170 85,	3
2016/05/09 10:40:02.054	 85 170 0 2 170 85,	2
2016/05/09 10:40:02.057	 85 170 0 2 170 85,	2
2016/05/09 10:40:02.058	 85 170 0 1 170 85,	1
2016/05/09 10:40:02.060	 85 170 0 3 170 85,	3
2016/05/09 10:40:02.100	 85 170 0 2 170 85,	2
2016/05/09 10:40:02.103	 85 170 0 2 170 85,	2
2016/05/09 10:40:02.105	 85 170 0 1 170 85,	1
2016/05/09 10:40:02.107	 85 170 0 1 170 85,	1
2016/05/09 10:40:02.148	 85 170 0 2 170 85,	2
2016/05/09 10:40:02.151	 85 170 0 2 170 85,	2
2016/05/09 10:40:02.153	 85 170 0 2 170 85,	2
2016/05/09 10:40:02.195	 85 170 0 2 170 85,	2
2016/05/09 10:40:02.198	 85 170 0 2 170 85,	2
2016/05/09 10:40:02.201	 85 170 0 1 170 85,	1
2016/05/09 10:40:02.202	 85 170 0 2 170 85,	2
2016/05/09 10:40:02.240	 85 170 0 2 170 85,	2
2016/05/09 10:40:02.243	 85 170 0 2 170 85,	2
2016/05/09 10:40:02.245	 85 170 0 2 170 85,	2
2016/05/09 10:40:02.247	 85 170 0 2 170 85,	2
2016/05/09 10:40:02.290	 85 170 0 2 170 85,	2
2016/05/09 10:40:02.294	 85 170 0 2 170 85,	2
2016/05/09 10:40:02.296	 85 170 0 3 170 85,	3
2016/05/09 10:40:02.335	 85 170 0 179 170 85,	179
2016/05/09 10:40:02.338	 85 170 5 251 170 85,	1531
2016/05/09 10:40:02.341	 85 170 14 100 170 85,	3684
2016/05/09 10:40:02.343	 85 170 15 249 170 85,	4089
2016/05/09 10:40:02.382	 85 170 15 248 170 85,	4088
2016/05/09 10:40:02.385	 85 170 15 248 170 85,	4088
2016/05/09 10:40:02.387	 85 170 15 249 170 85,	4089
2016/05/09 10:40:02.389	 85 170 15 248 170 85,	4088
2016/05/09 10:40:02.430	 85 170 15 249 170 85,	4089
2016/05/09 10:40:02.435	 85 170 15 248 170 85,	4088
2016/05/09 10:40:02.437	 85 170 15 248 170 85,	4088
2016/05/09 10:40:02.439	 85 170 15 249 170 85,	4089
2016/05/09 10:40:02.475	 85 170 15 248 170 85,	4088
2016/05/09 10:40:02.478	 85 170 15 249 170 85,	4089
2016/05/09 10:40:02.524	 85 170 15 249 170 85,	4089
2016/05/09 10:40:02.526	 85 170 15 249 170 85,	4089
2016/05/09 10:40:02.528	 85 170 15 249 170 85,	4089
2016/05/09 10:40:02.530	 85 170 15 250 170 85,	4090
2016/05/09 10:40:02.532	 85 170 15 250 170 85,	4090
2016/05/09 10:40:02.571	 85 170 15 248 170 85,	4088
2016/05/09 10:40:02.573	 85 170 15 248 170 85,	4088
2016/05/09 10:40:02.575	 85 170 15 250 170 85,	4090
2016/05/09 10:40:02.616	 85 170 15 249 170 85,	4089
2016/05/09 10:40:02.622	 85 170 15 79 170 85,	3919
2016/05/09 10:40:02.624	 85 170 11 47 170 85,	2863
2016/05/09 10:40:02.626	 85 170 5 208 170 85,	1488
2016/05/09 10:40:02.627	 85 170 0 3 170 85,	3
2016/05/09 10:40:02.664	 85 170 0 2 170 85,	2
2016/05/09 10:40:02.668	 85 170 0 3 170 85,	3
2016/05/09 10:40:02.710	 85 170 0 2 170 85,	2
2016/05/09 10:40:02.712	 85 170 0 2 170 85,	2
2016/05/09 10:40:02.714	 85 170 0 3 170 85,	3
2016/05/09 10:40:02.716	 85 170 0 3 170 85,	3
2016/05/09 10:40:02.757	 85 170 0 3 170 85,	3
2016/05/09 10:40:02.760	 85 170 0 2 170 85,	2
2016/05/09 10:40:02.762	 85 170 0 2 170 85,	2
2016/05/09 10:40:02.805	 85 170 0 2 170 85,	2
2016/05/09 10:40:02.808	 85 170 0 1 170 85,	1
2016/05/09 10:40:02.810	 85 170 0 2 170 85,	2
2016/05/09 10:40:02.811	 85 170 0 1 170 85,	1
2016/05/09 10:40:02.850	 85 170 0 2 170 85,	2
2016/05/09 10:40:02.852	 85 170 0 2 170 85,	2
2016/05/09 10:40:02.855	 85 170 0 2 170 85,	2
2016/05/09 10:40:02.857	 85 170 0 2 170 85,	2
2016/05/09 10:40:02.900	 85 170 0 42 170 85,	42
2016/05/09 10:40:02.902	 85 170 2 158 170 85,	670
2016/05/09 10:40:02.903	 85 170 7 24 170 85,	1816
2016/05/09 10:40:02.906	 85 170 15 31 170 85,	3871
2016/05/09 10:40:02.946	 85 170 15 248 170 85,	4088
2016/05/09 10:40:02.951	 85 170 15 248 170 85,	4088
2016/05/09 10:40:02.953	 85 170 15 248 170 85,	4088
2016/05/09 10:40:02.993	 85 170 15 248 170 85,	4088
2016/05/09 10:40:02.995	 85 170 15 248 170 85,	4088
2016/05/09 10:40:02.997	 85 170 15 249 170 85,	4089
2016/05/09 10:40:02.998	 85 170 15 248 170 85,	4088
2016/05/09 10:40:03.039	 85 170 15 248 170 85,	4088
2016/05/09 10:40:03.041	 85 170 15 249 170 85,	4089
2016/05/09 10:40:03.043	 85 170 15 250 170 85,	4090
2016/05/09 10:40:03.045	 85 170 15 249 170 85,	4089
2016/05/09 10:40:03.085	 85 170 15 248 170 85,	4088
2016/05/09 10:40:03.089	 85 170 15 249 170 85,	4089
2016/05/09 10:40:03.091	 85 170 15 249 170 85,	4089
2016/05/09 10:40:03.093	 85 170 15 249 170 85,	4089
2016/05/09 10:40:03.132	 85 170 15 250 170 85,	4090
2016/05/09 10:40:03.135	 85 170 15 249 170 85,	4089
2016/05/09 10:40:03.179	 85 170 15 249 170 85,	4089
2016/05/09 10:40:03.181	 85 170 15 249 170 85,	4089
2016/05/09 10:40:03.184	 85 170 15 249 170 85,	4089
2016/05/09 10:40:03.185	 85 170 15 250 170 85,	4090
2016/05/09 10:40:03.187	 85 170 15 250 170 85,	4090
2016/05/09 10:40:03.226	 85 170 15 248 170 85,	4088
2016/05/09 10:40:03.230	 85 170 15 250 170 85,	4090
2016/05/09 10:40:03.232	 85 170 15 249 170 85,	4089
2016/05/09 10:40:03.234	 85 170 13 36 170 85,	3364
2016/05/09 10:40:03.273	 85 170 8 68 170 85,	2116
2016/05/09 10:40:03.278	 85 170 1 233 170 85,	489
2016/05/09 10:40:03.281	 85 170 0 2 170 85,	2
2016/05/09 10:40:03.321	 85 170 0 2 170 85,	2
2016/05/09 10:40:03.324	 85 170 0 2 170 85,	2
2016/05/09 10:40:03.326	 85 170 0 115 170 85,	115
2016/05/09 10:40:03.367	 85 170 4 247 170 85,	1271
2016/05/09 10:40:03.369	 85 170 10 145 170 85,	2705
2016/05/09 10:40:03.372	 85 170 14 143 170 85,	3727
2016/05/09 10:40:03.374	 85 170 15 248 170 85,	4088
2016/05/09 10:40:03.414	 85 170 15 249 170 85,	4089
2016/05/09 10:40:03.417	 85 170 15 249 170 85,	4089
2016/05/09 10:40:03.419	 85 170 15 250 170 85,	4090
2016/05/09 10:40:03.460	 85 170 15 249 170 85,	4089
2016/05/09 10:40:03.462	 85 170 15 249 170 85,	4089
2016/05/09 10:40:03.464	 85 170 15 249 170 85,	4089
2016/05/09 10:40:03.465	 85 170 15 249 170 85,	4089
2016/05/09 10:40:03.507	 85 170 15 248 170 85,	4088
2016/05/09 10:40:03.508	 85 170 15 249 170 85,	4089
2016/05/09 10:40:03.511	 85 170 15 247 170 85,	4087
2016/05/09 10:40:03.513	 85 170 15 248 170 85,	4088
2016/05/09 10:40:03.555	 85 170 15 249 170 85,	4089
2016/05/09 10:40:03.557	 85 170 15 252 170 85,	4092
2016/05/09 10:40:03.560	 85 170 9 178 170 85,	2482
2016/05/09 10:40:03.561	 85 170 5 137 170 85,	1417
2016/05/09 10:40:03.601	 85 170 2 227 170 85,	739
2016/05/09 10:40:03.606	 85 170 4 90 170 85,	1114
2016/05/09 10:40:03.608	 85 170 6 130 170 85,	1666
2016/05/09 10:40:03.651	 85 170 7 143 170 85,	1935
2016/05/09 10:40:03.653	 85 170 6 211 170 85,	1747
2016/05/09 10:40:03.655	 85 170 4 173 170 85,	1197
2016/05/09 10:40:03.657	 85 170 3 89 170 85,	857
2016/05/09 10:40:03.696	 85 170 9 228 170 85,	2532
2016/05/09 10:40:03.699	 85 170 15 189 170 85,	4029
2016/05/09 10:40:03.701	 85 170 15 248 170 85,	4088
2016/05/09 10:40:03.703	 85 170 15 250 170 85,	4090
2016/05/09 10:40:03.741	 85 170 11 58 170 85,	2874
2016/05/09 10:40:03.743	 85 170 0 6 170 85,	6
2016/05/09 10:40:03.745	 85 170 0 8 170 85,	8
2016/05/09 10:40:03.747	 85 170 0 9 170 85,	9
2016/05/09 10:40:03.788	 85 170 0 6 170 85,	6
2016/05/09 10:40:03.792	 85 170 9 114 170 85,	2418
2016/05/09 10:40:03.793	 85 170 15 250 170 85,	4090
2016/05/09 10:40:03.834	 85 170 15 248 170 85,	4088
2016/05/09 10:40:03.837	 85 170 15 249 170 85,	4089
2016/05/09 10:40:03.840	 85 170 15 249 170 85,	4089
2016/05/09 10:40:03.843	 85 170 15 250 170 85,	4090
2016/05/09 10:40:03.882	 85 170 15 250 170 85,	4090
2016/05/09 10:40:03.885	 85 170 7 213 170 85,	2005
2016/05/09 10:40:03.931	 85 170 0 14 170 85,	14
2016/05/09 10:40:03.937	 85 170 0 5 170 85,	5
2016/05/09 10:40:03.939	 85 170 0 4 170 85,	4
2016/05/09 10:40:03.941	 85 170 0 5 170 85,	5
2016/05/09 10:40:03.943	 85 170 0 4 170 85,	4
2016/05/09 10:40:03.975	 85 170 0 0 170 85,	0
2016/05/09 10:40:03.978	 85 170 2 28 170 85,	540
2016/05/09 10:40:03.980	 85 170 15 242 170 85,	4082
2016/05/09 10:40:04.022	 85 170 15 246 170 85,	4086
2016/05/09 10:40:04.025	 85 170 15 247 170 85,	4087
2016/05/09 10:40:04.027	 85 170 15 247 170 85,	4087
2016/05/09 10:40:04.029	 85 170 15 247 170 85,	4087
2016/05/09 10:40:04.070	 85 170 15 248 170 85,	4088
2016/05/09 10:40:04.074	 85 170 15 248 170 85,	4088
2016/05/09 10:40:04.078	 85 170 15 250 170 85,	4090
2016/05/09 10:40:04.082	 85 170 15 250 170 85,	4090
2016/05/09 10:40:04.086	 85 170 15 249 170 85,	4089
2016/05/09 10:40:04.117	 85 170 15 249 170 85,	4089
2016/05/09 10:40:04.121	 85 170 15 159 170 85,	3999
2016/05/09 10:40:04.164	 85 170 10 51 170 85,	2611
2016/05/09 10:40:04.168	 85 170 0 172 170 85,	172
2016/05/09 10:40:04.170	 85 170 0 6 170 85,	6
2016/05/09 10:40:04.171	 85 170 0 3 170 85,	3
2016/05/09 10:40:04.209	 85 170 0 5 170 85,	5
2016/05/09 10:40:04.211	 85 170 0 7 170 85,	7
2016/05/09 10:40:04.213	 85 170 0 5 170 85,	5
2016/05/09 10:40:04.215	 85 170 0 5 170 85,	5
2016/05/09 10:40:04.257	 85 170 0 0 170 85,	0
2016/05/09 10:40:04.262	 85 170 0 4 170 85,	4
2016/05/09 10:40:04.264	 85 170 0 10 170 85,	10
2016/05/09 10:40:04.304	 85 170 6 223 170 85,	1759
2016/05/09 10:40:04.308	 85 170 15 244 170 85,	4084
2016/05/09 10:40:04.310	 85 170 15 246 170 85,	4086
2016/05/09 10:40:04.312	 85 170 15 246 170 85,	4086
2016/05/09 10:40:04.351	 85 170 15 245 170 85,	4085
2016/05/09 10:40:04.353	 85 170 15 245 170 85,	4085
2016/05/09 10:40:04.355	 85 170 15 245 170 85,	4085
2016/05/09 10:40:04.356	 85 170 15 248 170 85,	4088
2016/05/09 10:40:04.397	 85 170 15 247 170 85,	4087
2016/05/09 10:40:04.400	 85 170 15 247 170 85,	4087
2016/05/09 10:40:04.403	 85 170 15 247 170 85,	4087
2016/05/09 10:40:04.444	 85 170 15 248 170 85,	4088
2016/05/09 10:40:04.446	 85 170 15 248 170 85,	4088
2016/05/09 10:40:04.448	 85 170 15 249 170 85,	4089
2016/05/09 10:40:04.450	 85 170 15 249 170 85,	4089
2016/05/09 10:40:04.492	 85 170 15 249 170 85,	4089
2016/05/09 10:40:04.494	 85 170 15 249 170 85,	4089
2016/05/09 10:40:04.496	 85 170 15 250 170 85,	4090
2016/05/09 10:40:04.499	 85 170 15 249 170 85,	4089
2016/05/09 10:40:04.539	 85 170 14 160 170 85,	3744
2016/05/09 10:40:04.543	 85 170 9 92 170 85,	2396
2016/05/09 10:40:04.545	 85 170 2 217 170 85,	729
2016/05/09 10:40:04.547	 85 170 0 3 170 85,	3
2016/05/09 10:40:04.586	 85 170 0 3 170 85,	3
2016/05/09 10:40:04.593	 85 170 0 2 170 85,	2
2016/05/09 10:40:04.597	 85 170 0 3 170 85,	3
2016/05/09 10:40:04.632	 85 170 0 3 170 85,	3
2016/05/09 10:40:04.635	 85 170 0 3 170 85,	3
2016/05/09 10:40:04.637	 85 170 0 3 170 85,	3
2016/05/09 10:40:04.680	 85 170 0 3 170 85,	3
2016/05/09 10:40:04.682	 85 170 0 3 170 85,	3
2016/05/09 10:40:04.684	 85 170 0 3 170 85,	3
2016/05/09 10:40:04.686	 85 170 0 3 170 85,	3
2016/05/09 10:40:04.688	 85 170 0 3 170 85,	3
2016/05/09 10:40:04.726	 85 170 0 3 170 85,	3
2016/05/09 10:40:04.729	 85 170 0 3 170 85,	3
2016/05/09 10:40:04.774	 85 170 0 3 170 85,	3
2016/05/09 10:40:04.778	 85 170 0 2 170 85,	2
2016/05/09 10:40:04.780	 85 170 0 3 170 85,	3
2016/05/09 10:40:04.782	 85 170 0 3 170 85,	3
2016/05/09 10:40:04.784	 85 170 0 3 170 85,	3
2016/05/09 10:40:04.819	 85 170 0 3 170 85,	3
2016/05/09 10:40:04.823	 85 170 0 3 170 85,	3
2016/05/09 10:40:04.826	 85 170 0 3 170 85,	3
2016/05/09 10:40:04.866	 85 170 0 3 170 85,	3
2016/05/09 10:40:04.868	 85 170 0 3 170 85,	3
2016/05/09 10:40:04.872	 85 170 0 4 170 85,	4
2016/05/09 10:40:04.915	 85 170 0 4 170 85,	4
2016/05/09 10:40:04.920	 85 170 0 4 170 85,	4
2016/05/09 10:40:04.922	 85 170 0 4 170 85,	4
2016/05/09 10:40:04.924	 85 170 0 8 170 85,	8
2016/05/09 10:40:04.960	 85 170 0 5 170 85,	5
2016/05/09 10:40:04.963	 85 170 0 4 170 85,	4
2016/05/09 10:40:04.964	 85 170 0 0 170 85,	0
2016/05/09 10:40:04.966	 85 170 15 245 170 85,	4085
2016/05/09 10:40:05.006	 85 170 15 247 170 85,	4087
2016/05/09 10:40:05.008	 85 170 15 247 170 85,	4087
2016/05/09 10:40:05.011	 85 170 15 247 170 85,	4087
2016/05/09 10:40:05.013	 85 170 15 246 170 85,	4086
2016/05/09 10:40:05.055	 85 170 15 247 170 85,	4087
2016/05/09 10:40:05.058	 85 170 15 247 170 85,	4087
2016/05/09 10:40:05.060	 85 170 15 247 170 85,	4087
2016/05/09 10:40:05.101	 85 170 15 247 170 85,	4087
2016/05/09 10:40:05.104	 85 170 15 247 170 85,	4087
2016/05/09 10:40:05.106	 85 170 15 248 170 85,	4088
2016/05/09 10:40:05.108	 85 170 15 248 170 85,	4088
2016/05/09 10:40:05.149	 85 170 15 248 170 85,	4088
2016/05/09 10:40:05.152	 85 170 15 248 170 85,	4088
2016/05/09 10:40:05.156	 85 170 15 248 170 85,	4088
2016/05/09 10:40:05.159	 85 170 15 248 170 85,	4088
2016/05/09 10:40:05.194	 85 170 15 249 170 85,	4089
2016/05/09 10:40:05.197	 85 170 15 249 170 85,	4089
2016/05/09 10:40:05.242	 85 170 15 249 170 85,	4089
2016/05/09 10:40:05.247	 85 170 15 250 170 85,	4090
2016/05/09 10:40:05.249	 85 170 15 249 170 85,	4089
2016/05/09 10:40:05.251	 85 170 15 250 170 85,	4090
2016/05/09 10:40:05.253	 85 170 15 250 170 85,	4090
2016/05/09 10:40:05.288	 85 170 15 250 170 85,	4090
2016/05/09 10:40:05.294	 85 170 14 137 170 85,	3721
2016/05/09 10:40:05.296	 85 170 10 47 170 85,	2607
2016/05/09 10:40:05.298	 85 170 7 18 170 85,	1810
2016/05/09 10:40:05.335	 85 170 3 27 170 85,	795
2016/05/09 10:40:05.337	 85 170 0 3 170 85,	3
2016/05/09 10:40:05.339	 85 170 0 3 170 85,	3
2016/05/09 10:40:05.381	 85 170 0 2 170 85,	2
2016/05/09 10:40:05.384	 85 170 0 2 170 85,	2
2016/05/09 10:40:05.386	 85 170 0 2 170 85,	2
2016/05/09 10:40:05.430	 85 170 0 2 170 85,	2
2016/05/09 10:40:05.436	 85 170 0 2 170 85,	2
2016/05/09 10:40:05.438	 85 170 0 3 170 85,	3
2016/05/09 10:40:05.440	 85 170 0 2 170 85,	2
2016/05/09 10:40:05.441	 85 170 0 2 170 85,	2
2016/05/09 10:40:05.476	 85 170 0 3 170 85,	3
2016/05/09 10:40:05.478	 85 170 0 3 170 85,	3
2016/05/09 10:40:05.480	 85 170 0 2 170 85,	2
2016/05/09 10:40:05.522	 85 170 0 2 170 85,	2
2016/05/09 10:40:05.525	 85 170 0 2 170 85,	2
2016/05/09 10:40:05.528	 85 170 0 3 170 85,	3
2016/05/09 10:40:05.571	 85 170 0 2 170 85,	2
2016/05/09 10:40:05.577	 85 170 0 2 170 85,	2
2016/05/09 10:40:05.578	 85 170 0 3 170 85,	3
2016/05/09 10:40:05.580	 85 170 0 2 170 85,	2
2016/05/09 10:40:05.617	 85 170 0 2 170 85,	2
2016/05/09 10:40:05.621	 85 170 0 2 170 85,	2
2016/05/09 10:40:05.622	 85 170 0 2 170 85,	2
2016/05/09 10:40:05.625	 85 170 0 2 170 85,	2
2016/05/09 10:40:05.663	 85 170 0 1 170 85,	1
2016/05/09 10:40:05.666	 85 170 0 1 170 85,	1
2016/05/09 10:40:05.668	 85 170 0 1 170 85,	1
2016/05/09 10:40:05.670	 85 170 1 183 170 85,	439
2016/05/09 10:40:05.709	 85 170 6 169 170 85,	1705
2016/05/09 10:40:05.713	 85 170 15 244 170 85,	4084
2016/05/09 10:40:05.715	 85 170 15 250 170 85,	4090
2016/05/09 10:40:05.757	 85 170 15 249 170 85,	4089
2016/05/09 10:40:05.761	 85 170 15 249 170 85,	4089
2016/05/09 10:40:05.763	 85 170 15 248 170 85,	4088
2016/05/09 10:40:05.765	 85 170 15 248 170 85,	4088
2016/05/09 10:40:05.804	 85 170 15 249 170 85,	4089
2016/05/09 10:40:05.806	 85 170 15 249 170 85,	4089
2016/05/09 10:40:05.808	 85 170 15 248 170 85,	4088
2016/05/09 10:40:05.810	 85 170 15 248 170 85,	4088
2016/05/09 10:40:05.851	 85 170 15 248 170 85,	4088
2016/05/09 10:40:05.854	 85 170 15 248 170 85,	4088
2016/05/09 10:40:05.856	 85 170 15 248 170 85,	4088
2016/05/09 10:40:05.858	 85 170 15 248 170 85,	4088
2016/05/09 10:40:05.898	 85 170 15 248 170 85,	4088
2016/05/09 10:40:05.903	 85 170 15 249 170 85,	4089
2016/05/09 10:40:05.905	 85 170 15 248 170 85,	4088
2016/05/09 10:40:05.944	 85 170 15 249 170 85,	4089
2016/05/09 10:40:05.947	 85 170 15 249 170 85,	4089
2016/05/09 10:40:05.948	 85 170 15 249 170 85,	4089
2016/05/09 10:40:05.950	 85 170 15 249 170 85,	4089
2016/05/09 10:40:05.992	 85 170 15 249 170 85,	4089
2016/05/09 10:40:05.994	 85 170 15 250 170 85,	4090
2016/05/09 10:40:06.039	 85 170 15 249 170 85,	4089
2016/05/09 10:40:06.042	 85 170 15 249 170 85,	4089
2016/05/09 10:40:06.045	 85 170 15 249 170 85,	4089
2016/05/09 10:40:06.047	 85 170 15 250 170 85,	4090
2016/05/09 10:40:06.049	 85 170 15 249 170 85,	4089
2016/05/09 10:40:06.085	 85 170 15 250 170 85,	4090
2016/05/09 10:40:06.088	 85 170 15 249 170 85,	4089
2016/05/09 10:40:06.091	 85 170 13 160 170 85,	3488
2016/05/09 10:40:06.132	 85 170 12 69 170 85,	3141
2016/05/09 10:40:06.134	 85 170 10 38 170 85,	2598
2016/05/09 10:40:06.137	 85 170 9 101 170 85,	2405
2016/05/09 10:40:06.138	 85 170 8 66 170 85,	2114
2016/05/09 10:40:06.179	 85 170 6 209 170 85,	1745
2016/05/09 10:40:06.181	 85 170 4 240 170 85,	1264
2016/05/09 10:40:06.183	 85 170 3 18 170 85,	786
2016/05/09 10:40:06.226	 85 170 1 212 170 85,	468
2016/05/09 10:40:06.232	 85 170 0 3 170 85,	3
2016/05/09 10:40:06.233	 85 170 0 1 170 85,	1
2016/05/09 10:40:06.235	 85 170 0 2 170 85,	2
2016/05/09 10:40:06.273	 85 170 0 2 170 85,	2
2016/05/09 10:40:06.276	 85 170 0 2 170 85,	2
2016/05/09 10:40:06.278	 85 170 0 3 170 85,	3
2016/05/09 10:40:06.280	 85 170 0 1 170 85,	1
2016/05/09 10:40:06.320	 85 170 0 2 170 85,	2
2016/05/09 10:40:06.323	 85 170 0 2 170 85,	2
2016/05/09 10:40:06.325	 85 170 0 2 170 85,	2
2016/05/09 10:40:06.327	 85 170 0 2 170 85,	2
2016/05/09 10:40:06.366	 85 170 0 2 170 85,	2
2016/05/09 10:40:06.368	 85 170 0 2 170 85,	2
2016/05/09 10:40:06.371	 85 170 0 2 170 85,	2
2016/05/09 10:40:06.414	 85 170 0 1 170 85,	1
2016/05/09 10:40:06.417	 85 170 0 2 170 85,	2
2016/05/09 10:40:06.419	 85 170 0 2 170 85,	2
2016/05/09 10:40:06.421	 85 170 0 2 170 85,	2
2016/05/09 10:40:06.460	 85 170 0 2 170 85,	2
2016/05/09 10:40:06.462	 85 170 0 2 170 85,	2
2016/05/09 10:40:06.464	 85 170 0 1 170 85,	1
2016/05/09 10:40:06.466	 85 170 0 2 170 85,	2
2016/05/09 10:40:06.506	 85 170 0 1 170 85,	1
2016/05/09 10:40:06.510	 85 170 0 39 170 85,	39
2016/05/09 10:40:06.512	 85 170 0 73 170 85,	73
2016/05/09 10:40:06.554	 85 170 0 80 170 85,	80
2016/05/09 10:40:06.560	 85 170 1 102 170 85,	358
2016/05/09 10:40:06.562	 85 170 0 210 170 85,	210
2016/05/09 10:40:06.563	 85 170 1 80 170 85,	336
2016/05/09 10:40:06.601	 85 170 1 231 170 85,	487
2016/05/09 10:40:06.604	 85 170 1 189 170 85,	445
2016/05/09 10:40:06.606	 85 170 1 99 170 85,	355
2016/05/09 10:40:06.608	 85 170 3 184 170 85,	952
2016/05/09 10:40:06.649	 85 170 3 59 170 85,	827
2016/05/09 10:40:06.652	 85 170 4 198 170 85,	1222
2016/05/09 10:40:06.654	 85 170 5 55 170 85,	1335
2016/05/09 10:40:06.656	 85 170 5 208 170 85,	1488
2016/05/09 10:40:06.696	 85 170 6 94 170 85,	1630
2016/05/09 10:40:06.699	 85 170 6 246 170 85,	1782
2016/05/09 10:40:06.701	 85 170 7 131 170 85,	1923
2016/05/09 10:40:06.743	 85 170 10 247 170 85,	2807
2016/05/09 10:40:06.771	 85 170 15 248 170 85,	4088
2016/05/09 10:40:06.773	 85 170 15 204 170 85,	4044
2016/05/09 10:40:06.779	 85 170 15 250 170 85,	4090
2016/05/09 10:40:06.781	 85 170 15 249 170 85,	4089
2016/05/09 10:40:06.783	 85 170 15 247 170 85,	4087
2016/05/09 10:40:06.785	 85 170 15 249 170 85,	4089
2016/05/09 10:40:06.835	 85 170 15 190 170 85,	4030
2016/05/09 10:40:06.838	 85 170 13 100 170 85,	3428
2016/05/09 10:40:06.840	 85 170 13 26 170 85,	3354
2016/05/09 10:40:06.842	 85 170 15 248 170 85,	4088
2016/05/09 10:40:06.882	 85 170 15 249 170 85,	4089
2016/05/09 10:40:06.887	 85 170 15 218 170 85,	4058
2016/05/09 10:40:06.889	 85 170 13 67 170 85,	3395
2016/05/09 10:40:06.929	 85 170 12 72 170 85,	3144
2016/05/09 10:40:06.934	 85 170 13 32 170 85,	3360
2016/05/09 10:40:06.936	 85 170 15 224 170 85,	4064
2016/05/09 10:40:06.938	 85 170 15 211 170 85,	4051
2016/05/09 10:40:06.977	 85 170 14 12 170 85,	3596
2016/05/09 10:40:06.980	 85 170 13 1 170 85,	3329
2016/05/09 10:40:06.982	 85 170 11 103 170 85,	2919
2016/05/09 10:40:06.984	 85 170 11 62 170 85,	2878
2016/05/09 10:40:07.022	 85 170 11 6 170 85,	2822
2016/05/09 10:40:07.025	 85 170 10 80 170 85,	2640
2016/05/09 10:40:07.027	 85 170 9 67 170 85,	2371
2016/05/09 10:40:07.028	 85 170 9 10 170 85,	2314
2016/05/09 10:40:07.071	 85 170 9 22 170 85,	2326
2016/05/09 10:40:07.075	 85 170 8 86 170 85,	2134
2016/05/09 10:40:07.079	 85 170 7 240 170 85,	2032
2016/05/09 10:40:07.118	 85 170 7 226 170 85,	2018
2016/05/09 10:40:07.122	 85 170 8 127 170 85,	2175
2016/05/09 10:40:07.124	 85 170 7 75 170 85,	1867
2016/05/09 10:40:07.126	 85 170 7 12 170 85,	1804
2016/05/09 10:40:07.163	 85 170 6 167 170 85,	1703
2016/05/09 10:40:07.166	 85 170 7 112 170 85,	1904
2016/05/09 10:40:07.168	 85 170 7 53 170 85,	1845
2016/05/09 10:40:07.170	 85 170 8 66 170 85,	2114
2016/05/09 10:40:07.210	 85 170 9 27 170 85,	2331
2016/05/09 10:40:07.214	 85 170 2 17 170 85,	529
2016/05/09 10:40:07.256	 85 170 0 4 170 85,	4
2016/05/09 10:40:07.260	 85 170 0 3 170 85,	3
2016/05/09 10:40:07.262	 85 170 0 1 170 85,	1
2016/05/09 10:40:07.263	 85 170 0 2 170 85,	2
2016/05/09 10:40:07.304	 85 170 0 2 170 85,	2
2016/05/09 10:40:07.308	 85 170 0 1 170 85,	1
2016/05/09 10:40:07.311	 85 170 0 1 170 85,	1
2016/05/09 10:40:07.313	 85 170 0 1 170 85,	1
2016/05/09 10:40:07.315	 85 170 0 1 170 85,	1
2016/05/09 10:40:07.352	 85 170 0 0 170 85,	0
2016/05/09 10:40:07.355	 85 170 0 0 170 85,	0
2016/05/09 10:40:07.398	 85 170 0 1 170 85,	1
2016/05/09 10:40:07.401	 85 170 0 0 170 85,	0
2016/05/09 10:40:07.402	 85 170 0 1 170 85,	1
2016/05/09 10:40:07.405	 85 170 2 79 170 85,	591
2016/05/09 10:40:07.444	 85 170 7 98 170 85,	1890
2016/05/09 10:40:07.447	 85 170 14 219 170 85,	3803
2016/05/09 10:40:07.449	 85 170 15 248 170 85,	4088
2016/05/09 10:40:07.451	 85 170 15 248 170 85,	4088
2016/05/09 10:40:07.492	 85 170 15 249 170 85,	4089
2016/05/09 10:40:07.495	 85 170 15 249 170 85,	4089
2016/05/09 10:40:07.497	 85 170 15 248 170 85,	4088
2016/05/09 10:40:07.498	 85 170 15 249 170 85,	4089
2016/05/09 10:40:07.538	 85 170 15 248 170 85,	4088
2016/05/09 10:40:07.544	 85 170 15 249 170 85,	4089
2016/05/09 10:40:07.546	 85 170 15 249 170 85,	4089
2016/05/09 10:40:07.586	 85 170 15 249 170 85,	4089
2016/05/09 10:40:07.591	 85 170 15 248 170 85,	4088
2016/05/09 10:40:07.594	 85 170 15 248 170 85,	4088
2016/05/09 10:40:07.598	 85 170 15 248 170 85,	4088
2016/05/09 10:40:07.631	 85 170 15 249 170 85,	4089
2016/05/09 10:40:07.634	 85 170 15 248 170 85,	4088
2016/05/09 10:40:07.637	 85 170 15 249 170 85,	4089
2016/05/09 10:40:07.639	 85 170 15 249 170 85,	4089
2016/05/09 10:40:07.680	 85 170 15 249 170 85,	4089
2016/05/09 10:40:07.683	 85 170 15 248 170 85,	4088
2016/05/09 10:40:07.685	 85 170 15 248 170 85,	4088
2016/05/09 10:40:07.688	 85 170 15 249 170 85,	4089
2016/05/09 10:40:07.727	 85 170 15 249 170 85,	4089
2016/05/09 10:40:07.730	 85 170 15 249 170 85,	4089
2016/05/09 10:40:07.731	 85 170 15 249 170 85,	4089
2016/05/09 10:40:07.774	 85 170 15 249 170 85,	4089
2016/05/09 10:40:07.778	 85 170 15 249 170 85,	4089
2016/05/09 10:40:07.780	 85 170 15 249 170 85,	4089
2016/05/09 10:40:07.782	 85 170 15 249 170 85,	4089
2016/05/09 10:40:07.820	 85 170 15 248 170 85,	4088
2016/05/09 10:40:07.824	 85 170 15 249 170 85,	4089
2016/05/09 10:40:07.826	 85 170 15 249 170 85,	4089
2016/05/09 10:40:07.828	 85 170 15 249 170 85,	4089
2016/05/09 10:40:07.867	 85 170 15 249 170 85,	4089
2016/05/09 10:40:07.872	 85 170 15 250 170 85,	4090
2016/05/09 10:40:07.874	 85 170 15 249 170 85,	4089
2016/05/09 10:40:07.913	 85 170 15 250 170 85,	4090
2016/05/09 10:40:07.916	 85 170 15 250 170 85,	4090
2016/05/09 10:40:07.918	 85 170 15 143 170 85,	3983
2016/05/09 10:40:07.960	 85 170 13 155 170 85,	3483
2016/05/09 10:40:07.963	 85 170 10 234 170 85,	2794
2016/05/09 10:40:07.965	 85 170 7 243 170 85,	2035
2016/05/09 10:40:07.967	 85 170 4 152 170 85,	1176
2016/05/09 10:40:07.968	 85 170 0 143 170 85,	143
2016/05/09 10:40:08.006	 85 170 0 0 170 85,	0
2016/05/09 10:40:08.009	 85 170 0 1 170 85,	1
2016/05/09 10:40:08.055	 85 170 0 1 170 85,	1
2016/05/09 10:40:08.057	 85 170 0 0 170 85,	0
2016/05/09 10:40:08.059	 85 170 0 2 170 85,	2
2016/05/09 10:40:08.061	 85 170 0 1 170 85,	1
2016/05/09 10:40:08.102	 85 170 0 1 170 85,	1
2016/05/09 10:40:08.105	 85 170 0 1 170 85,	1
2016/05/09 10:40:08.107	 85 170 0 1 170 85,	1
2016/05/09 10:40:08.109	 85 170 0 1 170 85,	1
2016/05/09 10:40:08.112	 85 170 0 1 170 85,	1
2016/05/09 10:40:08.147	 85 170 0 1 170 85,	1
2016/05/09 10:40:08.150	 85 170 0 0 170 85,	0
2016/05/09 10:40:08.152	 85 170 0 0 170 85,	0
2016/05/09 10:40:08.195	 85 170 0 0 170 85,	0
2016/05/09 10:40:08.199	 85 170 0 1 170 85,	1
2016/05/09 10:40:08.201	 85 170 0 1 170 85,	1
2016/05/09 10:40:08.241	 85 170 0 1 170 85,	1
2016/05/09 10:40:08.244	 85 170 0 1 170 85,	1
2016/05/09 10:40:08.246	 85 170 0 0 170 85,	0
2016/05/09 10:40:08.248	 85 170 0 1 170 85,	1
2016/05/09 10:40:08.289	 85 170 0 81 170 85,	81
2016/05/09 10:40:08.292	 85 170 1 196 170 85,	452
2016/05/09 10:40:08.294	 85 170 3 203 170 85,	971
2016/05/09 10:40:08.297	 85 170 6 22 170 85,	1558
2016/05/09 10:40:08.336	 85 170 8 127 170 85,	2175
2016/05/09 10:40:08.339	 85 170 11 8 170 85,	2824
2016/05/09 10:40:08.341	 85 170 13 217 170 85,	3545
2016/05/09 10:40:08.382	 85 170 15 249 170 85,	4089
2016/05/09 10:40:08.384	 85 170 15 250 170 85,	4090
2016/05/09 10:40:08.386	 85 170 15 249 170 85,	4089
2016/05/09 10:40:08.388	 85 170 15 250 170 85,	4090
2016/05/09 10:40:08.429	 85 170 15 249 170 85,	4089
2016/05/09 10:40:08.433	 85 170 15 249 170 85,	4089
2016/05/09 10:40:08.435	 85 170 15 250 170 85,	4090
2016/05/09 10:40:08.437	 85 170 15 250 170 85,	4090
2016/05/09 10:40:08.476	 85 170 15 249 170 85,	4089
2016/05/09 10:40:08.479	 85 170 15 250 170 85,	4090
2016/05/09 10:40:08.481	 85 170 15 250 170 85,	4090
2016/05/09 10:40:08.483	 85 170 15 249 170 85,	4089
2016/05/09 10:40:08.522	 85 170 15 249 170 85,	4089
2016/05/09 10:40:08.527	 85 170 15 250 170 85,	4090
2016/05/09 10:40:08.530	 85 170 15 249 170 85,	4089
2016/05/09 10:40:08.571	 85 170 15 250 170 85,	4090
2016/05/09 10:40:08.574	 85 170 15 250 170 85,	4090
2016/05/09 10:40:08.576	 85 170 15 249 170 85,	4089
2016/05/09 10:40:08.578	 85 170 15 250 170 85,	4090
2016/05/09 10:40:08.617	 85 170 15 250 170 85,	4090
2016/05/09 10:40:08.621	 85 170 15 250 170 85,	4090
2016/05/09 10:40:08.623	 85 170 15 249 170 85,	4089
2016/05/09 10:40:08.626	 85 170 15 250 170 85,	4090
2016/05/09 10:40:08.664	 85 170 15 250 170 85,	4090
2016/05/09 10:40:08.667	 85 170 15 249 170 85,	4089
2016/05/09 10:40:08.710	 85 170 15 227 170 85,	4067
2016/05/09 10:40:08.713	 85 170 15 107 170 85,	3947
2016/05/09 10:40:08.715	 85 170 14 201 170 85,	3785
2016/05/09 10:40:08.717	 85 170 14 19 170 85,	3603
2016/05/09 10:40:08.720	 85 170 13 69 170 85,	3397
2016/05/09 10:40:08.757	 85 170 12 99 170 85,	3171
2016/05/09 10:40:08.761	 85 170 11 124 170 85,	2940
2016/05/09 10:40:08.763	 85 170 10 155 170 85,	2715
2016/05/09 10:40:08.805	 85 170 9 171 170 85,	2475
2016/05/09 10:40:08.808	 85 170 8 165 170 85,	2213
2016/05/09 10:40:08.810	 85 170 7 186 170 85,	1978
2016/05/09 10:40:08.812	 85 170 7 5 170 85,	1797
2016/05/09 10:40:08.852	 85 170 6 119 170 85,	1655
2016/05/09 10:40:08.858	 85 170 6 7 170 85,	1543
2016/05/09 10:40:08.860	 85 170 5 191 170 85,	1471
2016/05/09 10:40:08.898	 85 170 5 167 170 85,	1447
2016/05/09 10:40:08.900	 85 170 5 186 170 85,	1466
2016/05/09 10:40:08.902	 85 170 5 235 170 85,	1515
2016/05/09 10:40:08.904	 85 170 6 38 170 85,	1574
2016/05/09 10:40:08.946	 85 170 6 120 170 85,	1656
2016/05/09 10:40:08.948	 85 170 6 211 170 85,	1747
2016/05/09 10:40:08.950	 85 170 7 34 170 85,	1826
2016/05/09 10:40:08.952	 85 170 7 81 170 85,	1873
2016/05/09 10:40:08.993	 85 170 7 116 170 85,	1908
2016/05/09 10:40:08.996	 85 170 7 166 170 85,	1958
2016/05/09 10:40:08.998	 85 170 7 240 170 85,	2032
2016/05/09 10:40:09.038	 85 170 8 48 170 85,	2096
2016/05/09 10:40:09.042	 85 170 8 101 170 85,	2149
2016/05/09 10:40:09.044	 85 170 8 164 170 85,	2212
2016/05/09 10:40:09.046	 85 170 8 243 170 85,	2291
2016/05/09 10:40:09.085	 85 170 9 39 170 85,	2343
2016/05/09 10:40:09.088	 85 170 9 60 170 85,	2364
2016/05/09 10:40:09.091	 85 170 9 67 170 85,	2371
2016/05/09 10:40:09.092	 85 170 9 82 170 85,	2386
2016/05/09 10:40:09.132	 85 170 9 110 170 85,	2414
2016/05/09 10:40:09.135	 85 170 9 162 170 85,	2466
2016/05/09 10:40:09.137	 85 170 10 14 170 85,	2574
2016/05/09 10:40:09.140	 85 170 11 0 170 85,	2816
2016/05/09 10:40:09.180	 85 170 12 157 170 85,	3229
2016/05/09 10:40:09.185	 85 170 14 224 170 85,	3808
2016/05/09 10:40:09.188	 85 170 15 249 170 85,	4089
2016/05/09 10:40:09.226	 85 170 15 249 170 85,	4089
2016/05/09 10:40:09.230	 85 170 15 250 170 85,	4090
2016/05/09 10:40:09.235	 85 170 15 249 170 85,	4089
2016/05/09 10:40:09.239	 85 170 15 249 170 85,	4089
2016/05/09 10:40:09.273	 85 170 15 249 170 85,	4089
2016/05/09 10:40:09.276	 85 170 15 250 170 85,	4090
2016/05/09 10:40:09.278	 85 170 15 249 170 85,	4089
2016/05/09 10:40:09.281	 85 170 15 249 170 85,	4089
2016/05/09 10:40:09.319	 85 170 15 250 170 85,	4090
2016/05/09 10:40:09.323	 85 170 15 250 170 85,	4090
2016/05/09 10:40:09.366	 85 170 15 249 170 85,	4089
2016/05/09 10:40:09.369	 85 170 15 250 170 85,	4090
2016/05/09 10:40:09.371	 85 170 15 249 170 85,	4089
2016/05/09 10:40:09.373	 85 170 15 250 170 85,	4090
2016/05/09 10:40:09.376	 85 170 15 250 170 85,	4090
2016/05/09 10:40:09.413	 85 170 15 249 170 85,	4089
2016/05/09 10:40:09.415	 85 170 15 250 170 85,	4090
2016/05/09 10:40:09.417	 85 170 15 180 170 85,	4020
2016/05/09 10:40:09.464	 85 170 15 39 170 85,	3879
2016/05/09 10:40:09.468	 85 170 14 86 170 85,	3670
2016/05/09 10:40:09.471	 85 170 13 81 170 85,	3409
2016/05/09 10:40:09.473	 85 170 12 46 170 85,	3118
2016/05/09 10:40:09.475	 85 170 11 21 170 85,	2837
2016/05/09 10:40:09.507	 85 170 9 249 170 85,	2553
2016/05/09 10:40:09.511	 85 170 8 185 170 85,	2233
2016/05/09 10:40:09.554	 85 170 7 89 170 85,	1881
2016/05/09 10:40:09.556	 85 170 5 240 170 85,	1520
2016/05/09 10:40:09.558	 85 170 4 109 170 85,	1133
2016/05/09 10:40:09.560	 85 170 2 165 170 85,	677
2016/05/09 10:40:09.602	 85 170 0 139 170 85,	139
2016/05/09 10:40:09.605	 85 170 0 1 170 85,	1
2016/05/09 10:40:09.607	 85 170 0 1 170 85,	1
2016/05/09 10:40:09.610	 85 170 0 1 170 85,	1
2016/05/09 10:40:09.648	 85 170 0 0 170 85,	0
2016/05/09 10:40:09.651	 85 170 0 1 170 85,	1
2016/05/09 10:40:09.653	 85 170 0 1 170 85,	1
2016/05/09 10:40:09.695	 85 170 0 1 170 85,	1
2016/05/09 10:40:09.698	 85 170 0 1 170 85,	1
2016/05/09 10:40:09.700	 85 170 0 1 170 85,	1
2016/05/09 10:40:09.701	 85 170 0 0 170 85,	0
2016/05/09 10:40:09.741	 85 170 0 1 170 85,	1
2016/05/09 10:40:09.744	 85 170 0 2 170 85,	2
2016/05/09 10:40:09.746	 85 170 0 1 170 85,	1
2016/05/09 10:40:09.748	 85 170 0 1 170 85,	1
2016/05/09 10:40:09.790	 85 170 0 1 170 85,	1
2016/05/09 10:40:09.793	 85 170 0 1 170 85,	1
2016/05/09 10:40:09.795	 85 170 0 1 170 85,	1
2016/05/09 10:40:09.797	 85 170 0 1 170 85,	1
2016/05/09 10:40:09.835	 85 170 0 1 170 85,	1
2016/05/09 10:40:09.841	 85 170 0 1 170 85,	1
2016/05/09 10:40:09.843	 85 170 0 4 170 85,	4
2016/05/09 10:40:09.882	 85 170 0 10 170 85,	10
2016/05/09 10:40:09.884	 85 170 0 1 170 85,	1
2016/05/09 10:40:09.887	 85 170 0 1 170 85,	1
2016/05/09 10:40:09.889	 85 170 0 1 170 85,	1
2016/05/09 10:40:09.928	 85 170 0 4 170 85,	4
2016/05/09 10:40:09.933	 85 170 0 3 170 85,	3
2016/05/09 10:40:09.937	 85 170 0 35 170 85,	35
2016/05/09 10:40:09.940	 85 170 0 133 170 85,	133
2016/05/09 10:40:09.976	 85 170 0 242 170 85,	242
2016/05/09 10:40:09.978	 85 170 1 138 170 85,	394
2016/05/09 10:40:10.023	 85 170 2 48 170 85,	560
2016/05/09 10:40:10.025	 85 170 2 235 170 85,	747
2016/05/09 10:40:10.027	 85 170 3 145 170 85,	913
2016/05/09 10:40:10.029	 85 170 4 27 170 85,	1051
2016/05/09 10:40:10.031	 85 170 4 158 170 85,	1182
2016/05/09 10:40:10.071	 85 170 5 42 170 85,	1322
2016/05/09 10:40:10.075	 85 170 5 184 170 85,	1464
2016/05/09 10:40:10.079	 85 170 6 50 170 85,	1586
2016/05/09 10:40:10.083	 85 170 6 84 170 85,	1620
2016/05/09 10:40:10.117	 85 170 6 56 170 85,	1592
2016/05/09 10:40:10.120	 85 170 6 87 170 85,	1623
2016/05/09 10:40:10.163	 85 170 6 230 170 85,	1766
2016/05/09 10:40:10.167	 85 170 8 60 170 85,	2108
2016/05/09 10:40:10.169	 85 170 10 143 170 85,	2703
2016/05/09 10:40:10.171	 85 170 13 144 170 85,	3472
2016/05/09 10:40:10.209	 85 170 15 249 170 85,	4089
2016/05/09 10:40:10.213	 85 170 15 249 170 85,	4089
2016/05/09 10:40:10.215	 85 170 15 249 170 85,	4089
2016/05/09 10:40:10.217	 85 170 15 249 170 85,	4089
2016/05/09 10:40:10.257	 85 170 15 250 170 85,	4090
2016/05/09 10:40:10.260	 85 170 15 250 170 85,	4090
2016/05/09 10:40:10.263	 85 170 15 250 170 85,	4090
2016/05/09 10:40:10.265	 85 170 15 249 170 85,	4089
2016/05/09 10:40:10.303	 85 170 15 249 170 85,	4089
2016/05/09 10:40:10.306	 85 170 15 250 170 85,	4090
2016/05/09 10:40:10.308	 85 170 15 250 170 85,	4090
2016/05/09 10:40:10.352	 85 170 15 169 170 85,	4009
2016/05/09 10:40:10.354	 85 170 14 202 170 85,	3786
2016/05/09 10:40:10.357	 85 170 13 73 170 85,	3401
2016/05/09 10:40:10.359	 85 170 12 2 170 85,	3074
2016/05/09 10:40:10.398	 85 170 11 154 170 85,	2970
2016/05/09 10:40:10.401	 85 170 12 4 170 85,	3076
2016/05/09 10:40:10.403	 85 170 12 124 170 85,	3196
2016/05/09 10:40:10.404	 85 170 12 141 170 85,	3213
2016/05/09 10:40:10.445	 85 170 12 36 170 85,	3108
2016/05/09 10:40:10.448	 85 170 11 196 170 85,	3012
2016/05/09 10:40:10.450	 85 170 11 135 170 85,	2951
2016/05/09 10:40:10.492	 85 170 11 35 170 85,	2851
2016/05/09 10:40:10.497	 85 170 10 149 170 85,	2709
2016/05/09 10:40:10.499	 85 170 9 234 170 85,	2538
2016/05/09 10:40:10.501	 85 170 9 66 170 85,	2370
2016/05/09 10:40:10.538	 85 170 8 180 170 85,	2228
2016/05/09 10:40:10.542	 85 170 8 8 170 85,	2056
2016/05/09 10:40:10.544	 85 170 7 119 170 85,	1911
2016/05/09 10:40:10.546	 85 170 7 33 170 85,	1825
2016/05/09 10:40:10.585	 85 170 6 239 170 85,	1775
2016/05/09 10:40:10.590	 85 170 6 203 170 85,	1739
2016/05/09 10:40:10.594	 85 170 6 150 170 85,	1686
2016/05/09 10:40:10.597	 85 170 6 78 170 85,	1614
2016/05/09 10:40:10.631	 85 170 5 225 170 85,	1505
2016/05/09 10:40:10.634	 85 170 5 62 170 85,	1342
2016/05/09 10:40:10.680	 85 170 4 81 170 85,	1105
2016/05/09 10:40:10.682	 85 170 3 50 170 85,	818
2016/05/09 10:40:10.684	 85 170 2 8 170 85,	520
2016/05/09 10:40:10.686	 85 170 0 206 170 85,	206
2016/05/09 10:40:10.688	 85 170 0 0 170 85,	0
2016/05/09 10:40:10.727	 85 170 0 1 170 85,	1
2016/05/09 10:40:10.729	 85 170 0 1 170 85,	1
2016/05/09 10:40:10.731	 85 170 0 1 170 85,	1
2016/05/09 10:40:10.734	 85 170 0 1 170 85,	1
2016/05/09 10:40:10.773	 85 170 0 1 170 85,	1
2016/05/09 10:40:10.776	 85 170 0 1 170 85,	1
2016/05/09 10:40:10.820	 85 170 0 0 170 85,	0
2016/05/09 10:40:10.825	 85 170 0 1 170 85,	1
2016/05/09 10:40:10.827	 85 170 0 1 170 85,	1
2016/05/09 10:40:10.829	 85 170 0 7 170 85,	7
2016/05/09 10:40:10.831	 85 170 0 129 170 85,	129
2016/05/09 10:40:10.866	 85 170 1 40 170 85,	296
2016/05/09 10:40:10.869	 85 170 1 145 170 85,	401
2016/05/09 10:40:10.871	 85 170 1 190 170 85,	446
2016/05/09 10:40:10.914	 85 170 1 160 170 85,	416
2016/05/09 10:40:10.917	 85 170 0 199 170 85,	199
2016/05/09 10:40:10.918	 85 170 0 1 170 85,	1
2016/05/09 10:40:10.920	 85 170 0 1 170 85,	1
2016/05/09 10:40:10.960	 85 170 0 9 170 85,	9
2016/05/09 10:40:10.963	 85 170 0 3 170 85,	3
2016/05/09 10:40:10.965	 85 170 0 3 170 85,	3
2016/05/09 10:40:11.006	 85 170 0 3 170 85,	3
2016/05/09 10:40:11.010	 85 170 15 207 170 85,	4047
2016/05/09 10:40:11.011	 85 170 15 247 170 85,	4087
2016/05/09 10:40:11.013	 85 170 15 246 170 85,	4086
2016/05/09 10:40:11.053	 85 170 15 246 170 85,	4086
2016/05/09 10:40:11.055	 85 170 15 246 170 85,	4086
2016/05/09 10:40:11.058	 85 170 15 245 170 85,	4085
2016/05/09 10:40:11.060	 85 170 15 246 170 85,	4086
2016/05/09 10:40:11.102	 85 170 15 246 170 85,	4086
2016/05/09 10:40:11.105	 85 170 15 246 170 85,	4086
2016/05/09 10:40:11.106	 85 170 15 246 170 85,	4086
2016/05/09 10:40:11.149	 85 170 15 248 170 85,	4088
2016/05/09 10:40:11.153	 85 170 15 247 170 85,	4087
2016/05/09 10:40:11.155	 85 170 15 248 170 85,	4088
2016/05/09 10:40:11.157	 85 170 15 248 170 85,	4088
2016/05/09 10:40:11.195	 85 170 15 248 170 85,	4088
2016/05/09 10:40:11.199	 85 170 15 249 170 85,	4089
2016/05/09 10:40:11.201	 85 170 15 248 170 85,	4088
2016/05/09 10:40:11.203	 85 170 15 249 170 85,	4089
2016/05/09 10:40:11.241	 85 170 15 250 170 85,	4090
2016/05/09 10:40:11.244	 85 170 15 250 170 85,	4090
2016/05/09 10:40:11.246	 85 170 13 75 170 85,	3403
2016/05/09 10:40:11.249	 85 170 5 169 170 85,	1449
2016/05/09 10:40:11.288	 85 170 0 1 170 85,	1
2016/05/09 10:40:11.291	 85 170 0 1 170 85,	1
2016/05/09 10:40:11.294	 85 170 0 2 170 85,	2
2016/05/09 10:40:11.335	 85 170 0 1 170 85,	1
2016/05/09 10:40:11.337	 85 170 0 1 170 85,	1
2016/05/09 10:40:11.339	 85 170 0 1 170 85,	1
2016/05/09 10:40:11.341	 85 170 0 2 170 85,	2
2016/05/09 10:40:11.381	 85 170 0 2 170 85,	2
2016/05/09 10:40:11.384	 85 170 0 2 170 85,	2
2016/05/09 10:40:11.386	 85 170 0 1 170 85,	1
2016/05/09 10:40:11.430	 85 170 0 2 170 85,	2
2016/05/09 10:40:11.435	 85 170 0 2 170 85,	2
2016/05/09 10:40:11.437	 85 170 0 1 170 85,	1
2016/05/09 10:40:11.438	 85 170 0 2 170 85,	2
2016/05/09 10:40:11.440	 85 170 0 2 170 85,	2
2016/05/09 10:40:11.476	 85 170 0 1 170 85,	1
2016/05/09 10:40:11.481	 85 170 0 2 170 85,	2
2016/05/09 10:40:11.522	 85 170 0 2 170 85,	2
2016/05/09 10:40:11.524	 85 170 0 2 170 85,	2
2016/05/09 10:40:11.526	 85 170 0 2 170 85,	2
2016/05/09 10:40:11.528	 85 170 0 2 170 85,	2
2016/05/09 10:40:11.569	 85 170 0 2 170 85,	2
2016/05/09 10:40:11.571	 85 170 0 2 170 85,	2
2016/05/09 10:40:11.573	 85 170 0 2 170 85,	2
2016/05/09 10:40:11.617	 85 170 0 1 170 85,	1
2016/05/09 10:40:11.619	 85 170 0 1 170 85,	1
2016/05/09 10:40:11.621	 85 170 0 1 170 85,	1
2016/05/09 10:40:11.623	 85 170 0 2 170 85,	2
2016/05/09 10:40:11.664	 85 170 0 2 170 85,	2
2016/05/09 10:40:11.667	 85 170 0 2 170 85,	2
2016/05/09 10:40:11.669	 85 170 0 1 170 85,	1
2016/05/09 10:40:11.670	 85 170 0 1 170 85,	1
2016/05/09 10:40:11.710	 85 170 0 2 170 85,	2
2016/05/09 10:40:11.714	 85 170 0 1 170 85,	1
2016/05/09 10:40:11.716	 85 170 0 1 170 85,	1
2016/05/09 10:40:11.718	 85 170 0 2 170 85,	2
2016/05/09 10:40:11.757	 85 170 0 1 170 85,	1
2016/05/09 10:40:11.760	 85 170 0 2 170 85,	2
2016/05/09 10:40:11.762	 85 170 0 1 170 85,	1
2016/05/09 10:40:11.805	 85 170 0 2 170 85,	2
2016/05/09 10:40:11.810	 85 170 0 1 170 85,	1
2016/05/09 10:40:11.812	 85 170 0 2 170 85,	2
2016/05/09 10:40:11.813	 85 170 0 2 170 85,	2
2016/05/09 10:40:11.851	 85 170 0 2 170 85,	2
2016/05/09 10:40:11.854	 85 170 0 2 170 85,	2
2016/05/09 10:40:11.855	 85 170 0 1 170 85,	1
2016/05/09 10:40:11.857	 85 170 0 1 170 85,	1
2016/05/09 10:40:11.897	 85 170 0 1 170 85,	1
2016/05/09 10:40:11.900	 85 170 0 0 170 85,	0
2016/05/09 10:40:11.902	 85 170 0 1 170 85,	1
2016/05/09 10:40:11.904	 85 170 0 0 170 85,	0
2016/05/09 10:40:11.945	 85 170 0 1 170 85,	1
2016/05/09 10:40:11.947	 85 170 2 246 170 85,	758
2016/05/09 10:40:11.949	 85 170 9 123 170 85,	2427
2016/05/09 10:40:11.992	 85 170 15 248 170 85,	4088
2016/05/09 10:40:11.995	 85 170 15 249 170 85,	4089
2016/05/09 10:40:11.997	 85 170 15 248 170 85,	4088
2016/05/09 10:40:11.999	 85 170 15 248 170 85,	4088
2016/05/09 10:40:12.038	 85 170 15 249 170 85,	4089
2016/05/09 10:40:12.042	 85 170 15 248 170 85,	4088
2016/05/09 10:40:12.045	 85 170 15 248 170 85,	4088
2016/05/09 10:40:12.047	 85 170 15 248 170 85,	4088
2016/05/09 10:40:12.086	 85 170 15 248 170 85,	4088
2016/05/09 10:40:12.088	 85 170 15 248 170 85,	4088
2016/05/09 10:40:12.133	 85 170 15 249 170 85,	4089
2016/05/09 10:40:12.138	 85 170 15 248 170 85,	4088
2016/05/09 10:40:12.139	 85 170 15 248 170 85,	4088
2016/05/09 10:40:12.141	 85 170 15 248 170 85,	4088
2016/05/09 10:40:12.143	 85 170 15 248 170 85,	4088
2016/05/09 10:40:12.183	 85 170 15 249 170 85,	4089
2016/05/09 10:40:12.186	 85 170 15 249 170 85,	4089
2016/05/09 10:40:12.188	 85 170 15 249 170 85,	4089
2016/05/09 10:40:12.191	 85 170 15 248 170 85,	4088
2016/05/09 10:40:12.227	 85 170 15 248 170 85,	4088
2016/05/09 10:40:12.229	 85 170 15 249 170 85,	4089
2016/05/09 10:40:12.272	 85 170 15 248 170 85,	4088
2016/05/09 10:40:12.275	 85 170 15 248 170 85,	4088
2016/05/09 10:40:12.277	 85 170 15 248 170 85,	4088
2016/05/09 10:40:12.279	 85 170 15 248 170 85,	4088
2016/05/09 10:40:12.321	 85 170 15 248 170 85,	4088
2016/05/09 10:40:12.324	 85 170 15 249 170 85,	4089
2016/05/09 10:40:12.326	 85 170 15 250 170 85,	4090
2016/05/09 10:40:12.328	 85 170 15 249 170 85,	4089
2016/05/09 10:40:12.366	 85 170 15 249 170 85,	4089
2016/05/09 10:40:12.369	 85 170 15 250 170 85,	4090
2016/05/09 10:40:12.370	 85 170 15 249 170 85,	4089
2016/05/09 10:40:12.372	 85 170 15 249 170 85,	4089
2016/05/09 10:40:12.413	 85 170 15 249 170 85,	4089
2016/05/09 10:40:12.416	 85 170 15 250 170 85,	4090
2016/05/09 10:40:12.418	 85 170 15 249 170 85,	4089
2016/05/09 10:40:12.461	 85 170 15 249 170 85,	4089
2016/05/09 10:40:12.466	 85 170 15 250 170 85,	4090
2016/05/09 10:40:12.468	 85 170 15 249 170 85,	4089
2016/05/09 10:40:12.469	 85 170 15 245 170 85,	4085
2016/05/09 10:40:12.507	 85 170 14 213 170 85,	3797
2016/05/09 10:40:12.510	 85 170 12 121 170 85,	3193
2016/05/09 10:40:12.512	 85 170 9 212 170 85,	2516
2016/05/09 10:40:12.514	 85 170 6 223 170 85,	1759
2016/05/09 10:40:12.554	 85 170 3 115 170 85,	883
2016/05/09 10:40:12.556	 85 170 0 1 170 85,	1
2016/05/09 10:40:12.558	 85 170 0 1 170 85,	1
2016/05/09 10:40:12.603	 85 170 0 1 170 85,	1
2016/05/09 10:40:12.605	 85 170 0 1 170 85,	1
2016/05/09 10:40:12.607	 85 170 0 1 170 85,	1
2016/05/09 10:40:12.608	 85 170 0 0 170 85,	0
2016/05/09 10:40:12.648	 85 170 0 1 170 85,	1
2016/05/09 10:40:12.651	 85 170 0 1 170 85,	1
2016/05/09 10:40:12.653	 85 170 0 0 170 85,	0
2016/05/09 10:40:12.655	 85 170 0 1 170 85,	1
2016/05/09 10:40:12.696	 85 170 0 1 170 85,	1
2016/05/09 10:40:12.700	 85 170 0 1 170 85,	1
2016/05/09 10:40:12.702	 85 170 0 1 170 85,	1
2016/05/09 10:40:12.703	 85 170 0 1 170 85,	1
2016/05/09 10:40:12.741	 85 170 0 1 170 85,	1
2016/05/09 10:40:12.744	 85 170 0 1 170 85,	1
2016/05/09 10:40:12.791	 85 170 0 1 170 85,	1
2016/05/09 10:40:12.796	 85 170 0 1 170 85,	1
2016/05/09 10:40:12.797	 85 170 0 1 170 85,	1
2016/05/09 10:40:12.800	 85 170 0 0 170 85,	0
2016/05/09 10:40:12.801	 85 170 0 0 170 85,	0
2016/05/09 10:40:12.837	 85 170 0 1 170 85,	1
2016/05/09 10:40:12.840	 85 170 0 1 170 85,	1
2016/05/09 10:40:12.842	 85 170 0 0 170 85,	0
2016/05/09 10:40:12.844	 85 170 0 1 170 85,	1
2016/05/09 10:40:12.882	 85 170 0 0 170 85,	0
2016/05/09 10:40:12.884	 85 170 0 1 170 85,	1
2016/05/09 10:40:12.931	 85 170 0 1 170 85,	1
2016/05/09 10:40:12.936	 85 170 0 8 170 85,	8
2016/05/09 10:40:12.938	 85 170 0 124 170 85,	124
2016/05/09 10:40:12.940	 85 170 1 71 170 85,	327
2016/05/09 10:40:12.942	 85 170 2 67 170 85,	579
2016/05/09 10:40:12.977	 85 170 3 79 170 85,	847
2016/05/09 10:40:12.980	 85 170 4 101 170 85,	1125
2016/05/09 10:40:12.982	 85 170 5 121 170 85,	1401
2016/05/09 10:40:13.023	 85 170 6 134 170 85,	1670
2016/05/09 10:40:13.025	 85 170 7 137 170 85,	1929
2016/05/09 10:40:13.027	 85 170 8 141 170 85,	2189
2016/05/09 10:40:13.029	 85 170 9 141 170 85,	2445
2016/05/09 10:40:13.071	 85 170 10 130 170 85,	2690
2016/05/09 10:40:13.075	 85 170 11 105 170 85,	2921
2016/05/09 10:40:13.078	 85 170 12 76 170 85,	3148
2016/05/09 10:40:13.117	 85 170 13 28 170 85,	3356
2016/05/09 10:40:13.123	 85 170 13 212 170 85,	3540
2016/05/09 10:40:13.125	 85 170 14 125 170 85,	3709
2016/05/09 10:40:13.128	 85 170 15 14 170 85,	3854
2016/05/09 10:40:13.163	 85 170 15 133 170 85,	3973
2016/05/09 10:40:13.167	 85 170 15 214 170 85,	4054
2016/05/09 10:40:13.169	 85 170 15 250 170 85,	4090
2016/05/09 10:40:13.171	 85 170 15 249 170 85,	4089
2016/05/09 10:40:13.232	 85 170 15 248 170 85,	4088
2016/05/09 10:40:13.235	 85 170 15 239 170 85,	4079
2016/05/09 10:40:13.237	 85 170 15 211 170 85,	4051
2016/05/09 10:40:13.238	 85 170 15 156 170 85,	3996
2016/05/09 10:40:13.240	 85 170 15 74 170 85,	3914
2016/05/09 10:40:13.257	 85 170 15 1 170 85,	3841
2016/05/09 10:40:13.261	 85 170 14 175 170 85,	3759
2016/05/09 10:40:13.328	 85 170 14 76 170 85,	3660
2016/05/09 10:40:13.330	 85 170 13 231 170 85,	3559
2016/05/09 10:40:13.333	 85 170 13 135 170 85,	3463
2016/05/09 10:40:13.337	 85 170 13 34 170 85,	3362
2016/05/09 10:40:13.340	 85 170 12 190 170 85,	3262
2016/05/09 10:40:13.342	 85 170 12 86 170 85,	3158
2016/05/09 10:40:13.399	 85 170 11 241 170 85,	3057
2016/05/09 10:40:13.401	 85 170 11 140 170 85,	2956
2016/05/09 10:40:13.404	 85 170 11 39 170 85,	2855
2016/05/09 10:40:13.406	 85 170 10 199 170 85,	2759
2016/05/09 10:40:13.407	 85 170 10 102 170 85,	2662
2016/05/09 10:40:13.445	 85 170 10 18 170 85,	2578
2016/05/09 10:40:13.448	 85 170 9 185 170 85,	2489
2016/05/09 10:40:13.451	 85 170 9 99 170 85,	2403
2016/05/09 10:40:13.453	 85 170 9 18 170 85,	2322
2016/05/09 10:40:13.492	 85 170 8 202 170 85,	2250
2016/05/09 10:40:13.495	 85 170 8 130 170 85,	2178
2016/05/09 10:40:13.496	 85 170 8 61 170 85,	2109
2016/05/09 10:40:13.498	 85 170 7 249 170 85,	2041
2016/05/09 10:40:13.537	 85 170 7 193 170 85,	1985
2016/05/09 10:40:13.540	 85 170 7 147 170 85,	1939
2016/05/09 10:40:13.585	 85 170 7 102 170 85,	1894
2016/05/09 10:40:13.589	 85 170 7 61 170 85,	1853
2016/05/09 10:40:13.592	 85 170 7 32 170 85,	1824
2016/05/09 10:40:13.595	 85 170 7 14 170 85,	1806
2016/05/09 10:40:13.597	 85 170 6 253 170 85,	1789
2016/05/09 10:40:13.644	 85 170 6 236 170 85,	1772
2016/05/09 10:40:13.646	 85 170 6 225 170 85,	1761
2016/05/09 10:40:13.648	 85 170 6 223 170 85,	1759
2016/05/09 10:40:13.651	 85 170 6 235 170 85,	1771
2016/05/09 10:40:13.680	 85 170 6 236 170 85,	1772
2016/05/09 10:40:13.682	 85 170 6 245 170 85,	1781
2016/05/09 10:40:13.726	 85 170 7 0 170 85,	1792
2016/05/09 10:40:13.728	 85 170 7 13 170 85,	1805
2016/05/09 10:40:13.730	 85 170 7 30 170 85,	1822
2016/05/09 10:40:13.732	 85 170 7 44 170 85,	1836
2016/05/09 10:40:13.773	 85 170 7 63 170 85,	1855
2016/05/09 10:40:13.778	 85 170 7 87 170 85,	1879
2016/05/09 10:40:13.780	 85 170 7 108 170 85,	1900
2016/05/09 10:40:13.782	 85 170 7 125 170 85,	1917
2016/05/09 10:40:13.820	 85 170 7 144 170 85,	1936
2016/05/09 10:40:13.823	 85 170 7 167 170 85,	1959
2016/05/09 10:40:13.825	 85 170 7 194 170 85,	1986
2016/05/09 10:40:13.828	 85 170 7 218 170 85,	2010
2016/05/09 10:40:13.893	 85 170 7 233 170 85,	2025
2016/05/09 10:40:13.898	 85 170 7 251 170 85,	2043
2016/05/09 10:40:13.900	 85 170 8 22 170 85,	2070
2016/05/09 10:40:13.902	 85 170 8 46 170 85,	2094
2016/05/09 10:40:13.904	 85 170 8 66 170 85,	2114
2016/05/09 10:40:13.905	 85 170 8 94 170 85,	2142
2016/05/09 10:40:13.960	 85 170 8 120 170 85,	2168
2016/05/09 10:40:13.963	 85 170 8 147 170 85,	2195
2016/05/09 10:40:13.965	 85 170 8 160 170 85,	2208
2016/05/09 10:40:13.968	 85 170 8 163 170 85,	2211
2016/05/09 10:40:13.970	 85 170 8 171 170 85,	2219
2016/05/09 10:40:14.006	 85 170 8 182 170 85,	2230
2016/05/09 10:40:14.008	 85 170 8 197 170 85,	2245
2016/05/09 10:40:14.011	 85 170 8 196 170 85,	2244
2016/05/09 10:40:14.013	 85 170 8 196 170 85,	2244
2016/05/09 10:40:14.054	 85 170 8 208 170 85,	2256
2016/05/09 10:40:14.056	 85 170 8 214 170 85,	2262
2016/05/09 10:40:14.058	 85 170 8 220 170 85,	2268
2016/05/09 10:40:14.102	 85 170 8 215 170 85,	2263
2016/05/09 10:40:14.107	 85 170 8 219 170 85,	2267
2016/05/09 10:40:14.109	 85 170 8 220 170 85,	2268
2016/05/09 10:40:14.111	 85 170 8 211 170 85,	2259
2016/05/09 10:40:14.147	 85 170 8 201 170 85,	2249
2016/05/09 10:40:14.150	 85 170 8 195 170 85,	2243
2016/05/09 10:40:14.195	 85 170 8 192 170 85,	2240
2016/05/09 10:40:14.198	 85 170 8 185 170 85,	2233
2016/05/09 10:40:14.201	 85 170 8 177 170 85,	2225
2016/05/09 10:40:14.203	 85 170 8 167 170 85,	2215
2016/05/09 10:40:14.204	 85 170 8 162 170 85,	2210
2016/05/09 10:40:14.242	 85 170 8 159 170 85,	2207
2016/05/09 10:40:14.245	 85 170 8 148 170 85,	2196
2016/05/09 10:40:14.247	 85 170 8 139 170 85,	2187
2016/05/09 10:40:14.289	 85 170 8 135 170 85,	2183
2016/05/09 10:40:14.290	 85 170 8 129 170 85,	2177
2016/05/09 10:40:14.292	 85 170 8 122 170 85,	2170
2016/05/09 10:40:14.294	 85 170 8 117 170 85,	2165
2016/05/09 10:40:14.334	 85 170 8 111 170 85,	2159
2016/05/09 10:40:14.337	 85 170 8 110 170 85,	2158
2016/05/09 10:40:14.338	 85 170 8 112 170 85,	2160
2016/05/09 10:40:14.382	 85 170 8 105 170 85,	2153
2016/05/09 10:40:14.384	 85 170 8 99 170 85,	2147
2016/05/09 10:40:14.386	 85 170 8 97 170 85,	2145
2016/05/09 10:40:14.388	 85 170 8 93 170 85,	2141
2016/05/09 10:40:14.432	 85 170 8 86 170 85,	2134
2016/05/09 10:40:14.437	 85 170 8 82 170 85,	2130
2016/05/09 10:40:14.438	 85 170 8 78 170 85,	2126
2016/05/09 10:40:14.441	 85 170 8 80 170 85,	2128
2016/05/09 10:40:14.443	 85 170 8 78 170 85,	2126
2016/05/09 10:40:14.475	 85 170 8 72 170 85,	2120
2016/05/09 10:40:14.478	 85 170 8 75 170 85,	2123
2016/05/09 10:40:14.480	 85 170 8 77 170 85,	2125
2016/05/09 10:40:14.523	 85 170 8 80 170 85,	2128
2016/05/09 10:40:14.526	 85 170 8 84 170 85,	2132
2016/05/09 10:40:14.528	 85 170 8 87 170 85,	2135
2016/05/09 10:40:14.572	 85 170 8 91 170 85,	2139
2016/05/09 10:40:14.575	 85 170 8 97 170 85,	2145
2016/05/09 10:40:14.577	 85 170 8 99 170 85,	2147
2016/05/09 10:40:14.578	 85 170 8 96 170 85,	2144
2016/05/09 10:40:14.619	 85 170 8 89 170 85,	2137
2016/05/09 10:40:14.621	 85 170 8 89 170 85,	2137
2016/05/09 10:40:14.623	 85 170 8 90 170 85,	2138
2016/05/09 10:40:14.625	 85 170 8 90 170 85,	2138
2016/05/09 10:40:14.663	 85 170 8 94 170 85,	2142
2016/05/09 10:40:14.667	 85 170 8 100 170 85,	2148
2016/05/09 10:40:14.669	 85 170 8 98 170 85,	2146
2016/05/09 10:40:14.710	 85 170 8 96 170 85,	2144
2016/05/09 10:40:14.713	 85 170 8 100 170 85,	2148
2016/05/09 10:40:14.716	 85 170 8 104 170 85,	2152
2016/05/09 10:40:14.718	 85 170 8 108 170 85,	2156
2016/05/09 10:40:14.757	 85 170 8 106 170 85,	2154
2016/05/09 10:40:14.763	 85 170 8 110 170 85,	2158
2016/05/09 10:40:14.765	 85 170 8 111 170 85,	2159
2016/05/09 10:40:14.767	 85 170 8 112 170 85,	2160
2016/05/09 10:40:14.805	 85 170 8 117 170 85,	2165
2016/05/09 10:40:14.808	 85 170 8 118 170 85,	2166
2016/05/09 10:40:14.810	 85 170 8 120 170 85,	2168
2016/05/09 10:40:14.813	 85 170 8 123 170 85,	2171
2016/05/09 10:40:14.851	 85 170 8 124 170 85,	2172
2016/05/09 10:40:14.853	 85 170 8 120 170 85,	2168
2016/05/09 10:40:14.899	 85 170 8 117 170 85,	2165
2016/05/09 10:40:14.902	 85 170 8 121 170 85,	2169
2016/05/09 10:40:14.905	 85 170 8 125 170 85,	2173
2016/05/09 10:40:14.907	 85 170 8 118 170 85,	2166
2016/05/09 10:40:14.909	 85 170 8 113 170 85,	2161
2016/05/09 10:40:14.945	 85 170 8 111 170 85,	2159
2016/05/09 10:40:14.948	 85 170 8 117 170 85,	2165
2016/05/09 10:40:14.951	 85 170 8 123 170 85,	2171
2016/05/09 10:40:14.954	 85 170 8 119 170 85,	2167
2016/05/09 10:40:14.991	 85 170 8 115 170 85,	2163
2016/05/09 10:40:14.994	 85 170 8 118 170 85,	2166
2016/05/09 10:40:15.038	 85 170 8 121 170 85,	2169
2016/05/09 10:40:15.042	 85 170 8 114 170 85,	2162
2016/05/09 10:40:15.046	 85 170 8 110 170 85,	2158
2016/05/09 10:40:15.050	 85 170 8 113 170 85,	2161
2016/05/09 10:40:15.053	 85 170 8 113 170 85,	2161
2016/05/09 10:40:15.086	 85 170 8 109 170 85,	2157
2016/05/09 10:40:15.093	 85 170 8 106 170 85,	2154
2016/05/09 10:40:15.099	 85 170 8 104 170 85,	2152
2016/05/09 10:40:15.103	 85 170 8 106 170 85,	2154
2016/05/09 10:40:15.132	 85 170 8 105 170 85,	2153
2016/05/09 10:40:15.134	 85 170 8 97 170 85,	2145
2016/05/09 10:40:15.179	 85 170 8 97 170 85,	2145
2016/05/09 10:40:15.181	 85 170 8 103 170 85,	2151
2016/05/09 10:40:15.183	 85 170 8 107 170 85,	2155
2016/05/09 10:40:15.186	 85 170 8 106 170 85,	2154
2016/05/09 10:40:15.225	 85 170 8 100 170 85,	2148
2016/05/09 10:40:15.227	 85 170 8 99 170 85,	2147
2016/05/09 10:40:15.230	 85 170 8 108 170 85,	2156
2016/05/09 10:40:15.232	 85 170 8 114 170 85,	2162
2016/05/09 10:40:15.272	 85 170 8 109 170 85,	2157
2016/05/09 10:40:15.275	 85 170 8 108 170 85,	2156
2016/05/09 10:40:15.277	 85 170 8 107 170 85,	2155
2016/05/09 10:40:15.279	 85 170 8 109 170 85,	2157
2016/05/09 10:40:15.320	 85 170 8 102 170 85,	2150
2016/05/09 10:40:15.323	 85 170 8 101 170 85,	2149
2016/05/09 10:40:15.325	 85 170 8 104 170 85,	2152
2016/05/09 10:40:15.376	 85 170 8 109 170 85,	2157
2016/05/09 10:40:15.379	 85 170 8 102 170 85,	2150
2016/05/09 10:40:15.381	 85 170 8 95 170 85,	2143
2016/05/09 10:40:15.383	 85 170 8 99 170 85,	2147
2016/05/09 10:40:15.385	 85 170 8 106 170 85,	2154
2016/05/09 10:40:15.414	 85 170 8 104 170 85,	2152
2016/05/09 10:40:15.419	 85 170 8 102 170 85,	2150
2016/05/09 10:40:15.421	 85 170 8 105 170 85,	2153
2016/05/09 10:40:15.460	 85 170 8 108 170 85,	2156
2016/05/09 10:40:15.463	 85 170 8 111 170 85,	2159
2016/05/09 10:40:15.465	 85 170 8 107 170 85,	2155
2016/05/09 10:40:15.467	 85 170 8 105 170 85,	2153
2016/05/09 10:40:15.507	 85 170 8 111 170 85,	2159
2016/05/09 10:40:15.510	 85 170 8 114 170 85,	2162
2016/05/09 10:40:15.555	 85 170 8 111 170 85,	2159
2016/05/09 10:40:15.558	 85 170 8 104 170 85,	2152
2016/05/09 10:40:15.560	 85 170 8 102 170 85,	2150
2016/05/09 10:40:15.563	 85 170 8 104 170 85,	2152
2016/05/09 10:40:15.565	 85 170 8 99 170 85,	2147
2016/05/09 10:40:15.601	 85 170 8 97 170 85,	2145
2016/05/09 10:40:15.605	 85 170 8 95 170 85,	2143
2016/05/09 10:40:15.609	 85 170 8 97 170 85,	2145
2016/05/09 10:40:15.613	 85 170 8 100 170 85,	2148
2016/05/09 10:40:15.648	 85 170 8 94 170 85,	2142
2016/05/09 10:40:15.653	 85 170 8 99 170 85,	2147
2016/05/09 10:40:15.696	 85 170 8 105 170 85,	2153
2016/05/09 10:40:15.699	 85 170 8 116 170 85,	2164
2016/05/09 10:40:15.701	 85 170 8 111 170 85,	2159
2016/05/09 10:40:15.704	 85 170 8 110 170 85,	2158
2016/05/09 10:40:15.706	 85 170 8 118 170 85,	2166
2016/05/09 10:40:15.742	 85 170 8 124 170 85,	2172
2016/05/09 10:40:15.746	 85 170 8 130 170 85,	2178
2016/05/09 10:40:15.748	 85 170 8 124 170 85,	2172
2016/05/09 10:40:15.788	 85 170 8 122 170 85,	2170
2016/05/09 10:40:15.790	 85 170 8 125 170 85,	2173
2016/05/09 10:40:15.792	 85 170 8 125 170 85,	2173
2016/05/09 10:40:15.835	 85 170 8 124 170 85,	2172
2016/05/09 10:40:15.838	 85 170 8 129 170 85,	2177
2016/05/09 10:40:15.839	 85 170 8 136 170 85,	2184
2016/05/09 10:40:15.841	 85 170 8 134 170 85,	2182
2016/05/09 10:40:16.047	 85 170 8 133 170 85,	2181
2016/05/09 10:40:16.048	 85 170 8 135 170 85,	2183
2016/05/09 10:40:16.051	 85 170 8 130 170 85,	2178
2016/05/09 10:40:16.053	 85 170 8 130 170 85,	2178
2016/05/09 10:40:16.055	 85 170 8 128 170 85,	2176
2016/05/09 10:40:16.057	 85 170 8 130 170 85,	2178
2016/05/09 10:40:16.059	 85 170 8 126 170 85,	2174
2016/05/09 10:40:16.061	 85 170 8 123 170 85,	2171
2016/05/09 10:40:16.065	 85 170 8 126 170 85,	2174
2016/05/09 10:40:16.067	 85 170 8 125 170 85,	2173
2016/05/09 10:40:16.069	 85 170 8 116 170 85,	2164
2016/05/09 10:40:16.072	 85 170 8 112 170 85,	2160
2016/05/09 10:40:16.075	 85 170 8 112 170 85,	2160
2016/05/09 10:40:16.076	 85 170 8 106 170 85,	2154
2016/05/09 10:40:16.078	 85 170 8 103 170 85,	2151
2016/05/09 10:40:16.080	 85 170 8 97 170 85,	2145
2016/05/09 10:40:16.083	 85 170 8 108 170 85,	2156
2016/05/09 10:40:16.085	 85 170 8 112 170 85,	2160
2016/05/09 10:40:16.090	 85 170 8 106 170 85,	2154
2016/05/09 10:40:16.093	 85 170 8 99 170 85,	2147
2016/05/09 10:40:16.116	 85 170 8 106 170 85,	2154
2016/05/09 10:40:16.119	 85 170 8 104 170 85,	2152
2016/05/09 10:40:16.122	 85 170 8 102 170 85,	2150
2016/05/09 10:40:16.164	 85 170 8 101 170 85,	2149
2016/05/09 10:40:16.168	 85 170 8 109 170 85,	2157
2016/05/09 10:40:16.169	 85 170 8 113 170 85,	2161
2016/05/09 10:40:16.209	 85 170 8 107 170 85,	2155
2016/05/09 10:40:16.212	 85 170 8 105 170 85,	2153
2016/05/09 10:40:16.215	 85 170 8 107 170 85,	2155
2016/05/09 10:40:16.217	 85 170 8 106 170 85,	2154
2016/05/09 10:40:16.257	 85 170 8 102 170 85,	2150
2016/05/09 10:40:16.260	 85 170 8 98 170 85,	2146
2016/05/09 10:40:16.305	 85 170 8 96 170 85,	2144
2016/05/09 10:40:16.308	 85 170 8 102 170 85,	2150
2016/05/09 10:40:16.310	 85 170 8 108 170 85,	2156
2016/05/09 10:40:16.312	 85 170 8 105 170 85,	2153
2016/05/09 10:40:16.314	 85 170 8 101 170 85,	2149
2016/05/09 10:40:16.352	 85 170 8 101 170 85,	2149
2016/05/09 10:40:16.355	 85 170 8 99 170 85,	2147
2016/05/09 10:40:16.357	 85 170 8 105 170 85,	2153
2016/05/09 10:40:16.397	 85 170 8 99 170 85,	2147
2016/05/09 10:40:16.402	 85 170 8 93 170 85,	2141
2016/05/09 10:40:16.405	 85 170 8 97 170 85,	2145
2016/05/09 10:40:16.407	 85 170 8 102 170 85,	2150
2016/05/09 10:40:16.409	 85 170 8 102 170 85,	2150
2016/05/09 10:40:16.447	 85 170 8 102 170 85,	2150
2016/05/09 10:40:16.450	 85 170 8 106 170 85,	2154
2016/05/09 10:40:16.492	 85 170 8 108 170 85,	2156
2016/05/09 10:40:16.495	 85 170 8 113 170 85,	2161
2016/05/09 10:40:16.497	 85 170 8 109 170 85,	2157
2016/05/09 10:40:16.498	 85 170 8 110 170 85,	2158
2016/05/09 10:40:16.540	 85 170 8 114 170 85,	2162
2016/05/09 10:40:16.542	 85 170 8 119 170 85,	2167
2016/05/09 10:40:16.544	 85 170 8 117 170 85,	2165
2016/05/09 10:40:16.546	 85 170 8 115 170 85,	2163
2016/05/09 10:40:16.585	 85 170 8 123 170 85,	2171
2016/05/09 10:40:16.588	 85 170 8 123 170 85,	2171
2016/05/09 10:40:16.591	 85 170 8 122 170 85,	2170
2016/05/09 10:40:16.592	 85 170 8 118 170 85,	2166
2016/05/09 10:40:16.632	 85 170 8 119 170 85,	2167
2016/05/09 10:40:16.636	 85 170 8 122 170 85,	2170
2016/05/09 10:40:16.638	 85 170 8 121 170 85,	2169
2016/05/09 10:40:16.679	 85 170 8 116 170 85,	2164
2016/05/09 10:40:16.682	 85 170 8 117 170 85,	2165
2016/05/09 10:40:16.684	 85 170 8 121 170 85,	2169
2016/05/09 10:40:16.686	 85 170 8 120 170 85,	2168
