2016/05/13 15:18:02.031	 85 170 3 45 218 0 170 85,	3333536
2016/05/13 15:18:02.099	 85 170 254 49 41 0 170 85,	14881424
2016/05/13 15:18:02.101	 85 170 15 226 140 0 170 85,	16656576
2016/05/13 15:18:02.149	 85 170 11 186 162 0 170 85,	12298784
2016/05/13 15:18:02.158	 85 170 3 103 61 0 170 85,	3568592
2016/05/13 15:18:02.210	 85 170 250 149 170 0 170 85,	11098784
2016/05/13 15:18:02.239	 85 170 245 29 161 0 170 85,	5364240
2016/05/13 15:18:02.287	 85 170 244 255 5 0 170 85,	5238864
2016/05/13 15:18:02.289	 85 170 250 154 9 0 170 85,	11116688
2016/05/13 15:18:02.333	 85 170 3 92 148 0 170 85,	3524928
2016/05/13 15:18:02.381	 85 170 11 211 182 0 170 85,	12401504
2016/05/13 15:18:02.426	 85 170 15 231 84 0 170 85,	16676160
2016/05/13 15:18:02.434	 85 170 14 22 66 0 170 85,	14771232
2016/05/13 15:18:02.475	 85 170 7 44 102 0 170 85,	7521888
2016/05/13 15:18:02.523	 85 170 254 13 199 0 170 85,	14736496
2016/05/13 15:18:02.531	 85 170 15 228 213 0 170 85,	16665936
2016/05/13 15:18:02.570	 85 170 11 146 130 0 170 85,	12134432
2016/05/13 15:18:02.616	 85 170 3 67 186 0 170 85,	3423136
2016/05/13 15:18:02.620	 85 170 250 120 67 0 170 85,	10978352
2016/05/13 15:18:02.662	 85 170 245 0 140 0 170 85,	5245120
2016/05/13 15:18:02.711	 85 170 245 5 121 0 170 85,	5265296
2016/05/13 15:18:02.721	 85 170 250 161 253 0 170 85,	11149264
2016/05/13 15:18:02.755	 85 170 3 133 128 0 170 85,	3692544
2016/05/13 15:18:02.803	 85 170 11 216 146 0 170 85,	12421408
2016/05/13 15:18:02.850	 85 170 15 240 255 0 170 85,	16715760
2016/05/13 15:18:02.854	 85 170 13 244 255 0 170 85,	14634992
2016/05/13 15:18:02.898	 85 170 7 10 3 0 170 85,	7381040
2016/05/13 15:18:02.943	 85 170 253 228 123 0 170 85,	14567344
2016/05/13 15:18:02.945	 85 170 15 226 35 0 170 85,	16654896
2016/05/13 15:18:02.990	 85 170 11 120 147 0 170 85,	12028208
2016/05/13 15:18:03.037	 85 170 3 36 220 0 170 85,	3296704
2016/05/13 15:18:03.042	 85 170 250 130 78 0 170 85,	11019488
2016/05/13 15:18:03.084	 85 170 245 16 222 0 170 85,	5311968
2016/05/13 15:18:03.130	 85 170 245 20 152 0 170 85,	5327232
2016/05/13 15:18:03.133	 85 170 250 184 251 0 170 85,	11243440
2016/05/13 15:18:03.179	 85 170 3 158 242 0 170 85,	3796768
2016/05/13 15:18:03.198	 85 170 11 239 49 0 170 85,	12514064
2016/05/13 15:18:03.224	 85 170 15 249 0 0 170 85,	16748544
2016/05/13 15:18:03.272	 85 170 14 27 84 0 170 85,	14792000
2016/05/13 15:18:03.319	 85 170 7 24 10 0 170 85,	7438496
2016/05/13 15:18:03.322	 85 170 253 254 126 0 170 85,	14673888
2016/05/13 15:18:03.365	 85 170 15 231 166 0 170 85,	16677472
2016/05/13 15:18:03.412	 85 170 11 132 101 0 170 85,	12076624
2016/05/13 15:18:03.419	 85 170 3 45 120 0 170 85,	3331968
2016/05/13 15:18:03.459	 85 170 250 132 112 0 170 85,	11028224
2016/05/13 15:18:03.506	 85 170 244 246 217 0 170 85,	5205392
2016/05/13 15:18:03.515	 85 170 245 22 38 0 170 85,	5333600
2016/05/13 15:18:03.553	 85 170 250 175 245 0 170 85,	11206480
2016/05/13 15:18:03.599	 85 170 3 123 142 0 170 85,	3651808
2016/05/13 15:18:03.647	 85 170 11 202 43 0 170 85,	12362416
2016/05/13 15:18:03.655	 85 170 15 241 3 0 170 85,	16715824
2016/05/13 15:18:03.695	 85 170 14 39 178 0 170 85,	14842656
2016/05/13 15:18:03.742	 85 170 7 35 11 0 170 85,	7483568
2016/05/13 15:18:03.752	 85 170 254 11 211 0 170 85,	14728496
2016/05/13 15:18:03.773	 85 170 15 234 8 0 170 85,	16687232
2016/05/13 15:18:03.833	 85 170 11 152 49 0 170 85,	12157712
2016/05/13 15:18:03.841	 85 170 3 68 22 0 170 85,	3424608
2016/05/13 15:18:03.882	 85 170 250 127 241 0 170 85,	11009808
2016/05/13 15:18:03.928	 85 170 245 37 81 0 170 85,	5395728
2016/05/13 15:18:03.933	 85 170 245 20 241 0 170 85,	5328656
2016/05/13 15:18:03.975	 85 170 250 158 170 0 170 85,	11135648
2016/05/13 15:18:04.023	 85 170 3 102 207 0 170 85,	3566832
2016/05/13 15:18:04.033	 85 170 11 195 2 0 170 85,	12333088
2016/05/13 15:18:04.070	 85 170 15 238 192 0 170 85,	16706560
2016/05/13 15:18:04.116	 85 170 14 43 127 0 170 85,	14858224
2016/05/13 15:18:04.119	 85 170 7 55 156 0 170 85,	7567808
2016/05/13 15:18:04.164	 85 170 254 59 47 0 170 85,	14922480
2016/05/13 15:18:04.208	 85 170 15 219 105 0 170 85,	16627344
2016/05/13 15:18:04.255	 85 170 11 175 154 0 170 85,	12253600
2016/05/13 15:18:04.259	 85 170 3 134 29 0 170 85,	3695056
2016/05/13 15:18:04.302	 85 170 250 175 145 0 170 85,	11204880
2016/05/13 15:18:04.349	 85 170 245 68 230 0 170 85,	5525088
2016/05/13 15:18:04.353	 85 170 245 22 139 0 170 85,	5335216
2016/05/13 15:18:04.397	 85 170 250 122 0 0 170 85,	10985472
2016/05/13 15:18:04.443	 85 170 3 66 105 0 170 85,	3417744
2016/05/13 15:18:04.447	 85 170 11 163 183 0 170 85,	12204912
2016/05/13 15:18:04.491	 85 170 15 235 245 0 170 85,	16695120
2016/05/13 15:18:04.539	 85 170 14 29 144 0 170 85,	14801152
2016/05/13 15:18:04.546	 85 170 7 84 26 0 170 85,	7684512
2016/05/13 15:18:04.585	 85 170 254 62 40 0 170 85,	14934656
2016/05/13 15:18:04.631	 85 170 247 3 160 0 170 85,	7354880
2016/05/13 15:18:04.639	 85 170 11 182 242 0 170 85,	12283680
2016/05/13 15:18:04.676	 85 170 3 144 221 0 170 85,	3739088
2016/05/13 15:18:04.723	 85 170 250 210 53 0 170 85,	11346768
2016/05/13 15:18:04.772	 85 170 245 66 154 0 170 85,	5515680
2016/05/13 15:18:04.775	 85 170 245 7 137 0 170 85,	5273744
2016/05/13 15:18:04.819	 85 170 250 97 243 0 170 85,	10886960
2016/05/13 15:18:04.830	 85 170 3 6 253 0 170 85,	3174352
2016/05/13 15:18:04.865	 85 170 11 116 51 0 170 85,	12010288
2016/05/13 15:18:04.912	 85 170 15 194 60 0 170 85,	16524224
2016/05/13 15:18:04.959	 85 170 14 64 154 0 170 85,	14944672
2016/05/13 15:18:04.965	 85 170 7 151 242 0 170 85,	7962400
2016/05/13 15:18:05.006	 85 170 254 140 209 0 170 85,	15256848
2016/05/13 15:18:05.052	 85 170 247 66 203 0 170 85,	7613616
2016/05/13 15:18:05.059	 85 170 12 3 32 0 170 85,	12595712
2016/05/13 15:18:05.100	 85 170 3 247 238 0 170 85,	4161248
2016/05/13 15:18:05.147	 85 170 251 49 86 0 170 85,	11736416
2016/05/13 15:18:05.157	 85 170 245 137 30 0 170 85,	5804512
2016/05/13 15:18:05.193	 85 170 244 242 28 0 170 85,	5185984
2016/05/13 15:18:05.241	 85 170 250 0 124 0 170 85,	10487744
2016/05/13 15:18:05.249	 85 170 2 130 101 0 170 85,	2631248
2016/05/13 15:18:05.288	 85 170 11 12 113 0 170 85,	11585296
2016/05/13 15:18:05.334	 85 170 15 192 131 0 170 85,	16517168
2016/05/13 15:18:05.343	 85 170 14 144 39 0 170 85,	15270512
2016/05/13 15:18:05.381	 85 170 8 15 63 0 170 85,	8451056
2016/05/13 15:18:05.426	 85 170 255 50 197 0 170 85,	15936592
2016/05/13 15:18:05.474	 85 170 247 168 79 0 170 85,	8029424
2016/05/13 15:18:05.480	 85 170 12 99 105 0 170 85,	12990096
2016/05/13 15:18:05.521	 85 170 4 135 88 0 170 85,	4748672
2016/05/13 15:18:05.569	 85 170 251 183 130 0 170 85,	12285984
2016/05/13 15:18:05.572	 85 170 245 166 215 0 170 85,	5926256
2016/05/13 15:18:05.616	 85 170 244 199 98 0 170 85,	5010976
2016/05/13 15:18:05.663	 85 170 249 124 109 0 170 85,	9946832
2016/05/13 15:18:05.669	 85 170 1 251 28 0 170 85,	2077120
2016/05/13 15:18:05.708	 85 170 10 150 217 0 170 85,	11103632
2016/05/13 15:18:05.756	 85 170 15 136 182 0 170 85,	16288608
2016/05/13 15:18:05.764	 85 170 14 188 16 0 170 85,	15450368
2016/05/13 15:18:05.804	 85 170 8 142 217 0 170 85,	8973712
2016/05/13 15:18:05.821	 85 170 255 161 165 0 170 85,	16390736
2016/05/13 15:18:05.898	 85 170 247 251 37 0 170 85,	8368720
2016/05/13 15:18:05.904	 85 170 12 191 31 0 170 85,	13365744
2016/05/13 15:18:05.944	 85 170 5 16 141 0 170 85,	5310672
2016/05/13 15:18:05.957	 85 170 252 55 21 0 170 85,	12808528
2016/05/13 15:18:05.990	 85 170 245 233 152 0 170 85,	6199680
2016/05/13 15:18:06.038	 85 170 244 159 235 0 170 85,	4849328
2016/05/13 15:18:06.083	 85 170 249 7 199 0 170 85,	9469040
2016/05/13 15:18:06.088	 85 170 1 75 217 0 170 85,	1359248
2016/05/13 15:18:06.130	 85 170 9 255 199 0 170 85,	10484848
2016/05/13 15:18:06.177	 85 170 15 118 59 0 170 85,	16212912
2016/05/13 15:18:06.180	 85 170 14 253 120 0 170 85,	15718272
2016/05/13 15:18:06.224	 85 170 9 19 91 0 170 85,	9516464
2016/05/13 15:18:06.272	 85 170 0 83 11 0 170 85,	340144
2016/05/13 15:18:06.274	 85 170 248 102 51 0 170 85,	8807216
2016/05/13 15:18:06.318	 85 170 13 27 85 0 170 85,	13743440
2016/05/13 15:18:06.366	 85 170 5 190 119 0 170 85,	6023024
2016/05/13 15:18:06.374	 85 170 252 212 212 0 170 85,	13454656
2016/05/13 15:18:06.412	 85 170 246 41 185 0 170 85,	6462352
2016/05/13 15:18:06.460	 85 170 244 130 245 0 170 85,	4730704
2016/05/13 15:18:06.466	 85 170 248 154 9 0 170 85,	9019536
2016/05/13 15:18:06.506	 85 170 0 161 2 0 170 85,	659488
2016/05/13 15:18:06.552	 85 170 9 133 12 0 170 85,	9982144
2016/05/13 15:18:06.557	 85 170 15 54 169 0 170 85,	15952528
2016/05/13 15:18:06.601	 85 170 15 70 105 0 170 85,	16017040
2016/05/13 15:18:06.647	 85 170 9 179 190 0 170 85,	10173408
2016/05/13 15:18:06.658	 85 170 0 233 28 0 170 85,	954816
2016/05/13 15:18:06.693	 85 170 248 226 28 0 170 85,	9314752
2016/05/13 15:18:06.741	 85 170 13 117 97 0 170 85,	14112272
2016/05/13 15:18:06.746	 85 170 6 63 51 0 170 85,	6550320
2016/05/13 15:18:06.788	 85 170 253 71 173 0 170 85,	13925072
2016/05/13 15:18:06.835	 85 170 246 130 108 0 170 85,	6825664
2016/05/13 15:18:06.880	 85 170 244 113 45 0 170 85,	4657872
2016/05/13 15:18:06.885	 85 170 248 22 22 0 170 85,	8479072
2016/05/13 15:18:06.927	 85 170 0 8 106 0 170 85,	34464
2016/05/13 15:18:06.974	 85 170 8 253 30 0 170 85,	9425376
2016/05/13 15:18:06.984	 85 170 15 23 190 0 170 85,	15825888
2016/05/13 15:18:07.022	 85 170 15 102 97 0 170 85,	16147984
2016/05/13 15:18:07.068	 85 170 10 59 211 0 170 85,	10730800
2016/05/13 15:18:07.076	 85 170 1 195 36 0 170 85,	1847872
2016/05/13 15:18:07.116	 85 170 249 93 175 0 170 85,	9820912
2016/05/13 15:18:07.163	 85 170 244 200 112 0 170 85,	5015296
2016/05/13 15:18:07.167	 85 170 7 12 56 0 170 85,	7390080
2016/05/13 15:18:07.208	 85 170 254 29 154 0 170 85,	14801312
2016/05/13 15:18:07.257	 85 170 246 248 42 0 170 85,	7307936
2016/05/13 15:18:07.263	 85 170 244 92 213 0 170 85,	4574544
2016/05/13 15:18:07.303	 85 170 247 129 98 0 170 85,	7869984
2016/05/13 15:18:07.350	 85 170 255 17 205 0 170 85,	15801552
2016/05/13 15:18:07.354	 85 170 8 30 137 0 170 85,	8513680
2016/05/13 15:18:07.395	 85 170 14 155 206 0 170 85,	15318240
2016/05/13 15:18:07.445	 85 170 15 151 114 0 170 85,	16348960
2016/05/13 15:18:07.469	 85 170 10 230 164 0 170 85,	11430464
2016/05/13 15:18:07.488	 85 170 2 144 14 0 170 85,	2687200
2016/05/13 15:18:07.538	 85 170 249 254 192 0 170 85,	10480640
2016/05/13 15:18:07.586	 85 170 244 241 141 0 170 85,	5183696
2016/05/13 15:18:07.596	 85 170 7 229 229 0 170 85,	8281680
2016/05/13 15:18:07.631	 85 170 254 243 41 0 170 85,	15676048
2016/05/13 15:18:07.677	 85 170 247 119 199 0 170 85,	7830640
2016/05/13 15:18:07.682	 85 170 244 73 131 0 170 85,	4495408
2016/05/13 15:18:07.724	 85 170 247 0 75 0 170 85,	7341232
2016/05/13 15:18:07.772	 85 170 254 88 93 0 170 85,	15042000
2016/05/13 15:18:07.780	 85 170 7 111 173 0 170 85,	7797456
2016/05/13 15:18:07.819	 85 170 14 59 186 0 170 85,	14924704
2016/05/13 15:18:07.866	 85 170 15 196 15 0 170 85,	16531696
2016/05/13 15:18:07.875	 85 170 11 131 57 0 170 85,	12071824
2016/05/13 15:18:07.912	 85 170 3 78 86 0 170 85,	3466592
2016/05/13 15:18:07.958	 85 170 250 173 172 0 170 85,	11197120
2016/05/13 15:18:07.964	 85 170 245 58 229 0 170 85,	5484112
2016/05/13 15:18:08.006	 85 170 8 150 122 0 170 85,	9004960
2016/05/13 15:18:08.053	 85 170 255 186 98 0 170 85,	16492064
2016/05/13 15:18:08.056	 85 170 247 248 31 0 170 85,	8356336
2016/05/13 15:18:08.099	 85 170 244 115 8 0 170 85,	4665472
2016/05/13 15:18:08.146	 85 170 246 168 195 0 170 85,	6982704
2016/05/13 15:18:08.192	 85 170 253 181 133 0 170 85,	14374992
2016/05/13 15:18:08.197	 85 170 6 199 84 0 170 85,	7107904
2016/05/13 15:18:08.241	 85 170 13 224 66 0 170 85,	14550048
2016/05/13 15:18:08.250	 85 170 15 224 59 0 170 85,	16647088
2016/05/13 15:18:08.286	 85 170 12 18 111 0 170 85,	12658416
2016/05/13 15:18:08.336	 85 170 4 24 182 0 170 85,	4295520
2016/05/13 15:18:08.380	 85 170 251 74 141 0 170 85,	11839696
2016/05/13 15:18:08.384	 85 170 245 126 125 0 170 85,	5760976
2016/05/13 15:18:08.428	 85 170 9 26 27 0 170 85,	9544112
2016/05/13 15:18:08.474	 85 170 0 85 125 0 170 85,	350160
2016/05/13 15:18:08.522	 85 170 248 86 59 0 170 85,	8741808
2016/05/13 15:18:08.527	 85 170 244 145 8 0 170 85,	4788352
2016/05/13 15:18:08.570	 85 170 246 46 71 0 170 85,	6481008
2016/05/13 15:18:08.616	 85 170 253 2 127 0 170 85,	13641712
2016/05/13 15:18:08.621	 85 170 5 255 185 0 170 85,	6290320
2016/05/13 15:18:08.661	 85 170 13 128 142 0 170 85,	14158048
2016/05/13 15:18:08.709	 85 170 15 251 80 0 170 85,	16758016
2016/05/13 15:18:08.719	 85 170 12 130 243 0 170 85,	13119280
2016/05/13 15:18:08.757	 85 170 4 186 70 0 170 85,	4957280
2016/05/13 15:18:08.773	 85 170 251 239 160 0 170 85,	12515840
2016/05/13 15:18:08.849	 85 170 245 182 137 0 170 85,	5990544
2016/05/13 15:18:08.853	 85 170 9 194 102 0 170 85,	10233440
2016/05/13 15:18:08.896	 85 170 1 28 192 0 170 85,	1166336
2016/05/13 15:18:08.902	 85 170 248 227 163 0 170 85,	9321008
2016/05/13 15:18:08.944	 85 170 244 167 93 0 170 85,	4879824
2016/05/13 15:18:08.992	 85 170 245 228 171 0 170 85,	6179504
2016/05/13 15:18:09.003	 85 170 252 74 165 0 170 85,	12888656
2016/05/13 15:18:09.036	 85 170 5 64 87 0 170 85,	5506416
2016/05/13 15:18:09.084	 85 170 13 12 92 0 170 85,	13682112
2016/05/13 15:18:09.130	 85 170 15 239 146 0 170 85,	16709920
2016/05/13 15:18:09.135	 85 170 13 24 241 0 170 85,	13733648
2016/05/13 15:18:09.177	 85 170 5 96 133 0 170 85,	5638224
2016/05/13 15:18:09.224	 85 170 252 138 23 0 170 85,	13148528
2016/05/13 15:18:09.229	 85 170 246 20 45 0 170 85,	6374096
2016/05/13 15:18:09.271	 85 170 10 93 24 0 170 85,	10867072
2016/05/13 15:18:09.318	 85 170 1 235 0 0 170 85,	2011136
2016/05/13 15:18:09.321	 85 170 249 142 102 0 170 85,	10020448
2016/05/13 15:18:09.365	 85 170 244 219 61 0 170 85,	5092304
2016/05/13 15:18:09.415	 85 170 245 146 249 0 170 85,	5844880
2016/05/13 15:18:09.431	 85 170 251 138 207 0 170 85,	12102896
2016/05/13 15:18:09.459	 85 170 4 92 216 0 170 85,	4574592
2016/05/13 15:18:09.506	 85 170 12 113 90 0 170 85,	13047200
2016/05/13 15:18:09.511	 85 170 15 224 208 0 170 85,	16649472
2016/05/13 15:18:09.553	 85 170 13 148 180 0 170 85,	14240576
2016/05/13 15:18:09.599	 85 170 6 121 205 0 170 85,	6790352
2016/05/13 15:18:09.604	 85 170 253 136 39 0 170 85,	14189168
2016/05/13 15:18:09.646	 85 170 246 133 240 0 170 85,	6840064
2016/05/13 15:18:09.693	 85 170 11 36 47 0 170 85,	11682544
2016/05/13 15:18:09.741	 85 170 2 189 30 0 170 85,	2871776
2016/05/13 15:18:09.758	 85 170 250 45 155 0 170 85,	10672560
2016/05/13 15:18:09.768	 85 170 245 5 64 0 170 85,	5264384
2016/05/13 15:18:09.835	 85 170 245 31 180 0 170 85,	5372736
2016/05/13 15:18:09.843	 85 170 250 196 70 0 170 85,	11289696
2016/05/13 15:18:09.881	 85 170 3 125 209 0 170 85,	3661072
2016/05/13 15:18:09.928	 85 170 11 191 78 0 170 85,	12317920
2016/05/13 15:18:09.939	 85 170 15 212 136 0 170 85,	16599168
2016/05/13 15:18:09.974	 85 170 14 6 205 0 170 85,	14707920
2016/05/13 15:18:10.022	 85 170 7 57 185 0 170 85,	7576464
2016/05/13 15:18:10.030	 85 170 254 85 200 0 170 85,	15031424
2016/05/13 15:18:10.069	 85 170 247 42 104 0 170 85,	7513728
2016/05/13 15:18:10.114	 85 170 11 226 253 0 170 85,	12464080
2016/05/13 15:18:10.119	 85 170 3 174 168 0 170 85,	3861120
2016/05/13 15:18:10.162	 85 170 251 12 212 0 170 85,	11586880
2016/05/13 15:18:10.210	 85 170 245 84 123 0 170 85,	5588912
2016/05/13 15:18:10.213	 85 170 244 218 138 0 170 85,	5089440
2016/05/13 15:18:10.256	 85 170 249 223 239 0 170 85,	10354416
2016/05/13 15:18:10.302	 85 170 2 116 160 0 170 85,	2574848
2016/05/13 15:18:10.348	 85 170 10 223 95 0 170 85,	11400688
2016/05/13 15:18:10.350	 85 170 15 179 147 0 170 85,	16464176
2016/05/13 15:18:10.396	 85 170 14 152 214 0 170 85,	15306080
2016/05/13 15:18:10.444	 85 170 8 92 223 0 170 85,	8769008
2016/05/13 15:18:10.450	 85 170 255 138 106 0 170 85,	16295584
2016/05/13 15:18:10.491	 85 170 247 222 206 0 170 85,	8252640
2016/05/13 15:18:10.499	 85 170 12 196 196 0 170 85,	13388864
2016/05/13 15:18:10.539	 85 170 5 14 199 0 170 85,	5303408
2016/05/13 15:18:10.585	 85 170 252 50 21 0 170 85,	12788048
2016/05/13 15:18:10.594	 85 170 245 228 54 0 170 85,	6177632
2016/05/13 15:18:10.631	 85 170 244 140 61 0 170 85,	4768720
2016/05/13 15:18:10.677	 85 170 248 222 108 0 170 85,	9299648
2016/05/13 15:18:10.725	 85 170 1 26 210 0 170 85,	1158432
2016/05/13 15:18:10.730	 85 170 9 232 0 0 170 85,	10387456
2016/05/13 15:18:10.770	 85 170 15 94 143 0 170 85,	16115952
2016/05/13 15:18:10.819	 85 170 15 52 180 0 170 85,	15944512
2016/05/13 15:18:10.826	 85 170 9 130 63 0 170 85,	9970672
2016/05/13 15:18:10.865	 85 170 0 189 225 0 170 85,	777744
2016/05/13 15:18:10.913	 85 170 248 159 37 0 170 85,	9040464
2016/05/13 15:18:10.959	 85 170 13 120 252 0 170 85,	14127040
2016/05/13 15:18:10.963	 85 170 6 36 183 0 170 85,	6441840
2016/05/13 15:18:11.005	 85 170 253 52 132 0 170 85,	13846592
2016/05/13 15:18:11.054	 85 170 246 41 254 0 170 85,	6463456
2016/05/13 15:18:11.071	 85 170 244 78 78 0 170 85,	4515040
2016/05/13 15:18:11.082	 85 170 248 47 76 0 170 85,	8582336
2016/05/13 15:18:11.146	 85 170 0 30 18 0 170 85,	123168
2016/05/13 15:18:11.150	 85 170 9 22 240 0 170 85,	9531136
2016/05/13 15:18:11.194	 85 170 15 25 129 0 170 85,	15833104
2016/05/13 15:18:11.240	 85 170 15 103 230 0 170 85,	16154208
2016/05/13 15:18:11.243	 85 170 10 57 109 0 170 85,	10720976
2016/05/13 15:18:11.287	 85 170 1 158 211 0 170 85,	1699120
2016/05/13 15:18:11.334	 85 170 249 68 89 0 170 85,	9717136
2016/05/13 15:18:11.336	 85 170 13 246 42 0 170 85,	14639776
2016/05/13 15:18:11.382	 85 170 7 14 151 0 170 85,	7399792
2016/05/13 15:18:11.427	 85 170 254 35 33 0 170 85,	14823952
2016/05/13 15:18:11.434	 85 170 246 255 167 0 170 85,	7338608
2016/05/13 15:18:11.474	 85 170 244 92 198 0 170 85,	4574304
2016/05/13 15:18:11.522	 85 170 247 86 153 0 170 85,	7694736
2016/05/13 15:18:11.569	 85 170 254 239 29 0 170 85,	15659472
2016/05/13 15:18:11.573	 85 170 7 234 25 0 170 85,	8298896
2016/05/13 15:18:11.615	 85 170 14 127 87 0 170 85,	15201648
2016/05/13 15:18:11.663	 85 170 15 194 86 0 170 85,	16524640
2016/05/13 15:18:11.669	 85 170 11 50 172 0 170 85,	11741888
2016/05/13 15:18:11.709	 85 170 2 238 56 0 170 85,	3072896
2016/05/13 15:18:11.756	 85 170 250 62 138 0 170 85,	10741920
2016/05/13 15:18:11.758	 85 170 14 129 31 0 170 85,	15208944
2016/05/13 15:18:11.802	 85 170 8 14 212 0 170 85,	8449344
2016/05/13 15:18:11.848	 85 170 255 50 86 0 170 85,	15934816
2016/05/13 15:18:11.851	 85 170 247 141 165 0 170 85,	7920208
2016/05/13 15:18:11.896	 85 170 244 95 128 0 170 85,	4585472
2016/05/13 15:18:11.942	 85 170 246 217 92 0 170 85,	7181760
2016/05/13 15:18:11.945	 85 170 254 3 97 0 170 85,	14693904
2016/05/13 15:18:11.991	 85 170 6 248 217 0 170 85,	7310736
2016/05/13 15:18:12.038	 85 170 13 233 81 0 170 85,	14587152
2016/05/13 15:18:12.050	 85 170 15 215 239 0 170 85,	16613104
2016/05/13 15:18:12.086	 85 170 11 221 227 0 170 85,	12443184
2016/05/13 15:18:12.132	 85 170 3 197 220 0 170 85,	3956160
2016/05/13 15:18:12.140	 85 170 251 27 82 0 170 85,	11646240
2016/05/13 15:18:12.177	 85 170 14 207 61 0 170 85,	15528912
2016/05/13 15:18:12.224	 85 170 8 231 222 0 170 85,	9338336
2016/05/13 15:18:12.231	 85 170 0 24 81 0 170 85,	99600
2016/05/13 15:18:12.271	 85 170 248 76 5 0 170 85,	8699984
2016/05/13 15:18:12.319	 85 170 244 149 123 0 170 85,	4806576
2016/05/13 15:18:12.366	 85 170 246 109 132 0 170 85,	6740032
2016/05/13 15:18:12.372	 85 170 253 46 183 0 170 85,	13822832
2016/05/13 15:18:12.413	 85 170 6 0 32 0 170 85,	6291968
2016/05/13 15:18:12.460	 85 170 13 77 197 0 170 85,	13950032
2016/05/13 15:18:12.468	 85 170 15 179 237 0 170 85,	16465616
2016/05/13 15:18:12.506	 85 170 12 91 101 0 170 85,	12957264
2016/05/13 15:18:12.553	 85 170 4 202 232 0 170 85,	5025408
2016/05/13 15:18:12.560	 85 170 252 10 144 0 170 85,	12626176
2016/05/13 15:18:12.598	 85 170 15 3 72 0 170 85,	15742080
2016/05/13 15:18:12.646	 85 170 9 200 208 0 170 85,	10259712
2016/05/13 15:18:12.650	 85 170 1 64 91 0 170 85,	1312176
2016/05/13 15:18:12.693	 85 170 249 58 213 0 170 85,	9678160
2016/05/13 15:18:12.739	 85 170 244 241 223 0 170 85,	5185008
2016/05/13 15:18:12.742	 85 170 245 254 138 0 170 85,	6285472
2016/05/13 15:18:12.787	 85 170 252 44 223 0 170 85,	12766704
2016/05/13 15:18:12.836	 85 170 4 234 219 0 170 85,	5156272
2016/05/13 15:18:12.843	 85 170 12 135 97 0 170 85,	13137424
2016/05/13 15:18:12.881	 85 170 15 170 65 0 170 85,	16426000
2016/05/13 15:18:12.929	 85 170 12 241 110 0 170 85,	13571808
2016/05/13 15:18:12.935	 85 170 5 207 198 0 170 85,	6093920
2016/05/13 15:18:12.974	 85 170 253 23 12 0 170 85,	13725888
2016/05/13 15:18:13.023	 85 170 15 77 141 0 170 85,	16046288
2016/05/13 15:18:13.032	 85 170 10 150 25 0 170 85,	11100560
2016/05/13 15:18:13.069	 85 170 2 104 157 0 170 85,	2525648
2016/05/13 15:18:13.115	 85 170 250 9 115 0 170 85,	10524464
2016/05/13 15:18:13.164	 85 170 245 52 208 0 170 85,	5459200
2016/05/13 15:18:13.168	 85 170 245 161 44 0 170 85,	5903040
2016/05/13 15:18:13.208	 85 170 251 55 111 0 170 85,	11761392
2016/05/13 15:18:13.255	 85 170 3 215 160 0 170 85,	4028928
2016/05/13 15:18:13.261	 85 170 11 180 92 0 170 85,	12273088
2016/05/13 15:18:13.302	 85 170 15 125 251 0 170 85,	16244656
2016/05/13 15:18:13.349	 85 170 13 107 184 0 170 85,	14072704
2016/05/13 15:18:13.355	 85 170 6 187 12 0 170 85,	7057600
2016/05/13 15:18:13.396	 85 170 254 31 95 0 170 85,	14808560
2016/05/13 15:18:13.443	 85 170 15 55 156 0 170 85,	15956416
2016/05/13 15:18:13.446	 85 170 11 25 170 0 170 85,	11639456
2016/05/13 15:18:13.490	 85 170 3 78 52 0 170 85,	3466048
2016/05/13 15:18:13.538	 85 170 251 14 36 0 170 85,	11592256
2016/05/13 15:18:13.543	 85 170 245 214 204 0 170 85,	6122688
2016/05/13 15:18:13.585	 85 170 246 8 127 0 170 85,	6326256
2016/05/13 15:18:13.631	 85 170 250 222 91 0 170 85,	11396528
2016/05/13 15:18:13.679	 85 170 2 178 107 0 170 85,	2827952
2016/05/13 15:18:13.698	 85 170 10 95 27 0 170 85,	10875312
2016/05/13 15:18:13.707	 85 170 14 162 85 0 170 85,	15344976
2016/05/13 15:18:13.771	 85 170 13 120 210 0 170 85,	14126368
2016/05/13 15:18:13.778	 85 170 7 145 214 0 170 85,	7937376
2016/05/13 15:18:13.819	 85 170 255 95 195 0 170 85,	16120880
2016/05/13 15:18:13.865	 85 170 14 196 182 0 170 85,	15485792
2016/05/13 15:18:13.867	 85 170 11 135 16 0 170 85,	12087552
2016/05/13 15:18:13.912	 85 170 4 141 46 0 170 85,	4772576
2016/05/13 15:18:13.958	 85 170 252 162 57 0 170 85,	13247376
2016/05/13 15:18:13.961	 85 170 246 200 167 0 170 85,	7113328
2016/05/13 15:18:14.007	 85 170 245 166 199 0 170 85,	5926000
2016/05/13 15:18:14.053	 85 170 249 188 35 0 170 85,	10207792
2016/05/13 15:18:14.061	 85 170 1 99 108 0 170 85,	1455808
2016/05/13 15:18:14.100	 85 170 9 88 67 0 170 85,	9798704
2016/05/13 15:18:14.147	 85 170 14 81 156 0 170 85,	15014336
2016/05/13 15:18:14.157	 85 170 13 251 164 0 170 85,	14662208
2016/05/13 15:18:14.193	 85 170 8 183 116 0 170 85,	9140032
2016/05/13 15:18:14.241	 85 170 0 168 218 0 170 85,	691616
2016/05/13 15:18:14.245	 85 170 14 181 54 0 170 85,	15422304
2016/05/13 15:18:14.286	 85 170 12 86 184 0 170 85,	12938112
2016/05/13 15:18:14.334	 85 170 5 187 17 0 170 85,	6009104
2016/05/13 15:18:14.344	 85 170 253 159 177 0 170 85,	14285584
2016/05/13 15:18:14.381	 85 170 247 136 19 0 170 85,	7897392
2016/05/13 15:18:14.428	 85 170 245 171 0 0 170 85,	5943296
2016/05/13 15:18:14.477	 85 170 248 255 200 0 170 85,	9436288
2016/05/13 15:18:14.488	 85 170 0 46 156 0 170 85,	190912
2016/05/13 15:18:14.521	 85 170 8 47 26 0 170 85,	8581536
2016/05/13 15:18:14.568	 85 170 13 168 249 0 170 85,	14323600
2016/05/13 15:18:14.615	 85 170 14 24 46 0 170 85,	14779104
2016/05/13 15:18:14.620	 85 170 9 141 226 0 170 85,	10018336
2016/05/13 15:18:14.663	 85 170 1 224 27 0 170 85,	1966512
2016/05/13 15:18:14.709	 85 170 14 143 202 0 170 85,	15269024
2016/05/13 15:18:14.713	 85 170 12 237 240 0 170 85,	13557504
2016/05/13 15:18:14.756	 85 170 6 225 62 0 170 85,	7214048
2016/05/13 15:18:14.803	 85 170 254 166 87 0 170 85,	15361392
2016/05/13 15:18:14.811	 85 170 248 23 78 0 170 85,	8484064
2016/05/13 15:18:14.849	 85 170 245 164 170 0 170 85,	5917344
2016/05/13 15:18:14.898	 85 170 248 95 236 0 170 85,	8781504
2016/05/13 15:18:14.901	 85 170 255 6 168 0 170 85,	15755904
2016/05/13 15:18:14.943	 85 170 6 252 206 0 170 85,	7326944
2016/05/13 15:18:14.989	 85 170 12 128 222 0 170 85,	13110752
2016/05/13 15:18:15.007	 85 170 13 80 129 0 170 85,	13961232
2016/05/13 15:18:15.037	 85 170 9 164 37 0 170 85,	10109520
2016/05/13 15:18:15.084	 85 170 3 76 185 0 170 85,	3459984
2016/05/13 15:18:15.091	 85 170 11 144 31 0 170 85,	12124656
2016/05/13 15:18:15.131	 85 170 11 22 191 0 170 85,	11627504
2016/05/13 15:18:15.176	 85 170 6 181 4 0 170 85,	7032896
2016/05/13 15:18:15.224	 85 170 0 157 155 0 170 85,	645552
2016/05/13 15:18:15.228	 85 170 251 169 221 0 170 85,	12230096
2016/05/13 15:18:15.271	 85 170 249 70 28 0 170 85,	9724352
2016/05/13 15:18:15.319	 85 170 250 164 190 0 170 85,	11160544
2016/05/13 15:18:15.326	 85 170 255 4 137 0 170 85,	15747216
2016/05/13 15:18:15.365	 85 170 4 162 233 0 170 85,	4861584
2016/05/13 15:18:15.412	 85 170 9 161 180 0 170 85,	10099520
2016/05/13 15:18:15.415	 85 170 11 95 172 0 170 85,	11926208
2016/05/13 15:18:15.459	 85 170 8 205 9 0 170 85,	9228432
2016/05/13 15:18:15.507	 85 170 3 183 100 0 170 85,	3896896
2016/05/13 15:18:15.512	 85 170 254 26 107 0 170 85,	14788272
2016/05/13 15:18:15.552	 85 170 10 146 13 0 170 85,	11083984
2016/05/13 15:18:15.599	 85 170 7 17 191 0 170 85,	7412720
2016/05/13 15:18:15.604	 85 170 1 189 27 0 170 85,	1823152
2016/05/13 15:18:15.648	 85 170 252 114 78 0 170 85,	13051104
2016/05/13 15:18:15.692	 85 170 249 132 69 0 170 85,	9978960
2016/05/13 15:18:15.740	 85 170 250 62 163 0 170 85,	10742320
2016/05/13 15:18:15.747	 85 170 254 73 130 0 170 85,	14981152
2016/05/13 15:18:15.786	 85 170 3 225 250 0 170 85,	4071328
2016/05/13 15:18:15.798	 85 170 8 175 20 0 170 85,	9105728
2016/05/13 15:18:15.835	 85 170 10 52 120 0 170 85,	10700672
2016/05/13 15:18:15.881	 85 170 8 108 218 0 170 85,	8834464
2016/05/13 15:18:15.926	 85 170 4 80 130 0 170 85,	4524064
2016/05/13 15:18:15.934	 85 170 255 163 179 0 170 85,	16399152
2016/05/13 15:18:15.975	 85 170 8 149 194 0 170 85,	9002016
2016/05/13 15:18:16.023	 85 170 6 54 205 0 170 85,	6515920
2016/05/13 15:18:16.027	 85 170 2 119 122 0 170 85,	2586528
2016/05/13 15:18:16.069	 85 170 254 254 137 0 170 85,	15722640
2016/05/13 15:18:16.115	 85 170 252 239 254 0 170 85,	13565920
2016/05/13 15:18:16.121	 85 170 253 10 118 0 170 85,	13674336
2016/05/13 15:18:16.164	 85 170 255 74 14 0 170 85,	16031968
2016/05/13 15:18:16.210	 85 170 2 143 211 0 170 85,	2686256
2016/05/13 15:18:16.218	 85 170 5 163 83 0 170 85,	5911856
2016/05/13 15:18:16.255	 85 170 7 37 89 0 170 85,	7493008
2016/05/13 15:18:16.304	 85 170 6 103 237 0 170 85,	6717136
2016/05/13 15:18:16.324	 85 170 3 203 137 0 170 85,	3979408
2016/05/13 15:18:16.349	 85 170 6 137 135 0 170 85,	6854768
2016/05/13 15:18:16.395	 85 170 7 18 230 0 170 85,	7417440
2016/05/13 15:18:16.443	 85 170 5 109 214 0 170 85,	5692768
2016/05/13 15:18:16.446	 85 170 2 149 79 0 170 85,	2708720
2016/05/13 15:18:16.489	 85 170 255 173 191 0 170 85,	16440304
2016/05/13 15:18:16.536	 85 170 253 255 250 0 170 85,	14679968
2016/05/13 15:18:16.539	 85 170 253 228 194 0 170 85,	14568480
2016/05/13 15:18:16.584	 85 170 255 127 153 0 170 85,	16251280
2016/05/13 15:18:16.631	 85 170 2 24 147 0 170 85,	2197808
2016/05/13 15:18:16.666	 85 170 4 172 65 0 170 85,	4899856
2016/05/13 15:18:16.668	 85 170 6 78 241 0 170 85,	6614800
2016/05/13 15:18:16.724	 85 170 6 5 217 0 170 85,	6315408
2016/05/13 15:18:16.727	 85 170 4 50 152 0 170 85,	4401536
2016/05/13 15:18:16.772	 85 170 5 133 182 0 170 85,	5790560
2016/05/13 15:18:16.818	 85 170 6 111 177 0 170 85,	6748944
2016/05/13 15:18:16.823	 85 170 5 156 117 0 170 85,	5883728
2016/05/13 15:18:16.866	 85 170 3 55 85 0 170 85,	3372368
2016/05/13 15:18:16.912	 85 170 0 137 61 0 170 85,	562128
2016/05/13 15:18:16.918	 85 170 254 119 88 0 170 85,	15168896
2016/05/13 15:18:16.958	 85 170 254 4 151 0 170 85,	14698864
2016/05/13 15:18:17.005	 85 170 255 68 249 0 170 85,	16011152
2016/05/13 15:18:17.013	 85 170 1 144 11 0 170 85,	1638576
2016/05/13 15:18:17.053	 85 170 4 56 236 0 170 85,	4427456
2016/05/13 15:18:17.101	 85 170 5 247 52 0 170 85,	6255424
2016/05/13 15:18:17.114	 85 170 6 12 134 0 170 85,	6342752
2016/05/13 15:18:17.147	 85 170 4 97 17 0 170 85,	4591888
2016/05/13 15:18:17.188	 85 170 5 30 200 0 170 85,	5368960
2016/05/13 15:18:17.202	 85 170 6 54 245 0 170 85,	6516560
2016/05/13 15:18:17.240	 85 170 5 124 254 0 170 85,	5754848
2016/05/13 15:18:17.287	 85 170 3 99 188 0 170 85,	3554240
2016/05/13 15:18:17.334	 85 170 0 175 250 0 170 85,	720800
2016/05/13 15:18:17.336	 85 170 254 189 143 0 170 85,	15456496
2016/05/13 15:18:17.380	 85 170 254 70 186 0 170 85,	14969760
2016/05/13 15:18:17.427	 85 170 255 69 238 0 170 85,	16015072
2016/05/13 15:18:17.436	 85 170 1 158 78 0 170 85,	1696992
2016/05/13 15:18:17.473	 85 170 4 17 152 0 170 85,	4266368
2016/05/13 15:18:17.521	 85 170 5 179 83 0 170 85,	5977392
2016/05/13 15:18:17.524	 85 170 5 184 214 0 170 85,	5999968
2016/05/13 15:18:17.568	 85 170 4 77 66 0 170 85,	4510752
2016/05/13 15:18:17.616	 85 170 4 217 135 0 170 85,	5085296
2016/05/13 15:18:17.627	 85 170 5 251 197 0 170 85,	6274128
2016/05/13 15:18:17.662	 85 170 5 139 210 0 170 85,	5815584
2016/05/13 15:18:17.709	 85 170 3 172 201 0 170 85,	3853456
2016/05/13 15:18:17.713	 85 170 1 36 19 0 170 85,	1196336
2016/05/13 15:18:17.755	 85 170 254 211 205 0 170 85,	15547600
2016/05/13 15:18:17.803	 85 170 253 227 246 0 170 85,	14565216
2016/05/13 15:18:17.813	 85 170 254 179 218 0 170 85,	15416736
2016/05/13 15:18:17.850	 85 170 0 211 163 0 170 85,	866864
2016/05/13 15:18:17.897	 85 170 3 183 62 0 170 85,	3896288
2016/05/13 15:18:17.946	 85 170 5 244 31 0 170 85,	6242800
2016/05/13 15:18:17.964	 85 170 6 141 100 0 170 85,	6870592
2016/05/13 15:18:17.972	 85 170 5 95 241 0 170 85,	5635856
2016/05/13 15:18:18.036	 85 170 4 184 212 0 170 85,	4951360
2016/05/13 15:18:18.039	 85 170 6 82 254 0 170 85,	6631392
2016/05/13 15:18:18.085	 85 170 6 34 246 0 170 85,	6434656
2016/05/13 15:18:18.132	 85 170 4 99 213 0 170 85,	4603216
2016/05/13 15:18:18.133	 85 170 1 205 204 0 170 85,	1891520
2016/05/13 15:18:18.178	 85 170 255 72 90 0 170 85,	16024992
2016/05/13 15:18:18.224	 85 170 254 17 67 0 170 85,	14750768
2016/05/13 15:18:18.230	 85 170 254 151 140 0 170 85,	15300800
2016/05/13 15:18:18.273	 85 170 0 147 18 0 170 85,	602400
2016/05/13 15:18:18.290	 85 170 2 253 147 0 170 85,	3135792
2016/05/13 15:18:18.366	 85 170 5 46 47 0 170 85,	5432048
2016/05/13 15:18:18.369	 85 170 6 27 229 0 170 85,	6405712
2016/05/13 15:18:18.411	 85 170 5 53 130 0 170 85,	5462048
2016/05/13 15:18:18.419	 85 170 3 53 22 0 170 85,	3363168
2016/05/13 15:18:18.461	 85 170 5 164 176 0 170 85,	5917440
2016/05/13 15:18:18.506	 85 170 5 221 84 0 170 85,	6149440
2016/05/13 15:18:18.551	 85 170 4 108 146 0 170 85,	4639008
2016/05/13 15:18:18.555	 85 170 2 28 47 0 170 85,	2212592
2016/05/13 15:18:18.599	 85 170 255 170 102 0 170 85,	16426592
2016/05/13 15:18:18.646	 85 170 254 79 198 0 170 85,	15006816
2016/05/13 15:18:18.648	 85 170 254 106 227 0 170 85,	15117872
2016/05/13 15:18:18.693	 85 170 0 84 211 0 170 85,	347440
2016/05/13 15:18:18.740	 85 170 3 92 59 0 170 85,	3523504
2016/05/13 15:18:18.745	 85 170 5 187 62 0 170 85,	6009824
2016/05/13 15:18:18.787	 85 170 6 219 122 0 170 85,	7190432
2016/05/13 15:18:18.835	 85 170 6 45 146 0 170 85,	6478112
2016/05/13 15:18:18.841	 85 170 3 105 250 0 170 85,	3579808
2016/05/13 15:18:18.880	 85 170 7 136 42 0 170 85,	7897760
2016/05/13 15:18:18.929	 85 170 7 173 31 0 170 85,	8049136
2016/05/13 15:18:18.940	 85 170 4 210 200 0 170 85,	5057664
2016/05/13 15:18:18.975	 85 170 0 157 167 0 170 85,	645744
2016/05/13 15:18:19.022	 85 170 252 168 125 0 170 85,	13273040
2016/05/13 15:18:19.028	 85 170 250 239 200 0 170 85,	11467904
2016/05/13 15:18:19.068	 85 170 252 199 253 0 170 85,	13402064
2016/05/13 15:18:19.115	 85 170 0 216 67 0 170 85,	885808
2016/05/13 15:18:19.162	 85 170 5 76 25 0 170 85,	5554576
2016/05/13 15:18:19.166	 85 170 8 139 57 0 170 85,	8958864
2016/05/13 15:18:19.209	 85 170 9 68 198 0 170 85,	9718880
2016/05/13 15:18:19.257	 85 170 7 11 87 0 170 85,	7386480
2016/05/13 15:18:19.272	 85 170 2 174 30 0 170 85,	2810336
2016/05/13 15:18:19.279	 85 170 9 177 116 0 170 85,	10164032
2016/05/13 15:18:19.350	 85 170 9 22 93 0 170 85,	9528784
2016/05/13 15:18:19.360	 85 170 5 142 56 0 170 85,	5825408
2016/05/13 15:18:19.396	 85 170 0 131 172 0 170 85,	539328
2016/05/13 15:18:19.443	 85 170 252 48 46 0 170 85,	12780256
2016/05/13 15:18:19.448	 85 170 250 112 193 0 170 85,	10947600
2016/05/13 15:18:19.490	 85 170 251 183 59 0 170 85,	12284848
2016/05/13 15:18:19.538	 85 170 255 203 201 0 170 85,	16563344
2016/05/13 15:18:19.542	 85 170 4 235 188 0 170 85,	5159872
2016/05/13 15:18:19.585	 85 170 8 255 236 0 170 85,	9436864
2016/05/13 15:18:19.631	 85 170 10 37 10 0 170 85,	10637472
2016/05/13 15:18:19.634	 85 170 8 11 201 0 170 85,	8436880
2016/05/13 15:18:19.679	 85 170 3 158 109 0 170 85,	3794640
2016/05/13 15:18:19.723	 85 170 9 152 62 0 170 85,	10060768
2016/05/13 15:18:19.747	 85 170 9 197 16 0 170 85,	10244352
2016/05/13 15:18:19.771	 85 170 6 189 166 0 170 85,	7068256
2016/05/13 15:18:19.820	 85 170 1 171 32 0 170 85,	1749504
2016/05/13 15:18:19.831	 85 170 252 180 197 0 170 85,	13323344
2016/05/13 15:18:19.866	 85 170 249 251 24 0 170 85,	10465664
2016/05/13 15:18:19.914	 85 170 250 224 174 0 170 85,	11406048
2016/05/13 15:18:19.930	 85 170 254 131 43 0 170 85,	15217328
2016/05/13 15:18:19.958	 85 170 3 123 101 0 170 85,	3651152
2016/05/13 15:18:20.006	 85 170 7 235 234 0 170 85,	8306336
2016/05/13 15:18:20.052	 85 170 10 36 58 0 170 85,	10634144
2016/05/13 15:18:20.058	 85 170 8 220 125 0 170 85,	9291728
2016/05/13 15:18:20.100	 85 170 4 199 189 0 170 85,	5012432
2016/05/13 15:18:20.146	 85 170 9 24 235 0 170 85,	9539248
2016/05/13 15:18:20.151	 85 170 9 236 79 0 170 85,	10405104
2016/05/13 15:18:20.194	 85 170 7 149 229 0 170 85,	7954000
2016/05/13 15:18:20.240	 85 170 3 4 165 0 170 85,	3164752
2016/05/13 15:18:20.252	 85 170 253 223 38 0 170 85,	14545504
2016/05/13 15:18:20.286	 85 170 250 141 211 0 170 85,	11066672
2016/05/13 15:18:20.333	 85 170 250 98 168 0 170 85,	10889856
2016/05/13 15:18:20.336	 85 170 253 99 34 0 170 85,	14037536
2016/05/13 15:18:20.380	 85 170 2 25 108 0 170 85,	2201280
2016/05/13 15:18:20.427	 85 170 6 178 248 0 170 85,	7024512
2016/05/13 15:18:20.430	 85 170 8 229 25 0 170 85,	9326992
2016/05/13 15:18:20.474	 85 170 8 124 64 0 170 85,	8897536
2016/05/13 15:18:20.520	 85 170 5 191 88 0 170 85,	6026624
2016/05/13 15:18:20.567	 85 170 6 175 42 0 170 85,	7008928
2016/05/13 15:18:20.571	 85 170 8 147 167 0 170 85,	8993392
2016/05/13 15:18:20.615	 85 170 7 20 180 0 170 85,	7424832
2016/05/13 15:18:20.661	 85 170 4 87 115 0 170 85,	4552496
2016/05/13 15:18:20.708	 85 170 0 167 105 0 170 85,	685712
2016/05/13 15:18:20.711	 85 170 253 154 61 0 170 85,	14263248
2016/05/13 15:18:20.755	 85 170 252 82 34 0 170 85,	12919328
2016/05/13 15:18:20.803	 85 170 253 109 117 0 170 85,	14079824
2016/05/13 15:18:20.809	 85 170 0 95 242 0 170 85,	392992
2016/05/13 15:18:20.850	 85 170 4 15 28 0 170 85,	4256192
2016/05/13 15:18:20.897	 85 170 6 241 199 0 170 85,	7281776
2016/05/13 15:18:20.913	 85 170 7 205 219 0 170 85,	8183216
2016/05/13 15:18:20.944	 85 170 6 20 116 0 170 85,	6375232
2016/05/13 15:18:20.990	 85 170 5 135 26 0 170 85,	5796256
2016/05/13 15:18:20.995	 85 170 7 167 153 0 170 85,	8026512
2016/05/13 15:18:21.038	 85 170 7 134 9 0 170 85,	7889040
2016/05/13 15:18:21.083	 85 170 5 12 157 0 170 85,	5294544
2016/05/13 15:18:21.088	 85 170 1 33 66 0 170 85,	1184800
2016/05/13 15:18:21.130	 85 170 253 172 0 0 170 85,	14336000
2016/05/13 15:18:21.178	 85 170 252 47 159 0 170 85,	12777968
2016/05/13 15:18:21.183	 85 170 252 218 131 0 170 85,	13477936
2016/05/13 15:18:21.224	 85 170 255 167 242 0 170 85,	16416544
2016/05/13 15:18:21.272	 85 170 3 91 147 0 170 85,	3520816
2016/05/13 15:18:21.318	 85 170 6 128 166 0 170 85,	6818400
2016/05/13 15:18:21.321	 85 170 7 234 255 0 170 85,	8302576
2016/05/13 15:18:21.364	 85 170 6 214 45 0 170 85,	7168720
2016/05/13 15:18:21.412	 85 170 4 153 114 0 170 85,	4822816
2016/05/13 15:18:21.414	 85 170 7 83 172 0 170 85,	7682752
2016/05/13 15:18:21.459	 85 170 7 201 120 0 170 85,	8165248
2016/05/13 15:18:21.506	 85 170 5 246 156 0 170 85,	6252992
2016/05/13 15:18:21.512	 85 170 2 121 34 0 170 85,	2593312
2016/05/13 15:18:21.552	 85 170 254 216 228 0 170 85,	15568448
2016/05/13 15:18:21.599	 85 170 252 132 249 0 170 85,	13127568
2016/05/13 15:18:21.602	 85 170 252 117 135 0 170 85,	13064304
2016/05/13 15:18:21.645	 85 170 254 171 186 0 170 85,	15383456
2016/05/13 15:18:21.694	 85 170 2 74 18 0 170 85,	2400544
2016/05/13 15:18:21.697	 85 170 5 203 176 0 170 85,	6077184
2016/05/13 15:18:21.739	 85 170 7 204 24 0 170 85,	8176000
2016/05/13 15:18:21.789	 85 170 7 103 30 0 170 85,	7762400
2016/05/13 15:18:21.795	 85 170 3 136 124 0 170 85,	3704768
2016/05/13 15:18:21.833	 85 170 6 149 152 0 170 85,	6904192
2016/05/13 15:18:21.881	 85 170 7 225 141 0 170 85,	8263888
2016/05/13 15:18:21.884	 85 170 6 183 70 0 170 85,	7042144
2016/05/13 15:18:21.928	 85 170 3 129 69 0 170 85,	3675216
2016/05/13 15:18:21.974	 85 170 255 220 88 0 170 85,	16631168
2016/05/13 15:18:22.023	 85 170 253 26 138 0 170 85,	13740192
2016/05/13 15:18:22.032	 85 170 252 106 2 0 170 85,	13017120
2016/05/13 15:18:22.068	 85 170 254 29 129 0 170 85,	14800912
2016/05/13 15:18:22.114	 85 170 1 101 206 0 170 85,	1465568
2016/05/13 15:18:22.118	 85 170 5 35 176 0 170 85,	5389056
2016/05/13 15:18:22.162	 85 170 7 152 187 0 170 85,	7965616
2016/05/13 15:18:22.209	 85 170 7 194 14 0 170 85,	8134880
2016/05/13 15:18:22.213	 85 170 2 200 91 0 170 85,	2917808
2016/05/13 15:18:22.257	 85 170 6 53 4 0 170 85,	6508608
2016/05/13 15:18:22.303	 85 170 7 226 136 0 170 85,	8267904
2016/05/13 15:18:22.316	 85 170 7 69 144 0 170 85,	7624960
2016/05/13 15:18:22.349	 85 170 4 123 161 0 170 85,	4700688
2016/05/13 15:18:22.396	 85 170 0 189 254 0 170 85,	778208
2016/05/13 15:18:22.403	 85 170 253 173 86 0 170 85,	14341472
2016/05/13 15:18:22.443	 85 170 252 115 173 0 170 85,	13056720
2016/05/13 15:18:22.491	 85 170 253 145 208 0 170 85,	14228736
2016/05/13 15:18:22.498	 85 170 0 79 242 0 170 85,	327456
2016/05/13 15:18:22.536	 85 170 3 147 35 0 170 85,	3748400
2016/05/13 15:18:22.585	 85 170 6 21 220 0 170 85,	6380992
2016/05/13 15:18:22.590	 85 170 6 248 25 0 170 85,	7307664
2016/05/13 15:18:22.631	 85 170 0 88 37 0 170 85,	361040
2016/05/13 15:18:22.677	 85 170 3 71 50 0 170 85,	3437344
2016/05/13 15:18:22.723	 85 170 5 201 96 0 170 85,	6067712
2016/05/13 15:18:22.726	 85 170 6 165 189 0 170 85,	6970320
2016/05/13 15:18:22.773	 85 170 5 151 179 0 170 85,	5864240
2016/05/13 15:18:22.818	 85 170 3 57 228 0 170 85,	3382848
2016/05/13 15:18:22.823	 85 170 0 42 237 0 170 85,	175824
2016/05/13 15:18:22.866	 85 170 254 29 216 0 170 85,	14802304
2016/05/13 15:18:22.909	 85 170 253 177 169 0 170 85,	14359184
2016/05/13 15:18:22.919	 85 170 254 253 68 0 170 85,	15717440
2016/05/13 15:18:22.959	 85 170 1 176 153 0 170 85,	1771920
2016/05/13 15:18:23.005	 85 170 4 132 17 0 170 85,	4735248
2016/05/13 15:18:23.007	 85 170 6 119 11 0 170 85,	6779056
2016/05/13 15:18:23.053	 85 170 255 230 24 0 170 85,	16671104
2016/05/13 15:18:23.099	 85 170 2 175 26 0 170 85,	2814368
2016/05/13 15:18:23.146	 85 170 5 102 165 0 170 85,	5663312
2016/05/13 15:18:23.148	 85 170 6 158 93 0 170 85,	6940112
2016/05/13 15:18:23.194	 85 170 5 231 171 0 170 85,	6191792
2016/05/13 15:18:23.241	 85 170 3 176 95 0 170 85,	3868144
2016/05/13 15:18:23.243	 85 170 0 188 12 0 170 85,	770240
2016/05/13 15:18:23.286	 85 170 254 117 75 0 170 85,	15160496
2016/05/13 15:18:23.332	 85 170 253 157 175 0 170 85,	14277360
2016/05/13 15:18:23.335	 85 170 254 185 173 0 170 85,	15440592
2016/05/13 15:18:23.381	 85 170 1 50 179 0 170 85,	1256240
2016/05/13 15:18:23.428	 85 170 3 253 153 0 170 85,	4184464
2016/05/13 15:18:23.439	 85 170 6 40 184 0 170 85,	6458240
2016/05/13 15:18:23.475	 85 170 255 125 117 0 170 85,	16242512
2016/05/13 15:18:23.521	 85 170 2 64 15 0 170 85,	2359536
2016/05/13 15:18:23.529	 85 170 4 242 216 0 170 85,	5188992
2016/05/13 15:18:23.569	 85 170 6 131 194 0 170 85,	6831136
2016/05/13 15:18:23.615	 85 170 6 51 108 0 170 85,	6502080
2016/05/13 15:18:23.620	 85 170 4 30 188 0 170 85,	4320192
2016/05/13 15:18:23.663	 85 170 1 83 184 0 170 85,	1391488
2016/05/13 15:18:23.709	 85 170 254 217 11 0 170 85,	15569072
2016/05/13 15:18:23.713	 85 170 253 176 25 0 170 85,	14352784
2016/05/13 15:18:23.756	 85 170 254 111 172 0 170 85,	15137472
2016/05/13 15:18:23.802	 85 170 0 192 76 0 170 85,	787648
2016/05/13 15:18:23.851	 85 170 3 144 21 0 170 85,	3735888
2016/05/13 15:18:23.871	 85 170 5 192 212 0 170 85,	6032704
2016/05/13 15:18:23.880	 85 170 255 26 141 0 170 85,	15837392
2016/05/13 15:18:23.943	 85 170 1 217 171 0 170 85,	1940144
2016/05/13 15:18:23.945	 85 170 4 137 74 0 170 85,	4756640
2016/05/13 15:18:23.989	 85 170 5 254 197 0 170 85,	6286416
2016/05/13 15:18:24.037	 85 170 6 51 202 0 170 85,	6503584
2016/05/13 15:18:24.039	 85 170 4 139 167 0 170 85,	4766320
2016/05/13 15:18:24.085	 85 170 1 203 23 0 170 85,	1880432
2016/05/13 15:18:24.130	 85 170 255 51 125 0 170 85,	15939536
2016/05/13 15:18:24.136	 85 170 253 210 134 0 170 85,	14493792
2016/05/13 15:18:24.178	 85 170 254 27 116 0 170 85,	14792512
2016/05/13 15:18:24.225	 85 170 0 34 92 0 170 85,	140736
2016/05/13 15:18:24.229	 85 170 2 244 196 0 170 85,	3099712
2016/05/13 15:18:24.278	 85 170 5 100 194 0 170 85,	5655584
2016/05/13 15:18:24.319	 85 170 254 178 166 0 170 85,	15411808
2016/05/13 15:18:24.365	 85 170 1 22 110 0 170 85,	1140448
2016/05/13 15:18:24.367	 85 170 3 238 240 0 170 85,	4124416
2016/05/13 15:18:24.413	 85 170 5 235 188 0 170 85,	6208448
2016/05/13 15:18:24.422	 85 170 6 83 187 0 170 85,	6634416
2016/05/13 15:18:24.460	 85 170 4 234 106 0 170 85,	5154464
2016/05/13 15:18:24.508	 85 170 2 88 121 0 170 85,	2459536
2016/05/13 15:18:24.524	 85 170 255 186 215 0 170 85,	16493936
2016/05/13 15:18:24.555	 85 170 254 36 166 0 170 85,	14830176
2016/05/13 15:18:24.599	 85 170 254 29 155 0 170 85,	14801328
2016/05/13 15:18:24.611	 85 170 255 217 167 0 170 85,	16620144
2016/05/13 15:18:24.646	 85 170 2 104 103 0 170 85,	2524784
2016/05/13 15:18:24.692	 85 170 5 6 247 0 170 85,	5271408
2016/05/13 15:18:24.740	 85 170 254 154 89 0 170 85,	15312272
2016/05/13 15:18:24.745	 85 170 0 195 233 0 170 85,	802448
2016/05/13 15:18:24.786	 85 170 3 135 64 0 170 85,	3699712
2016/05/13 15:18:24.835	 85 170 5 179 247 0 170 85,	5980016
2016/05/13 15:18:24.848	 85 170 6 99 85 0 170 85,	6698320
2016/05/13 15:18:24.883	 85 170 5 88 84 0 170 85,	5604672
2016/05/13 15:18:24.928	 85 170 2 216 185 0 170 85,	2984848
2016/05/13 15:18:24.938	 85 170 0 7 232 0 170 85,	32384
2016/05/13 15:18:24.975	 85 170 254 29 84 0 170 85,	14800192
2016/05/13 15:18:25.021	 85 170 253 211 221 0 170 85,	14499280
2016/05/13 15:18:25.025	 85 170 255 64 141 0 170 85,	15993040
2016/05/13 15:18:25.068	 85 170 2 5 101 0 170 85,	2119248
2016/05/13 15:18:25.116	 85 170 4 187 143 0 170 85,	4962544
2016/05/13 15:18:25.163	 85 170 254 75 122 0 170 85,	14989216
2016/05/13 15:18:25.183	 85 170 0 44 103 0 170 85,	181872
2016/05/13 15:18:25.191	 85 170 3 27 242 0 170 85,	3260192
2016/05/13 15:18:25.255	 85 170 5 143 17 0 170 85,	5828880
2016/05/13 15:18:25.259	 85 170 6 160 91 0 170 85,	6948272
2016/05/13 15:18:25.302	 85 170 5 182 241 0 170 85,	5992208
2016/05/13 15:18:25.350	 85 170 3 89 84 0 170 85,	3511616
2016/05/13 15:18:25.359	 85 170 0 106 218 0 170 85,	437664
2016/05/13 15:18:25.396	 85 170 254 57 137 0 170 85,	14915728
2016/05/13 15:18:25.444	 85 170 253 156 53 0 170 85,	14271312
2016/05/13 15:18:25.449	 85 170 254 246 68 0 170 85,	15688768
2016/05/13 15:18:25.492	 85 170 1 154 182 0 170 85,	1682272
2016/05/13 15:18:25.537	 85 170 4 131 141 0 170 85,	4733136
2016/05/13 15:18:25.542	 85 170 253 244 201 0 170 85,	14634128
2016/05/13 15:18:25.584	 85 170 255 222 12 0 170 85,	16638144
2016/05/13 15:18:25.630	 85 170 2 197 50 0 170 85,	2904864
2016/05/13 15:18:25.635	 85 170 5 106 12 0 170 85,	5677248
2016/05/13 15:18:25.678	 85 170 6 178 190 0 170 85,	7023584
2016/05/13 15:18:25.723	 85 170 6 5 222 0 170 85,	6315488
2016/05/13 15:18:25.730	 85 170 3 181 9 0 170 85,	3887248
2016/05/13 15:18:25.770	 85 170 0 183 109 0 170 85,	751312
2016/05/13 15:18:25.818	 85 170 254 90 1 0 170 85,	15048720
2016/05/13 15:18:25.827	 85 170 253 136 50 0 170 85,	14189344
2016/05/13 15:18:25.866	 85 170 254 168 109 0 170 85,	15369936
2016/05/13 15:18:25.912	 85 170 1 41 106 0 170 85,	1218208
2016/05/13 15:18:25.921	 85 170 4 27 89 0 170 85,	4306320
2016/05/13 15:18:25.959	 85 170 253 191 22 0 170 85,	14414176
2016/05/13 15:18:26.006	 85 170 255 115 118 0 170 85,	16201568
2016/05/13 15:18:26.054	 85 170 2 75 168 0 170 85,	2407040
2016/05/13 15:18:26.063	 85 170 5 25 175 0 170 85,	5348080
2016/05/13 15:18:26.099	 85 170 6 179 29 0 170 85,	7025104
2016/05/13 15:18:26.147	 85 170 6 106 23 0 170 85,	6726000
2016/05/13 15:18:26.172	 85 170 4 66 165 0 170 85,	4467280
2016/05/13 15:18:26.178	 85 170 1 59 52 0 170 85,	1291072
2016/05/13 15:18:26.240	 85 170 254 141 48 0 170 85,	15258368
2016/05/13 15:18:26.246	 85 170 253 105 58 0 170 85,	14062496
2016/05/13 15:18:26.287	 85 170 254 54 69 0 170 85,	14902352
2016/05/13 15:18:26.334	 85 170 0 144 5 0 170 85,	589904
2016/05/13 15:18:26.336	 85 170 3 158 18 0 170 85,	3793184
2016/05/13 15:18:26.381	 85 170 253 114 1 0 170 85,	14098448
2016/05/13 15:18:26.427	 85 170 254 238 221 0 170 85,	15658448
2016/05/13 15:18:26.436	 85 170 1 190 139 0 170 85,	1829040
2016/05/13 15:18:26.476	 85 170 4 174 125 0 170 85,	4909008
2016/05/13 15:18:26.521	 85 170 6 151 243 0 170 85,	6913840
2016/05/13 15:18:26.568	 85 170 6 152 137 0 170 85,	6916240
2016/05/13 15:18:26.573	 85 170 4 176 161 0 170 85,	4917776
2016/05/13 15:18:26.616	 85 170 1 181 34 0 170 85,	1790496
2016/05/13 15:18:26.662	 85 170 254 229 131 0 170 85,	15620144
2016/05/13 15:18:26.666	 85 170 253 131 242 0 170 85,	14171936
2016/05/13 15:18:26.708	 85 170 254 9 106 0 170 85,	14718624
2016/05/13 15:18:26.756	 85 170 0 44 215 0 170 85,	183664
2016/05/13 15:18:26.759	 85 170 3 208 8 0 170 85,	3997824
2016/05/13 15:18:26.802	 85 170 2 90 250 0 170 85,	2469792
2016/05/13 15:18:26.848	 85 170 2 85 166 0 170 85,	2447968
2016/05/13 15:18:26.851	 85 170 2 85 41 0 170 85,	2445968
2016/05/13 15:18:26.895	 85 170 2 87 155 0 170 85,	2455984
2016/05/13 15:18:26.943	 85 170 2 86 169 0 170 85,	2452112
2016/05/13 15:18:26.984	 85 170 2 79 236 0 170 85,	2424512
2016/05/13 15:18:26.989	 85 170 2 85 143 0 170 85,	2447600
2016/05/13 15:18:27.036	 85 170 2 86 192 0 170 85,	2452480
2016/05/13 15:18:27.041	 85 170 2 127 145 0 170 85,	2619664
2016/05/13 15:18:27.084	 85 170 2 65 38 0 170 85,	2364000
2016/05/13 15:18:27.131	 85 170 2 77 179 0 170 85,	2415408
2016/05/13 15:18:27.141	 85 170 2 79 202 0 170 85,	2423968
2016/05/13 15:18:27.177	 85 170 2 84 96 0 170 85,	2442752
2016/05/13 15:18:27.224	 85 170 2 92 56 0 170 85,	2474880
2016/05/13 15:18:27.271	 85 170 2 94 178 0 170 85,	2485024
2016/05/13 15:18:27.280	 85 170 2 86 91 0 170 85,	2450864
2016/05/13 15:18:27.317	 85 170 2 82 8 0 170 85,	2433152
2016/05/13 15:18:27.365	 85 170 2 82 109 0 170 85,	2434768
2016/05/13 15:18:27.368	 85 170 2 90 62 0 170 85,	2466784
2016/05/13 15:18:27.412	 85 170 2 95 95 0 170 85,	2487792
2016/05/13 15:18:27.460	 85 170 2 98 11 0 170 85,	2498736
2016/05/13 15:18:27.464	 85 170 2 97 137 0 170 85,	2496656
2016/05/13 15:18:27.505	 85 170 2 100 242 0 170 85,	2510624
2016/05/13 15:18:27.553	 85 170 2 101 237 0 170 85,	2514640
2016/05/13 15:18:27.562	 85 170 2 96 241 0 170 85,	2494224
2016/05/13 15:18:27.600	 85 170 2 98 152 0 170 85,	2500992
2016/05/13 15:18:27.647	 85 170 2 100 145 0 170 85,	2509072
2016/05/13 15:18:27.654	 85 170 2 110 221 0 170 85,	2551248
2016/05/13 15:18:27.693	 85 170 2 93 44 0 170 85,	2478784
2016/05/13 15:18:27.740	 85 170 2 101 39 0 170 85,	2511472
2016/05/13 15:18:27.748	 85 170 2 103 122 0 170 85,	2520992
2016/05/13 15:18:27.786	 85 170 2 105 131 0 170 85,	2529328
2016/05/13 15:18:27.834	 85 170 2 109 199 0 170 85,	2546800
2016/05/13 15:18:27.842	 85 170 2 105 63 0 170 85,	2528240
2016/05/13 15:18:27.881	 85 170 2 93 109 0 170 85,	2479824
2016/05/13 15:18:27.928	 85 170 2 90 251 0 170 85,	2469808
2016/05/13 15:18:27.940	 85 170 2 88 114 0 170 85,	2459424
2016/05/13 15:18:27.974	 85 170 2 95 189 0 170 85,	2489296
2016/05/13 15:18:28.022	 85 170 2 93 247 0 170 85,	2482032
2016/05/13 15:18:28.068	 85 170 2 94 169 0 170 85,	2484880
2016/05/13 15:18:28.075	 85 170 2 92 123 0 170 85,	2475952
2016/05/13 15:18:28.117	 85 170 2 96 125 0 170 85,	2492368
2016/05/13 15:18:28.131	 85 170 2 92 61 0 170 85,	2474960
2016/05/13 15:18:28.165	 85 170 2 84 255 0 170 85,	2445296
2016/05/13 15:18:28.209	 85 170 2 85 52 0 170 85,	2446144
2016/05/13 15:18:28.257	 85 170 2 116 248 0 170 85,	2576256
2016/05/13 15:18:28.268	 85 170 2 76 214 0 170 85,	2411872
2016/05/13 15:18:28.303	 85 170 2 87 179 0 170 85,	2456368
2016/05/13 15:18:28.349	 85 170 2 92 41 0 170 85,	2474640
2016/05/13 15:18:28.352	 85 170 2 91 91 0 170 85,	2471344
2016/05/13 15:18:28.397	 85 170 2 93 139 0 170 85,	2480304
2016/05/13 15:18:28.421	 85 170 2 98 44 0 170 85,	2499264
2016/05/13 15:18:28.490	 85 170 2 85 208 0 170 85,	2448640
2016/05/13 15:18:28.494	 85 170 2 81 67 0 170 85,	2430000
2016/05/13 15:18:28.536	 85 170 2 80 37 0 170 85,	2425424
2016/05/13 15:18:28.583	 85 170 2 86 127 0 170 85,	2451440
2016/05/13 15:18:28.586	 85 170 2 83 114 0 170 85,	2438944
2016/05/13 15:18:28.631	 85 170 2 84 94 0 170 85,	2442720
2016/05/13 15:18:28.678	 85 170 2 87 108 0 170 85,	2455232
2016/05/13 15:18:28.680	 85 170 2 87 115 0 170 85,	2455344
2016/05/13 15:18:28.725	 85 170 2 86 246 0 170 85,	2453344
2016/05/13 15:18:28.771	 85 170 2 80 168 0 170 85,	2427520
2016/05/13 15:18:28.775	 85 170 2 83 68 0 170 85,	2438208
2016/05/13 15:18:28.819	 85 170 2 80 214 0 170 85,	2428256
2016/05/13 15:18:28.865	 85 170 2 109 120 0 170 85,	2545536
2016/05/13 15:18:28.878	 85 170 2 71 250 0 170 85,	2391968
2016/05/13 15:18:28.915	 85 170 2 77 244 0 170 85,	2416448
2016/05/13 15:18:28.959	 85 170 2 74 232 0 170 85,	2403968
2016/05/13 15:18:29.007	 85 170 2 83 46 0 170 85,	2437856
2016/05/13 15:18:29.010	 85 170 2 79 171 0 170 85,	2423472
2016/05/13 15:18:29.052	 85 170 2 84 93 0 170 85,	2442704
2016/05/13 15:18:29.099	 85 170 2 78 206 0 170 85,	2419936
2016/05/13 15:18:29.105	 85 170 2 80 53 0 170 85,	2425680
2016/05/13 15:18:29.148	 85 170 2 83 6 0 170 85,	2437216
2016/05/13 15:18:29.193	 85 170 2 85 223 0 170 85,	2448880
2016/05/13 15:18:29.197	 85 170 2 82 63 0 170 85,	2434032
2016/05/13 15:18:29.240	 85 170 2 85 176 0 170 85,	2448128
2016/05/13 15:18:29.287	 85 170 2 84 217 0 170 85,	2444688
2016/05/13 15:18:29.334	 85 170 2 91 209 0 170 85,	2473232
2016/05/13 15:18:29.342	 85 170 2 86 88 0 170 85,	2450816
2016/05/13 15:18:29.381	 85 170 2 82 28 0 170 85,	2433472
2016/05/13 15:18:29.428	 85 170 2 82 30 0 170 85,	2433504
2016/05/13 15:18:29.439	 85 170 2 91 186 0 170 85,	2472864
2016/05/13 15:18:29.474	 85 170 2 75 191 0 170 85,	2407408
2016/05/13 15:18:29.521	 85 170 2 69 34 0 170 85,	2380320
2016/05/13 15:18:29.524	 85 170 2 83 15 0 170 85,	2437360
2016/05/13 15:18:29.568	 85 170 2 80 246 0 170 85,	2428768
2016/05/13 15:18:29.616	 85 170 2 81 170 0 170 85,	2431648
2016/05/13 15:18:29.623	 85 170 2 89 191 0 170 85,	2464752
2016/05/13 15:18:29.664	 85 170 2 82 177 0 170 85,	2435856
2016/05/13 15:18:29.710	 85 170 2 78 91 0 170 85,	2418096
2016/05/13 15:18:29.713	 85 170 2 77 137 0 170 85,	2414736
2016/05/13 15:18:29.758	 85 170 2 76 249 0 170 85,	2412432
2016/05/13 15:18:29.803	 85 170 2 77 151 0 170 85,	2414960
2016/05/13 15:18:29.808	 85 170 2 80 116 0 170 85,	2426688
2016/05/13 15:18:29.851	 85 170 2 85 102 0 170 85,	2446944
2016/05/13 15:18:29.896	 85 170 2 83 53 0 170 85,	2437968
2016/05/13 15:18:29.902	 85 170 2 89 5 0 170 85,	2461776
2016/05/13 15:18:29.943	 85 170 2 77 63 0 170 85,	2413552
2016/05/13 15:18:29.991	 85 170 2 79 133 0 170 85,	2422864
2016/05/13 15:18:29.996	 85 170 2 71 146 0 170 85,	2390304
2016/05/13 15:18:30.037	 85 170 2 106 164 0 170 85,	2533952
2016/05/13 15:18:30.085	 85 170 2 56 81 0 170 85,	2327824
2016/05/13 15:18:30.095	 85 170 2 73 6 0 170 85,	2396256
2016/05/13 15:18:30.131	 85 170 2 71 92 0 170 85,	2389440
2016/05/13 15:18:30.178	 85 170 2 73 78 0 170 85,	2397408
2016/05/13 15:18:30.243	 85 170 2 81 66 0 170 85,	2429984
2016/05/13 15:18:30.248	 85 170 2 77 237 0 170 85,	2416336
2016/05/13 15:18:30.253	 85 170 2 72 146 0 170 85,	2394400
2016/05/13 15:18:30.318	 85 170 2 70 197 0 170 85,	2387024
2016/05/13 15:18:30.321	 85 170 2 74 198 0 170 85,	2403424
2016/05/13 15:18:30.365	 85 170 2 78 56 0 170 85,	2417536
2016/05/13 15:18:30.412	 85 170 2 79 241 0 170 85,	2424592
2016/05/13 15:18:30.416	 85 170 2 82 197 0 170 85,	2436176
2016/05/13 15:18:30.458	 85 170 2 79 55 0 170 85,	2421616
2016/05/13 15:18:30.505	 85 170 2 84 58 0 170 85,	2442144
2016/05/13 15:18:30.507	 85 170 2 80 219 0 170 85,	2428336
2016/05/13 15:18:30.552	 85 170 2 82 197 0 170 85,	2436176
2016/05/13 15:18:30.598	 85 170 2 85 111 0 170 85,	2447088
2016/05/13 15:18:30.646	 85 170 2 85 69 0 170 85,	2446416
2016/05/13 15:18:30.648	 85 170 2 93 174 0 170 85,	2480864
2016/05/13 15:18:30.692	 85 170 2 68 248 0 170 85,	2379648
2016/05/13 15:18:30.740	 85 170 2 73 95 0 170 85,	2397680
2016/05/13 15:18:30.743	 85 170 2 75 156 0 170 85,	2406848
2016/05/13 15:18:30.787	 85 170 2 81 214 0 170 85,	2432352
2016/05/13 15:18:30.833	 85 170 2 92 71 0 170 85,	2475120
2016/05/13 15:18:30.836	 85 170 2 90 85 0 170 85,	2467152
2016/05/13 15:18:30.880	 85 170 2 83 143 0 170 85,	2439408
2016/05/13 15:18:30.927	 85 170 2 81 83 0 170 85,	2430256
2016/05/13 15:18:30.936	 85 170 2 82 210 0 170 85,	2436384
2016/05/13 15:18:30.975	 85 170 2 81 3 0 170 85,	2428976
2016/05/13 15:18:31.021	 85 170 2 80 187 0 170 85,	2427824
2016/05/13 15:18:31.025	 85 170 2 74 20 0 170 85,	2400576
2016/05/13 15:18:31.068	 85 170 2 75 146 0 170 85,	2406688
2016/05/13 15:18:31.114	 85 170 2 81 87 0 170 85,	2430320
2016/05/13 15:18:31.119	 85 170 2 71 236 0 170 85,	2391744
2016/05/13 15:18:31.162	 85 170 2 70 180 0 170 85,	2386752
2016/05/13 15:18:31.208	 85 170 2 75 175 0 170 85,	2407152
2016/05/13 15:18:31.212	 85 170 2 92 91 0 170 85,	2475440
2016/05/13 15:18:31.256	 85 170 2 57 170 0 170 85,	2333344
2016/05/13 15:18:31.301	 85 170 2 61 244 0 170 85,	2350912
2016/05/13 15:18:31.307	 85 170 2 69 73 0 170 85,	2380944
2016/05/13 15:18:31.349	 85 170 2 81 185 0 170 85,	2431888
2016/05/13 15:18:31.397	 85 170 2 79 189 0 170 85,	2423760
2016/05/13 15:18:31.405	 85 170 2 91 181 0 170 85,	2472784
2016/05/13 15:18:31.442	 85 170 2 83 71 0 170 85,	2438256
2016/05/13 15:18:31.491	 85 170 2 74 250 0 170 85,	2404256
2016/05/13 15:18:31.537	 85 170 2 79 184 0 170 85,	2423680
2016/05/13 15:18:31.542	 85 170 2 81 142 0 170 85,	2431200
2016/05/13 15:18:31.584	 85 170 2 85 169 0 170 85,	2448016
2016/05/13 15:18:31.605	 85 170 2 85 166 0 170 85,	2447968
2016/05/13 15:18:31.631	 85 170 2 87 34 0 170 85,	2454048
2016/05/13 15:18:31.678	 85 170 2 91 170 0 170 85,	2472608
2016/05/13 15:18:31.726	 85 170 2 98 13 0 170 85,	2498768
2016/05/13 15:18:31.743	 85 170 2 89 145 0 170 85,	2464016
2016/05/13 15:18:31.772	 85 170 2 93 183 0 170 85,	2481008
2016/05/13 15:18:31.818	 85 170 2 84 111 0 170 85,	2442992
2016/05/13 15:18:31.822	 85 170 2 118 103 0 170 85,	2582128
2016/05/13 15:18:31.865	 85 170 2 81 32 0 170 85,	2429440
2016/05/13 15:18:31.912	 85 170 2 82 17 0 170 85,	2433296
2016/05/13 15:18:31.915	 85 170 2 85 60 0 170 85,	2446272
2016/05/13 15:18:31.959	 85 170 2 86 77 0 170 85,	2450640
2016/05/13 15:18:32.005	 85 170 2 88 136 0 170 85,	2459776
2016/05/13 15:18:32.013	 85 170 2 93 246 0 170 85,	2482016
2016/05/13 15:18:32.053	 85 170 2 88 77 0 170 85,	2458832
2016/05/13 15:18:32.099	 85 170 2 82 54 0 170 85,	2433888
2016/05/13 15:18:32.146	 85 170 2 85 80 0 170 85,	2446592
2016/05/13 15:18:32.156	 85 170 2 83 215 0 170 85,	2440560
2016/05/13 15:18:32.173	 85 170 2 87 170 0 170 85,	2456224
2016/05/13 15:18:32.240	 85 170 2 89 253 0 170 85,	2465744
2016/05/13 15:18:32.244	 85 170 2 84 247 0 170 85,	2445168
2016/05/13 15:18:32.286	 85 170 2 90 159 0 170 85,	2468336
2016/05/13 15:18:32.334	 85 170 2 88 8 0 170 85,	2457728
2016/05/13 15:18:32.338	 85 170 2 84 215 0 170 85,	2444656
2016/05/13 15:18:32.381	 85 170 2 83 241 0 170 85,	2440976
2016/05/13 15:18:32.428	 85 170 2 96 213 0 170 85,	2493776
2016/05/13 15:18:32.434	 85 170 2 82 172 0 170 85,	2435776
2016/05/13 15:18:32.476	 85 170 2 76 182 0 170 85,	2411360
2016/05/13 15:18:32.521	 85 170 2 78 228 0 170 85,	2420288
2016/05/13 15:18:32.523	 85 170 2 83 88 0 170 85,	2438528
2016/05/13 15:18:32.568	 85 170 2 85 156 0 170 85,	2447808
2016/05/13 15:18:32.619	 85 170 2 92 204 0 170 85,	2477248
2016/05/13 15:18:32.626	 85 170 2 86 236 0 170 85,	2453184
2016/05/13 15:18:32.666	 85 170 2 75 77 0 170 85,	2405584
2016/05/13 15:18:32.711	 85 170 2 77 138 0 170 85,	2414752
2016/05/13 15:18:32.730	 85 170 2 80 86 0 170 85,	2426208
2016/05/13 15:18:32.756	 85 170 2 81 63 0 170 85,	2429936
2016/05/13 15:18:32.803	 85 170 2 81 79 0 170 85,	2430192
2016/05/13 15:18:32.850	 85 170 2 86 11 0 170 85,	2449584
2016/05/13 15:18:32.854	 85 170 2 82 132 0 170 85,	2435136
2016/05/13 15:18:32.897	 85 170 2 83 132 0 170 85,	2439232
2016/05/13 15:18:32.942	 85 170 2 78 150 0 170 85,	2419040
2016/05/13 15:18:32.945	 85 170 2 75 254 0 170 85,	2408416
2016/05/13 15:18:32.990	 85 170 2 76 253 0 170 85,	2412496
2016/05/13 15:18:33.037	 85 170 2 125 231 0 170 85,	2612848
2016/05/13 15:18:33.042	 85 170 2 64 250 0 170 85,	2363296
2016/05/13 15:18:33.084	 85 170 2 70 249 0 170 85,	2387856
2016/05/13 15:18:33.130	 85 170 2 77 249 0 170 85,	2416528
2016/05/13 15:18:33.134	 85 170 2 79 191 0 170 85,	2423792
2016/05/13 15:18:33.178	 85 170 2 85 39 0 170 85,	2445936
2016/05/13 15:18:33.224	 85 170 2 87 33 0 170 85,	2454032
2016/05/13 15:18:33.229	 85 170 2 79 177 0 170 85,	2423568
2016/05/13 15:18:33.270	 85 170 2 71 110 0 170 85,	2389728
2016/05/13 15:18:33.317	 85 170 2 77 26 0 170 85,	2412960
2016/05/13 15:18:33.366	 85 170 2 80 16 0 170 85,	2425088
2016/05/13 15:18:33.371	 85 170 2 82 110 0 170 85,	2434784
2016/05/13 15:18:33.411	 85 170 2 80 140 0 170 85,	2427072
2016/05/13 15:18:33.458	 85 170 2 79 197 0 170 85,	2423888
2016/05/13 15:18:33.461	 85 170 2 83 176 0 170 85,	2439936
2016/05/13 15:18:33.505	 85 170 2 85 168 0 170 85,	2448000
2016/05/13 15:18:33.552	 85 170 2 81 25 0 170 85,	2429328
2016/05/13 15:18:33.558	 85 170 2 78 161 0 170 85,	2419216
2016/05/13 15:18:33.598	 85 170 2 81 195 0 170 85,	2432048
2016/05/13 15:18:33.647	 85 170 2 92 105 0 170 85,	2475664
2016/05/13 15:18:33.694	 85 170 2 76 194 0 170 85,	2411552
2016/05/13 15:18:33.701	 85 170 2 81 30 0 170 85,	2429408
2016/05/13 15:18:33.739	 85 170 2 79 164 0 170 85,	2423360
2016/05/13 15:18:33.787	 85 170 2 85 187 0 170 85,	2448304
2016/05/13 15:18:33.796	 85 170 2 85 199 0 170 85,	2448496
2016/05/13 15:18:33.835	 85 170 2 91 194 0 170 85,	2472992
2016/05/13 15:18:33.880	 85 170 2 79 122 0 170 85,	2422688
2016/05/13 15:18:33.885	 85 170 2 81 88 0 170 85,	2430336
2016/05/13 15:18:33.926	 85 170 2 82 229 0 170 85,	2436688
2016/05/13 15:18:33.975	 85 170 2 82 28 0 170 85,	2433472
2016/05/13 15:18:33.981	 85 170 2 82 251 0 170 85,	2437040
2016/05/13 15:18:34.022	 85 170 2 84 27 0 170 85,	2441648
2016/05/13 15:18:34.068	 85 170 2 81 200 0 170 85,	2432128
2016/05/13 15:18:34.071	 85 170 2 92 65 0 170 85,	2475024
2016/05/13 15:18:34.115	 85 170 2 90 61 0 170 85,	2466768
2016/05/13 15:18:34.162	 85 170 2 86 105 0 170 85,	2451088
2016/05/13 15:18:34.176	 85 170 2 90 228 0 170 85,	2469440
2016/05/13 15:18:34.209	 85 170 2 111 182 0 170 85,	2554720
2016/05/13 15:18:34.257	 85 170 2 72 23 0 170 85,	2392432
2016/05/13 15:18:34.262	 85 170 2 92 84 0 170 85,	2475328
2016/05/13 15:18:34.304	 85 170 2 93 244 0 170 85,	2481984
2016/05/13 15:18:34.350	 85 170 2 92 109 0 170 85,	2475728
2016/05/13 15:18:34.359	 85 170 2 96 137 0 170 85,	2492560
2016/05/13 15:18:34.396	 85 170 2 94 135 0 170 85,	2484336
2016/05/13 15:18:34.445	 85 170 2 87 13 0 170 85,	2453712
2016/05/13 15:18:34.491	 85 170 2 80 20 0 170 85,	2425152
2016/05/13 15:18:34.497	 85 170 2 83 243 0 170 85,	2441008
2016/05/13 15:18:34.537	 85 170 2 92 159 0 170 85,	2476528
2016/05/13 15:18:34.584	 85 170 2 91 79 0 170 85,	2471152
2016/05/13 15:18:34.590	 85 170 2 92 160 0 170 85,	2476544
2016/05/13 15:18:34.631	 85 170 2 87 63 0 170 85,	2454512
2016/05/13 15:18:34.679	 85 170 2 92 38 0 170 85,	2474592
2016/05/13 15:18:34.689	 85 170 2 94 181 0 170 85,	2485072
2016/05/13 15:18:34.724	 85 170 2 90 134 0 170 85,	2467936
2016/05/13 15:18:34.771	 85 170 2 89 181 0 170 85,	2464592
2016/05/13 15:18:34.780	 85 170 2 79 246 0 170 85,	2424672
2016/05/13 15:18:34.820	 85 170 2 119 49 0 170 85,	2585360
2016/05/13 15:18:34.865	 85 170 2 74 57 0 170 85,	2401168
2016/05/13 15:18:34.873	 85 170 2 81 74 0 170 85,	2430112
2016/05/13 15:18:34.912	 85 170 2 86 76 0 170 85,	2450624
2016/05/13 15:18:34.959	 85 170 2 89 48 0 170 85,	2462464
2016/05/13 15:18:35.006	 85 170 2 91 37 0 170 85,	2470480
2016/05/13 15:18:35.013	 85 170 2 91 194 0 170 85,	2472992
2016/05/13 15:18:35.053	 85 170 2 85 119 0 170 85,	2447216
2016/05/13 15:18:35.061	 85 170 2 84 218 0 170 85,	2444704
2016/05/13 15:18:35.098	 85 170 2 85 253 0 170 85,	2449360
2016/05/13 15:18:35.147	 85 170 2 89 206 0 170 85,	2464992
2016/05/13 15:18:35.155	 85 170 2 88 32 0 170 85,	2458112
2016/05/13 15:18:35.193	 85 170 2 89 54 0 170 85,	2462560
2016/05/13 15:18:35.241	 85 170 2 88 80 0 170 85,	2458880
2016/05/13 15:18:35.287	 85 170 2 91 208 0 170 85,	2473216
2016/05/13 15:18:35.291	 85 170 2 91 155 0 170 85,	2472368
2016/05/13 15:18:35.336	 85 170 2 86 5 0 170 85,	2449488
2016/05/13 15:18:35.353	 85 170 2 88 225 0 170 85,	2461200
2016/05/13 15:18:35.380	 85 170 2 102 133 0 170 85,	2517072
2016/05/13 15:18:35.428	 85 170 2 94 252 0 170 85,	2486208
2016/05/13 15:18:35.475	 85 170 2 88 94 0 170 85,	2459104
2016/05/13 15:18:35.484	 85 170 2 87 133 0 170 85,	2455632
2016/05/13 15:18:35.521	 85 170 2 91 136 0 170 85,	2472064
2016/05/13 15:18:35.569	 85 170 2 93 58 0 170 85,	2479008
2016/05/13 15:18:35.579	 85 170 2 100 250 0 170 85,	2510752
2016/05/13 15:18:35.615	 85 170 2 94 177 0 170 85,	2485008
2016/05/13 15:18:35.662	 85 170 2 85 106 0 170 85,	2447008
2016/05/13 15:18:35.671	 85 170 2 86 165 0 170 85,	2452048
2016/05/13 15:18:35.709	 85 170 2 92 237 0 170 85,	2477776
2016/05/13 15:18:35.756	 85 170 2 93 61 0 170 85,	2479056
2016/05/13 15:18:35.764	 85 170 2 94 69 0 170 85,	2483280
2016/05/13 15:18:35.803	 85 170 2 95 33 0 170 85,	2486800
2016/05/13 15:18:35.849	 85 170 2 94 48 0 170 85,	2482944
2016/05/13 15:18:35.896	 85 170 2 96 29 0 170 85,	2490832
2016/05/13 15:18:35.900	 85 170 2 88 97 0 170 85,	2459152
2016/05/13 15:18:35.944	 85 170 2 92 195 0 170 85,	2477104
2016/05/13 15:18:35.992	 85 170 2 84 43 0 170 85,	2441904
2016/05/13 15:18:36.001	 85 170 2 124 246 0 170 85,	2608992
2016/05/13 15:18:36.039	 85 170 2 68 205 0 170 85,	2378960
2016/05/13 15:18:36.085	 85 170 2 79 5 0 170 85,	2420816
2016/05/13 15:18:36.101	 85 170 2 81 72 0 170 85,	2430080
2016/05/13 15:18:36.118	 85 170 2 90 146 0 170 85,	2468128
2016/05/13 15:18:36.178	 85 170 2 89 140 0 170 85,	2463936
2016/05/13 15:18:36.186	 85 170 2 95 9 0 170 85,	2486416
2016/05/13 15:18:36.223	 85 170 2 90 35 0 170 85,	2466352
2016/05/13 15:18:36.272	 85 170 2 87 201 0 170 85,	2456720
2016/05/13 15:18:36.280	 85 170 2 87 140 0 170 85,	2455744
2016/05/13 15:18:36.321	 85 170 2 89 62 0 170 85,	2462688
2016/05/13 15:18:36.365	 85 170 2 90 63 0 170 85,	2466800
2016/05/13 15:18:36.372	 85 170 2 94 59 0 170 85,	2483120
2016/05/13 15:18:36.413	 85 170 2 97 165 0 170 85,	2497104
2016/05/13 15:18:36.458	 85 170 2 98 103 0 170 85,	2500208
2016/05/13 15:18:36.506	 85 170 2 98 211 0 170 85,	2501936
2016/05/13 15:18:36.512	 85 170 2 92 43 0 170 85,	2474672
2016/05/13 15:18:36.554	 85 170 2 90 67 0 170 85,	2466864
2016/05/13 15:18:36.565	 85 170 2 83 236 0 170 85,	2440896
2016/05/13 15:18:36.600	 85 170 2 109 111 0 170 85,	2545392
2016/05/13 15:18:36.646	 85 170 2 82 231 0 170 85,	2436720
2016/05/13 15:18:36.663	 85 170 2 89 121 0 170 85,	2463632
2016/05/13 15:18:36.695	 85 170 2 92 39 0 170 85,	2474608
2016/05/13 15:18:36.740	 85 170 2 91 32 0 170 85,	2470400
2016/05/13 15:18:36.786	 85 170 2 97 156 0 170 85,	2496960
2016/05/13 15:18:36.790	 85 170 2 102 172 0 170 85,	2517696
2016/05/13 15:18:36.872	 85 170 2 88 13 0 170 85,	2457808
2016/05/13 15:18:36.876	 85 170 2 89 253 0 170 85,	2465744
2016/05/13 15:18:36.883	 85 170 2 89 44 0 170 85,	2462400
2016/05/13 15:18:36.927	 85 170 2 88 182 0 170 85,	2460512
2016/05/13 15:18:36.975	 85 170 2 91 170 0 170 85,	2472608
2016/05/13 15:18:36.983	 85 170 2 95 107 0 170 85,	2487984
2016/05/13 15:18:37.021	 85 170 2 94 20 0 170 85,	2482496
2016/05/13 15:18:37.068	 85 170 2 96 42 0 170 85,	2491040
2016/05/13 15:18:37.114	 85 170 2 96 102 0 170 85,	2492000
2016/05/13 15:18:37.116	 85 170 2 87 198 0 170 85,	2456672
2016/05/13 15:18:37.163	 85 170 2 89 211 0 170 85,	2465072
2016/05/13 15:18:37.208	 85 170 2 127 220 0 170 85,	2620864
2016/05/13 15:18:37.214	 85 170 2 69 102 0 170 85,	2381408
2016/05/13 15:18:37.255	 85 170 2 88 54 0 170 85,	2458464
2016/05/13 15:18:37.302	 85 170 2 91 148 0 170 85,	2472256
2016/05/13 15:18:37.305	 85 170 2 89 127 0 170 85,	2463728
2016/05/13 15:18:37.350	 85 170 2 89 52 0 170 85,	2462528
2016/05/13 15:18:37.380	 85 170 2 93 240 0 170 85,	2481920
2016/05/13 15:18:37.398	 85 170 2 92 121 0 170 85,	2475920
2016/05/13 15:18:37.443	 85 170 2 88 29 0 170 85,	2458064
2016/05/13 15:18:37.490	 85 170 2 91 49 0 170 85,	2470672
2016/05/13 15:18:37.499	 85 170 2 83 203 0 170 85,	2440368
2016/05/13 15:18:37.537	 85 170 2 82 89 0 170 85,	2434448
2016/05/13 15:18:37.585	 85 170 2 88 66 0 170 85,	2458656
2016/05/13 15:18:37.599	 85 170 2 92 72 0 170 85,	2475136
2016/05/13 15:18:37.633	 85 170 2 92 163 0 170 85,	2476592
2016/05/13 15:18:37.677	 85 170 2 94 64 0 170 85,	2483200
2016/05/13 15:18:37.682	 85 170 2 84 121 0 170 85,	2443152
2016/05/13 15:18:37.725	 85 170 2 80 104 0 170 85,	2426496
2016/05/13 15:18:37.771	 85 170 2 72 145 0 170 85,	2394384
2016/05/13 15:18:37.781	 85 170 2 113 21 0 170 85,	2560336
2016/05/13 15:18:37.819	 85 170 2 70 251 0 170 85,	2387888
2016/05/13 15:18:37.866	 85 170 2 77 13 0 170 85,	2412752
2016/05/13 15:18:37.911	 85 170 2 81 217 0 170 85,	2432400
2016/05/13 15:18:37.914	 85 170 2 85 189 0 170 85,	2448336
2016/05/13 15:18:37.960	 85 170 2 91 156 0 170 85,	2472384
2016/05/13 15:18:37.976	 85 170 2 91 163 0 170 85,	2472496
2016/05/13 15:18:38.006	 85 170 2 84 52 0 170 85,	2442048
2016/05/13 15:18:38.052	 85 170 2 87 183 0 170 85,	2456432
2016/05/13 15:18:38.099	 85 170 2 85 254 0 170 85,	2449376
2016/05/13 15:18:38.104	 85 170 2 89 4 0 170 85,	2461760
2016/05/13 15:18:38.145	 85 170 2 86 93 0 170 85,	2450896
2016/05/13 15:18:38.194	 85 170 2 89 241 0 170 85,	2465552
2016/05/13 15:18:38.203	 85 170 2 89 105 0 170 85,	2463376
2016/05/13 15:18:38.240	 85 170 2 97 111 0 170 85,	2496240
2016/05/13 15:18:38.287	 85 170 2 92 6 0 170 85,	2474080
2016/05/13 15:18:38.333	 85 170 2 85 241 0 170 85,	2449168
2016/05/13 15:18:38.342	 85 170 2 90 92 0 170 85,	2467264
2016/05/13 15:18:38.440	 85 170 2 109 233 0 170 85,	2547344
2016/05/13 15:18:38.444	 85 170 2 78 42 0 170 85,	2417312
2016/05/13 15:18:38.447	 85 170 2 82 107 0 170 85,	2434736
2016/05/13 15:18:38.474	 85 170 2 90 26 0 170 85,	2466208
2016/05/13 15:18:38.523	 85 170 2 88 154 0 170 85,	2460064
2016/05/13 15:18:38.530	 85 170 2 86 54 0 170 85,	2450272
2016/05/13 15:18:38.568	 85 170 2 92 123 0 170 85,	2475952
2016/05/13 15:18:38.616	 85 170 2 85 0 0 170 85,	2445312
2016/05/13 15:18:38.624	 85 170 2 79 204 0 170 85,	2424000
2016/05/13 15:18:38.663	 85 170 2 78 201 0 170 85,	2419856
2016/05/13 15:18:38.708	 85 170 2 77 13 0 170 85,	2412752
2016/05/13 15:18:38.755	 85 170 2 76 237 0 170 85,	2412240
2016/05/13 15:18:38.763	 85 170 2 76 81 0 170 85,	2409744
2016/05/13 15:18:38.802	 85 170 2 78 111 0 170 85,	2418416
2016/05/13 15:18:38.849	 85 170 2 78 67 0 170 85,	2417712
2016/05/13 15:18:38.854	 85 170 2 84 186 0 170 85,	2444192
2016/05/13 15:18:38.896	 85 170 2 80 176 0 170 85,	2427648
2016/05/13 15:18:38.944	 85 170 2 81 211 0 170 85,	2432304
2016/05/13 15:18:38.950	 85 170 2 77 19 0 170 85,	2412848
2016/05/13 15:18:38.992	 85 170 2 121 225 0 170 85,	2596368
2016/05/13 15:18:39.037	 85 170 2 67 97 0 170 85,	2373136
2016/05/13 15:18:39.045	 85 170 2 80 4 0 170 85,	2424896
2016/05/13 15:18:39.084	 85 170 2 82 9 0 170 85,	2433168
2016/05/13 15:18:39.131	 85 170 2 87 233 0 170 85,	2457232
2016/05/13 15:18:39.136	 85 170 2 86 12 0 170 85,	2449600
2016/05/13 15:18:39.177	 85 170 2 90 197 0 170 85,	2468944
2016/05/13 15:18:39.223	 85 170 2 81 1 0 170 85,	2428944
2016/05/13 15:18:39.271	 85 170 2 78 80 0 170 85,	2417920
2016/05/13 15:18:39.274	 85 170 2 79 79 0 170 85,	2422000
2016/05/13 15:18:39.318	 85 170 2 83 65 0 170 85,	2438160
2016/05/13 15:18:39.365	 85 170 2 85 94 0 170 85,	2446816
2016/05/13 15:18:39.368	 85 170 2 84 160 0 170 85,	2443776
2016/05/13 15:18:39.413	 85 170 2 81 134 0 170 85,	2431072
2016/05/13 15:18:39.472	 85 170 2 85 104 0 170 85,	2446976
2016/05/13 15:18:39.484	 85 170 2 85 23 0 170 85,	2445680
2016/05/13 15:18:39.498	 85 170 2 80 174 0 170 85,	2427616
2016/05/13 15:18:39.572	 85 170 2 83 25 0 170 85,	2437520
2016/05/13 15:18:39.576	 85 170 2 79 77 0 170 85,	2421968
2016/05/13 15:18:39.611	 85 170 2 101 70 0 170 85,	2511968
2016/05/13 15:18:39.614	 85 170 2 70 161 0 170 85,	2386448
2016/05/13 15:18:39.695	 85 170 2 74 13 0 170 85,	2400464
2016/05/13 15:18:39.703	 85 170 2 83 168 0 170 85,	2439808
2016/05/13 15:18:39.711	 85 170 2 82 236 0 170 85,	2436800
2016/05/13 15:18:39.787	 85 170 2 76 203 0 170 85,	2411696
2016/05/13 15:18:39.792	 85 170 2 77 118 0 170 85,	2414432
2016/05/13 15:18:39.834	 85 170 2 68 112 0 170 85,	2377472
2016/05/13 15:18:39.838	 85 170 2 73 20 0 170 85,	2396480
2016/05/13 15:18:39.881	 85 170 2 75 138 0 170 85,	2406560
2016/05/13 15:18:39.929	 85 170 2 72 162 0 170 85,	2394656
2016/05/13 15:18:39.975	 85 170 2 74 210 0 170 85,	2403616
2016/05/13 15:18:39.977	 85 170 2 79 138 0 170 85,	2422944
2016/05/13 15:18:40.021	 85 170 2 86 233 0 170 85,	2453136
2016/05/13 15:18:40.067	 85 170 2 87 139 0 170 85,	2455728
2016/05/13 15:18:40.069	 85 170 2 80 211 0 170 85,	2428208
2016/05/13 15:18:40.115	 85 170 2 83 198 0 170 85,	2440288
2016/05/13 15:18:40.164	 85 170 2 92 72 0 170 85,	2475136
2016/05/13 15:18:40.171	 85 170 2 122 75 0 170 85,	2598064
2016/05/13 15:18:40.208	 85 170 2 65 71 0 170 85,	2364528
2016/05/13 15:18:40.434	 85 170 2 82 9 0 170 85,	2433168
2016/05/13 15:18:40.435	 85 170 2 81 119 0 170 85,	2430832
2016/05/13 15:18:40.436	 85 170 2 82 160 0 170 85,	2435584
2016/05/13 15:18:40.438	 85 170 2 83 248 0 170 85,	2441088
2016/05/13 15:18:40.440	 85 170 2 95 111 0 170 85,	2488048
2016/05/13 15:18:40.442	 85 170 2 89 109 0 170 85,	2463440
2016/05/13 15:18:40.443	 85 170 2 85 169 0 170 85,	2448016
2016/05/13 15:18:40.445	 85 170 2 81 25 0 170 85,	2429328
2016/05/13 15:18:40.489	 85 170 2 80 191 0 170 85,	2427888
2016/05/13 15:18:40.537	 85 170 2 85 10 0 170 85,	2445472
2016/05/13 15:18:40.584	 85 170 2 88 128 0 170 85,	2459648
2016/05/13 15:18:40.587	 85 170 2 82 144 0 170 85,	2435328
2016/05/13 15:18:40.631	 85 170 2 81 180 0 170 85,	2431808
2016/05/13 15:18:40.677	 85 170 2 83 177 0 170 85,	2439952
2016/05/13 15:18:40.684	 85 170 2 78 97 0 170 85,	2418192
2016/05/13 15:18:40.724	 85 170 2 76 143 0 170 85,	2410736
2016/05/13 15:18:40.771	 85 170 2 70 225 0 170 85,	2387472
2016/05/13 15:18:40.778	 85 170 2 115 230 0 170 85,	2571872
2016/05/13 15:18:40.819	 85 170 2 71 188 0 170 85,	2390976
2016/05/13 15:18:40.865	 85 170 2 83 64 0 170 85,	2438144
2016/05/13 15:18:40.869	 85 170 2 85 57 0 170 85,	2446224
2016/05/13 15:18:40.912	 85 170 2 87 172 0 170 85,	2456256
2016/05/13 15:18:40.959	 85 170 2 90 149 0 170 85,	2468176
2016/05/13 15:18:40.964	 85 170 2 94 126 0 170 85,	2484192
2016/05/13 15:18:41.006	 85 170 2 82 45 0 170 85,	2433744
