2016/05/16 03:47:39.147	 85 170 8 105 170 85,	2153
2016/05/16 03:47:39.149	 85 170 8 109 170 85,	2157
2016/05/16 03:47:39.150	 85 170 8 113 170 85,	2161
2016/05/16 03:47:39.194	 85 170 8 112 170 85,	2160
2016/05/16 03:47:39.196	 85 170 8 111 170 85,	2159
2016/05/16 03:47:39.197	 85 170 8 115 170 85,	2163
2016/05/16 03:47:39.199	 85 170 8 113 170 85,	2161
2016/05/16 03:47:39.240	 85 170 8 110 170 85,	2158
2016/05/16 03:47:39.242	 85 170 8 111 170 85,	2159
2016/05/16 03:47:39.244	 85 170 8 108 170 85,	2156
2016/05/16 03:47:39.246	 85 170 8 114 170 85,	2162
2016/05/16 03:47:39.289	 85 170 8 117 170 85,	2165
2016/05/16 03:47:39.292	 85 170 8 110 170 85,	2158
2016/05/16 03:47:39.296	 85 170 8 108 170 85,	2156
2016/05/16 03:47:39.300	 85 170 8 103 170 85,	2151
2016/05/16 03:47:39.304	 85 170 8 113 170 85,	2161
2016/05/16 03:47:39.335	 85 170 8 116 170 85,	2164
2016/05/16 03:47:39.338	 85 170 8 117 170 85,	2165
2016/05/16 03:47:39.386	 85 170 8 110 170 85,	2158
2016/05/16 03:47:39.397	 85 170 8 107 170 85,	2155
2016/05/16 03:47:39.405	 85 170 8 112 170 85,	2160
2016/05/16 03:47:39.408	 85 170 8 120 170 85,	2168
2016/05/16 03:47:39.412	 85 170 8 124 170 85,	2172
2016/05/16 03:47:39.414	 85 170 8 117 170 85,	2165
2016/05/16 03:47:39.416	 85 170 8 110 170 85,	2158
2016/05/16 03:47:39.428	 85 170 8 112 170 85,	2160
2016/05/16 03:47:39.477	 85 170 8 120 170 85,	2168
2016/05/16 03:47:39.479	 85 170 8 122 170 85,	2170
2016/05/16 03:47:39.482	 85 170 8 120 170 85,	2168
2016/05/16 03:47:39.484	 85 170 8 118 170 85,	2166
2016/05/16 03:47:39.521	 85 170 8 121 170 85,	2169
2016/05/16 03:47:39.525	 85 170 8 124 170 85,	2172
2016/05/16 03:47:39.527	 85 170 8 124 170 85,	2172
2016/05/16 03:47:39.569	 85 170 8 123 170 85,	2171
2016/05/16 03:47:39.571	 85 170 8 122 170 85,	2170
2016/05/16 03:47:39.573	 85 170 8 123 170 85,	2171
2016/05/16 03:47:39.575	 85 170 8 118 170 85,	2166
2016/05/16 03:47:39.616	 85 170 8 120 170 85,	2168
2016/05/16 03:47:39.618	 85 170 8 119 170 85,	2167
2016/05/16 03:47:39.620	 85 170 8 111 170 85,	2159
2016/05/16 03:47:39.622	 85 170 8 105 170 85,	2153
2016/05/16 03:47:39.662	 85 170 8 106 170 85,	2154
2016/05/16 03:47:39.665	 85 170 8 101 170 85,	2149
2016/05/16 03:47:39.667	 85 170 8 96 170 85,	2144
2016/05/16 03:47:39.709	 85 170 8 96 170 85,	2144
2016/05/16 03:47:39.716	 85 170 8 97 170 85,	2145
2016/05/16 03:47:39.721	 85 170 8 96 170 85,	2144
2016/05/16 03:47:39.723	 85 170 8 100 170 85,	2148
2016/05/16 03:47:39.756	 85 170 8 97 170 85,	2145
2016/05/16 03:47:39.759	 85 170 8 98 170 85,	2146
2016/05/16 03:47:39.761	 85 170 8 104 170 85,	2152
2016/05/16 03:47:39.765	 85 170 8 102 170 85,	2150
2016/05/16 03:47:39.804	 85 170 8 104 170 85,	2152
2016/05/16 03:47:39.814	 85 170 8 101 170 85,	2149
2016/05/16 03:47:39.819	 85 170 8 107 170 85,	2155
2016/05/16 03:47:39.836	 85 170 8 108 170 85,	2156
2016/05/16 03:47:39.844	 85 170 8 106 170 85,	2154
2016/05/16 03:47:39.847	 85 170 8 105 170 85,	2153
2016/05/16 03:47:39.898	 85 170 8 107 170 85,	2155
2016/05/16 03:47:39.900	 85 170 8 100 170 85,	2148
2016/05/16 03:47:39.903	 85 170 8 106 170 85,	2154
2016/05/16 03:47:39.906	 85 170 8 111 170 85,	2159
2016/05/16 03:47:39.909	 85 170 8 109 170 85,	2157
2016/05/16 03:47:39.945	 85 170 8 104 170 85,	2152
2016/05/16 03:47:39.947	 85 170 8 103 170 85,	2151
2016/05/16 03:47:39.949	 85 170 8 110 170 85,	2158
2016/05/16 03:47:39.992	 85 170 8 114 170 85,	2162
2016/05/16 03:47:39.997	 85 170 8 113 170 85,	2161
2016/05/16 03:47:40.002	 85 170 8 105 170 85,	2153
2016/05/16 03:47:40.006	 85 170 8 111 170 85,	2159
2016/05/16 03:47:40.010	 85 170 8 115 170 85,	2163
2016/05/16 03:47:40.038	 85 170 8 107 170 85,	2155
2016/05/16 03:47:40.047	 85 170 8 110 170 85,	2158
2016/05/16 03:47:40.051	 85 170 8 111 170 85,	2159
2016/05/16 03:47:40.084	 85 170 8 114 170 85,	2162
2016/05/16 03:47:40.087	 85 170 8 109 170 85,	2157
2016/05/16 03:47:40.089	 85 170 8 112 170 85,	2160
2016/05/16 03:47:40.132	 85 170 8 108 170 85,	2156
2016/05/16 03:47:40.134	 85 170 8 104 170 85,	2152
2016/05/16 03:47:40.136	 85 170 8 106 170 85,	2154
2016/05/16 03:47:40.137	 85 170 8 112 170 85,	2160
2016/05/16 03:47:40.178	 85 170 8 113 170 85,	2161
2016/05/16 03:47:40.181	 85 170 8 113 170 85,	2161
2016/05/16 03:47:40.183	 85 170 8 112 170 85,	2160
2016/05/16 03:47:40.225	 85 170 8 116 170 85,	2164
2016/05/16 03:47:40.227	 85 170 8 120 170 85,	2168
2016/05/16 03:47:40.228	 85 170 8 114 170 85,	2162
2016/05/16 03:47:40.230	 85 170 8 107 170 85,	2155
2016/05/16 03:47:40.273	 85 170 8 104 170 85,	2152
2016/05/16 03:47:40.275	 85 170 8 104 170 85,	2152
2016/05/16 03:47:40.276	 85 170 8 102 170 85,	2150
2016/05/16 03:47:40.278	 85 170 8 102 170 85,	2150
2016/05/16 03:47:40.323	 85 170 8 102 170 85,	2150
2016/05/16 03:47:40.330	 85 170 8 99 170 85,	2147
2016/05/16 03:47:40.334	 85 170 8 102 170 85,	2150
2016/05/16 03:47:40.339	 85 170 8 103 170 85,	2151
2016/05/16 03:47:40.349	 85 170 8 104 170 85,	2152
2016/05/16 03:47:40.353	 85 170 8 99 170 85,	2147
2016/05/16 03:47:40.412	 85 170 8 101 170 85,	2149
2016/05/16 03:47:40.420	 85 170 8 100 170 85,	2148
2016/05/16 03:47:40.425	 85 170 12 250 170 85,	3322
2016/05/16 03:47:40.433	 85 170 15 237 170 85,	4077
2016/05/16 03:47:40.437	 85 170 0 8 170 85,	8
2016/05/16 03:47:40.441	 85 170 0 3 170 85,	3
2016/05/16 03:47:40.460	 85 170 0 3 170 85,	3
2016/05/16 03:47:40.466	 85 170 0 3 170 85,	3
2016/05/16 03:47:40.471	 85 170 0 3 170 85,	3
2016/05/16 03:47:40.506	 85 170 0 3 170 85,	3
2016/05/16 03:47:40.509	 85 170 0 3 170 85,	3
2016/05/16 03:47:40.553	 85 170 0 3 170 85,	3
2016/05/16 03:47:40.555	 85 170 0 0 170 85,	0
2016/05/16 03:47:40.558	 85 170 15 246 170 85,	4086
2016/05/16 03:47:40.561	 85 170 15 246 170 85,	4086
2016/05/16 03:47:40.565	 85 170 15 246 170 85,	4086
2016/05/16 03:47:40.600	 85 170 15 246 170 85,	4086
2016/05/16 03:47:40.605	 85 170 15 246 170 85,	4086
2016/05/16 03:47:40.607	 85 170 15 246 170 85,	4086
2016/05/16 03:47:40.610	 85 170 15 246 170 85,	4086
2016/05/16 03:47:40.647	 85 170 15 246 170 85,	4086
2016/05/16 03:47:40.652	 85 170 15 255 170 85,	4095
2016/05/16 03:47:40.695	 85 170 0 10 170 85,	10
2016/05/16 03:47:40.700	 85 170 0 3 170 85,	3
2016/05/16 03:47:40.704	 85 170 0 3 170 85,	3
2016/05/16 03:47:40.708	 85 170 0 4 170 85,	4
2016/05/16 03:47:40.711	 85 170 0 2 170 85,	2
2016/05/16 03:47:40.741	 85 170 0 2 170 85,	2
2016/05/16 03:47:40.743	 85 170 0 2 170 85,	2
2016/05/16 03:47:40.744	 85 170 0 1 170 85,	1
2016/05/16 03:47:40.788	 85 170 0 1 170 85,	1
2016/05/16 03:47:40.791	 85 170 0 1 170 85,	1
2016/05/16 03:47:40.793	 85 170 0 1 170 85,	1
2016/05/16 03:47:40.834	 85 170 0 0 170 85,	0
2016/05/16 03:47:40.837	 85 170 0 1 170 85,	1
2016/05/16 03:47:40.838	 85 170 0 1 170 85,	1
2016/05/16 03:47:40.839	 85 170 0 0 170 85,	0
2016/05/16 03:47:40.882	 85 170 3 93 170 85,	861
2016/05/16 03:47:40.885	 85 170 11 102 170 85,	2918
2016/05/16 03:47:40.888	 85 170 15 248 170 85,	4088
2016/05/16 03:47:40.890	 85 170 15 248 170 85,	4088
2016/05/16 03:47:40.929	 85 170 15 248 170 85,	4088
2016/05/16 03:47:40.933	 85 170 15 248 170 85,	4088
2016/05/16 03:47:40.936	 85 170 15 248 170 85,	4088
2016/05/16 03:47:40.938	 85 170 15 248 170 85,	4088
2016/05/16 03:47:40.976	 85 170 15 248 170 85,	4088
2016/05/16 03:47:40.980	 85 170 15 248 170 85,	4088
2016/05/16 03:47:40.982	 85 170 15 248 170 85,	4088
2016/05/16 03:47:41.024	 85 170 15 248 170 85,	4088
2016/05/16 03:47:41.039	 85 170 15 248 170 85,	4088
2016/05/16 03:47:41.054	 85 170 15 248 170 85,	4088
2016/05/16 03:47:41.058	 85 170 15 248 170 85,	4088
2016/05/16 03:47:41.062	 85 170 15 248 170 85,	4088
2016/05/16 03:47:41.066	 85 170 15 248 170 85,	4088
2016/05/16 03:47:41.068	 85 170 15 248 170 85,	4088
2016/05/16 03:47:41.117	 85 170 15 248 170 85,	4088
2016/05/16 03:47:41.120	 85 170 15 249 170 85,	4089
2016/05/16 03:47:41.122	 85 170 15 248 170 85,	4088
2016/05/16 03:47:41.124	 85 170 15 248 170 85,	4088
2016/05/16 03:47:41.126	 85 170 15 248 170 85,	4088
2016/05/16 03:47:41.163	 85 170 15 248 170 85,	4088
2016/05/16 03:47:41.165	 85 170 15 248 170 85,	4088
2016/05/16 03:47:41.210	 85 170 15 248 170 85,	4088
2016/05/16 03:47:41.217	 85 170 15 248 170 85,	4088
2016/05/16 03:47:41.223	 85 170 15 248 170 85,	4088
2016/05/16 03:47:41.228	 85 170 15 248 170 85,	4088
2016/05/16 03:47:41.235	 85 170 15 248 170 85,	4088
2016/05/16 03:47:41.238	 85 170 15 249 170 85,	4089
2016/05/16 03:47:41.257	 85 170 15 248 170 85,	4088
2016/05/16 03:47:41.304	 85 170 15 249 170 85,	4089
2016/05/16 03:47:41.314	 85 170 15 249 170 85,	4089
2016/05/16 03:47:41.318	 85 170 15 249 170 85,	4089
2016/05/16 03:47:41.323	 85 170 15 249 170 85,	4089
2016/05/16 03:47:41.328	 85 170 15 249 170 85,	4089
2016/05/16 03:47:41.333	 85 170 15 250 170 85,	4090
2016/05/16 03:47:41.337	 85 170 15 249 170 85,	4089
2016/05/16 03:47:41.353	 85 170 15 250 170 85,	4090
2016/05/16 03:47:41.366	 85 170 15 250 170 85,	4090
2016/05/16 03:47:41.397	 85 170 15 250 170 85,	4090
2016/05/16 03:47:41.402	 85 170 15 250 170 85,	4090
2016/05/16 03:47:41.404	 85 170 15 21 170 85,	3861
2016/05/16 03:47:41.445	 85 170 15 243 170 85,	4083
2016/05/16 03:47:41.448	 85 170 15 244 170 85,	4084
2016/05/16 03:47:41.450	 85 170 15 246 170 85,	4086
2016/05/16 03:47:41.490	 85 170 15 246 170 85,	4086
2016/05/16 03:47:41.493	 85 170 15 246 170 85,	4086
2016/05/16 03:47:41.496	 85 170 15 247 170 85,	4087
2016/05/16 03:47:41.499	 85 170 15 247 170 85,	4087
2016/05/16 03:47:41.537	 85 170 15 247 170 85,	4087
2016/05/16 03:47:41.541	 85 170 15 248 170 85,	4088
2016/05/16 03:47:41.543	 85 170 15 249 170 85,	4089
2016/05/16 03:47:41.546	 85 170 15 249 170 85,	4089
2016/05/16 03:47:41.585	 85 170 15 249 170 85,	4089
2016/05/16 03:47:41.587	 85 170 15 249 170 85,	4089
2016/05/16 03:47:41.590	 85 170 15 249 170 85,	4089
2016/05/16 03:47:41.592	 85 170 15 250 170 85,	4090
2016/05/16 03:47:41.632	 85 170 15 249 170 85,	4089
2016/05/16 03:47:41.642	 85 170 15 250 170 85,	4090
2016/05/16 03:47:41.649	 85 170 13 211 170 85,	3539
2016/05/16 03:47:41.655	 85 170 7 250 170 85,	2042
2016/05/16 03:47:41.661	 85 170 0 2 170 85,	2
2016/05/16 03:47:41.669	 85 170 0 1 170 85,	1
2016/05/16 03:47:41.725	 85 170 0 1 170 85,	1
2016/05/16 03:47:41.729	 85 170 0 2 170 85,	2
2016/05/16 03:47:41.732	 85 170 0 1 170 85,	1
2016/05/16 03:47:41.735	 85 170 0 2 170 85,	2
2016/05/16 03:47:41.738	 85 170 0 2 170 85,	2
2016/05/16 03:47:41.772	 85 170 0 2 170 85,	2
2016/05/16 03:47:41.776	 85 170 0 2 170 85,	2
2016/05/16 03:47:41.779	 85 170 0 2 170 85,	2
2016/05/16 03:47:41.782	 85 170 0 2 170 85,	2
2016/05/16 03:47:41.819	 85 170 0 2 170 85,	2
2016/05/16 03:47:41.823	 85 170 0 1 170 85,	1
2016/05/16 03:47:41.826	 85 170 0 2 170 85,	2
2016/05/16 03:47:41.866	 85 170 0 1 170 85,	1
2016/05/16 03:47:41.870	 85 170 0 2 170 85,	2
2016/05/16 03:47:41.873	 85 170 0 1 170 85,	1
2016/05/16 03:47:41.876	 85 170 0 2 170 85,	2
2016/05/16 03:47:41.913	 85 170 0 2 170 85,	2
2016/05/16 03:47:41.919	 85 170 0 2 170 85,	2
2016/05/16 03:47:41.923	 85 170 0 2 170 85,	2
2016/05/16 03:47:41.926	 85 170 0 2 170 85,	2
2016/05/16 03:47:41.959	 85 170 0 2 170 85,	2
2016/05/16 03:47:41.961	 85 170 0 1 170 85,	1
2016/05/16 03:47:42.006	 85 170 0 1 170 85,	1
2016/05/16 03:47:42.012	 85 170 0 2 170 85,	2
2016/05/16 03:47:42.016	 85 170 0 1 170 85,	1
2016/05/16 03:47:42.018	 85 170 0 1 170 85,	1
2016/05/16 03:47:42.020	 85 170 0 1 170 85,	1
2016/05/16 03:47:42.053	 85 170 0 1 170 85,	1
2016/05/16 03:47:42.055	 85 170 0 1 170 85,	1
2016/05/16 03:47:42.057	 85 170 0 0 170 85,	0
2016/05/16 03:47:42.100	 85 170 0 0 170 85,	0
2016/05/16 03:47:42.102	 85 170 0 1 170 85,	1
2016/05/16 03:47:42.103	 85 170 0 1 170 85,	1
2016/05/16 03:47:42.147	 85 170 0 1 170 85,	1
2016/05/16 03:47:42.151	 85 170 0 0 170 85,	0
2016/05/16 03:47:42.154	 85 170 0 1 170 85,	1
2016/05/16 03:47:42.157	 85 170 0 1 170 85,	1
2016/05/16 03:47:42.160	 85 170 0 1 170 85,	1
2016/05/16 03:47:42.195	 85 170 0 1 170 85,	1
2016/05/16 03:47:42.198	 85 170 0 166 170 85,	166
2016/05/16 03:47:42.200	 85 170 3 172 170 85,	940
2016/05/16 03:47:42.240	 85 170 7 129 170 85,	1921
2016/05/16 03:47:42.242	 85 170 12 72 170 85,	3144
2016/05/16 03:47:42.244	 85 170 15 248 170 85,	4088
2016/05/16 03:47:42.246	 85 170 15 249 170 85,	4089
2016/05/16 03:47:42.289	 85 170 15 249 170 85,	4089
2016/05/16 03:47:42.291	 85 170 15 248 170 85,	4088
2016/05/16 03:47:42.293	 85 170 15 248 170 85,	4088
2016/05/16 03:47:42.334	 85 170 15 249 170 85,	4089
2016/05/16 03:47:42.340	 85 170 15 248 170 85,	4088
2016/05/16 03:47:42.343	 85 170 15 248 170 85,	4088
2016/05/16 03:47:42.345	 85 170 15 249 170 85,	4089
2016/05/16 03:47:42.382	 85 170 15 249 170 85,	4089
2016/05/16 03:47:42.387	 85 170 15 249 170 85,	4089
2016/05/16 03:47:42.392	 85 170 15 248 170 85,	4088
2016/05/16 03:47:42.396	 85 170 15 249 170 85,	4089
2016/05/16 03:47:42.403	 85 170 15 249 170 85,	4089
2016/05/16 03:47:42.428	 85 170 15 249 170 85,	4089
2016/05/16 03:47:42.431	 85 170 15 248 170 85,	4088
2016/05/16 03:47:42.475	 85 170 15 248 170 85,	4088
2016/05/16 03:47:42.477	 85 170 15 248 170 85,	4088
2016/05/16 03:47:42.479	 85 170 15 249 170 85,	4089
2016/05/16 03:47:42.482	 85 170 15 249 170 85,	4089
2016/05/16 03:47:42.522	 85 170 15 249 170 85,	4089
2016/05/16 03:47:42.524	 85 170 15 249 170 85,	4089
2016/05/16 03:47:42.526	 85 170 15 249 170 85,	4089
2016/05/16 03:47:42.528	 85 170 15 249 170 85,	4089
2016/05/16 03:47:42.569	 85 170 15 249 170 85,	4089
2016/05/16 03:47:42.570	 85 170 15 249 170 85,	4089
2016/05/16 03:47:42.616	 85 170 15 249 170 85,	4089
2016/05/16 03:47:42.619	 85 170 15 160 170 85,	4000
2016/05/16 03:47:42.620	 85 170 12 158 170 85,	3230
2016/05/16 03:47:42.622	 85 170 8 242 170 85,	2290
2016/05/16 03:47:42.623	 85 170 4 95 170 85,	1119
2016/05/16 03:47:42.663	 85 170 0 1 170 85,	1
2016/05/16 03:47:42.669	 85 170 0 1 170 85,	1
2016/05/16 03:47:42.672	 85 170 0 1 170 85,	1
2016/05/16 03:47:42.674	 85 170 0 1 170 85,	1
2016/05/16 03:47:42.709	 85 170 0 0 170 85,	0
2016/05/16 03:47:42.712	 85 170 0 1 170 85,	1
2016/05/16 03:47:42.713	 85 170 0 1 170 85,	1
2016/05/16 03:47:42.757	 85 170 0 1 170 85,	1
2016/05/16 03:47:42.759	 85 170 0 0 170 85,	0
2016/05/16 03:47:42.761	 85 170 0 1 170 85,	1
2016/05/16 03:47:42.804	 85 170 0 1 170 85,	1
2016/05/16 03:47:42.812	 85 170 0 1 170 85,	1
2016/05/16 03:47:42.817	 85 170 0 1 170 85,	1
2016/05/16 03:47:42.820	 85 170 0 0 170 85,	0
2016/05/16 03:47:42.825	 85 170 0 1 170 85,	1
2016/05/16 03:47:42.850	 85 170 0 0 170 85,	0
2016/05/16 03:47:42.853	 85 170 0 1 170 85,	1
2016/05/16 03:47:42.855	 85 170 0 1 170 85,	1
2016/05/16 03:47:42.898	 85 170 0 1 170 85,	1
2016/05/16 03:47:42.901	 85 170 0 1 170 85,	1
2016/05/16 03:47:42.903	 85 170 0 1 170 85,	1
2016/05/16 03:47:42.945	 85 170 0 0 170 85,	0
2016/05/16 03:47:42.949	 85 170 0 1 170 85,	1
2016/05/16 03:47:42.952	 85 170 0 1 170 85,	1
2016/05/16 03:47:42.958	 85 170 0 1 170 85,	1
2016/05/16 03:47:42.965	 85 170 0 1 170 85,	1
2016/05/16 03:47:42.976	 85 170 0 1 170 85,	1
2016/05/16 03:47:42.983	 85 170 0 1 170 85,	1
2016/05/16 03:47:42.993	 85 170 0 0 170 85,	0
2016/05/16 03:47:43.016	 85 170 0 1 170 85,	1
2016/05/16 03:47:43.025	 85 170 0 1 170 85,	1
2016/05/16 03:47:43.039	 85 170 0 19 170 85,	19
2016/05/16 03:47:43.043	 85 170 0 155 170 85,	155
2016/05/16 03:47:43.085	 85 170 1 186 170 85,	442
2016/05/16 03:47:43.087	 85 170 3 125 170 85,	893
2016/05/16 03:47:43.089	 85 170 5 134 170 85,	1414
2016/05/16 03:47:43.131	 85 170 8 49 170 85,	2097
2016/05/16 03:47:43.135	 85 170 11 139 170 85,	2955
2016/05/16 03:47:43.138	 85 170 15 246 170 85,	4086
2016/05/16 03:47:43.140	 85 170 15 249 170 85,	4089
2016/05/16 03:47:43.179	 85 170 15 249 170 85,	4089
2016/05/16 03:47:43.181	 85 170 15 248 170 85,	4088
2016/05/16 03:47:43.184	 85 170 15 249 170 85,	4089
2016/05/16 03:47:43.226	 85 170 15 249 170 85,	4089
2016/05/16 03:47:43.229	 85 170 15 250 170 85,	4090
2016/05/16 03:47:43.230	 85 170 15 249 170 85,	4089
2016/05/16 03:47:43.233	 85 170 15 250 170 85,	4090
2016/05/16 03:47:43.272	 85 170 15 250 170 85,	4090
2016/05/16 03:47:43.276	 85 170 15 250 170 85,	4090
2016/05/16 03:47:43.279	 85 170 15 250 170 85,	4090
2016/05/16 03:47:43.319	 85 170 15 249 170 85,	4089
2016/05/16 03:47:43.324	 85 170 15 249 170 85,	4089
2016/05/16 03:47:43.327	 85 170 15 249 170 85,	4089
2016/05/16 03:47:43.329	 85 170 15 249 170 85,	4089
2016/05/16 03:47:43.366	 85 170 15 249 170 85,	4089
2016/05/16 03:47:43.369	 85 170 15 249 170 85,	4089
2016/05/16 03:47:43.370	 85 170 15 249 170 85,	4089
2016/05/16 03:47:43.414	 85 170 15 249 170 85,	4089
2016/05/16 03:47:43.417	 85 170 15 250 170 85,	4090
2016/05/16 03:47:43.418	 85 170 15 250 170 85,	4090
2016/05/16 03:47:43.459	 85 170 15 249 170 85,	4089
2016/05/16 03:47:43.461	 85 170 15 249 170 85,	4089
2016/05/16 03:47:43.463	 85 170 15 250 170 85,	4090
2016/05/16 03:47:43.465	 85 170 15 250 170 85,	4090
2016/05/16 03:47:43.507	 85 170 15 250 170 85,	4090
2016/05/16 03:47:43.510	 85 170 15 249 170 85,	4089
2016/05/16 03:47:43.511	 85 170 15 249 170 85,	4089
2016/05/16 03:47:43.513	 85 170 15 232 170 85,	4072
2016/05/16 03:47:43.554	 85 170 15 146 170 85,	3986
2016/05/16 03:47:43.556	 85 170 15 249 170 85,	4089
2016/05/16 03:47:43.558	 85 170 15 250 170 85,	4090
2016/05/16 03:47:43.601	 85 170 14 218 170 85,	3802
2016/05/16 03:47:43.603	 85 170 13 232 170 85,	3560
2016/05/16 03:47:43.605	 85 170 13 86 170 85,	3414
2016/05/16 03:47:43.606	 85 170 12 28 170 85,	3100
2016/05/16 03:47:43.648	 85 170 9 161 170 85,	2465
2016/05/16 03:47:43.658	 85 170 5 186 170 85,	1466
2016/05/16 03:47:43.665	 85 170 1 89 170 85,	345
2016/05/16 03:47:43.670	 85 170 0 1 170 85,	1
2016/05/16 03:47:43.673	 85 170 0 1 170 85,	1
2016/05/16 03:47:43.678	 85 170 0 1 170 85,	1
2016/05/16 03:47:43.694	 85 170 0 1 170 85,	1
2016/05/16 03:47:43.698	 85 170 0 1 170 85,	1
2016/05/16 03:47:43.742	 85 170 0 2 170 85,	2
2016/05/16 03:47:43.744	 85 170 0 1 170 85,	1
2016/05/16 03:47:43.746	 85 170 0 1 170 85,	1
2016/05/16 03:47:43.789	 85 170 0 1 170 85,	1
2016/05/16 03:47:43.791	 85 170 0 1 170 85,	1
2016/05/16 03:47:43.793	 85 170 0 1 170 85,	1
2016/05/16 03:47:43.795	 85 170 0 1 170 85,	1
2016/05/16 03:47:43.835	 85 170 0 1 170 85,	1
2016/05/16 03:47:43.838	 85 170 0 2 170 85,	2
2016/05/16 03:47:43.840	 85 170 0 0 170 85,	0
2016/05/16 03:47:43.842	 85 170 0 1 170 85,	1
2016/05/16 03:47:43.882	 85 170 0 1 170 85,	1
2016/05/16 03:47:43.884	 85 170 0 1 170 85,	1
2016/05/16 03:47:43.886	 85 170 0 1 170 85,	1
2016/05/16 03:47:43.888	 85 170 0 1 170 85,	1
2016/05/16 03:47:43.929	 85 170 0 1 170 85,	1
2016/05/16 03:47:43.933	 85 170 0 1 170 85,	1
2016/05/16 03:47:43.935	 85 170 0 1 170 85,	1
2016/05/16 03:47:43.976	 85 170 0 1 170 85,	1
2016/05/16 03:47:43.992	 85 170 0 0 170 85,	0
2016/05/16 03:47:44.002	 85 170 0 1 170 85,	1
2016/05/16 03:47:44.007	 85 170 0 1 170 85,	1
2016/05/16 03:47:44.013	 85 170 0 1 170 85,	1
2016/05/16 03:47:44.018	 85 170 0 1 170 85,	1
2016/05/16 03:47:44.070	 85 170 0 1 170 85,	1
2016/05/16 03:47:44.076	 85 170 0 0 170 85,	0
2016/05/16 03:47:44.081	 85 170 0 0 170 85,	0
2016/05/16 03:47:44.086	 85 170 0 1 170 85,	1
2016/05/16 03:47:44.096	 85 170 0 1 170 85,	1
2016/05/16 03:47:44.110	 85 170 0 2 170 85,	2
2016/05/16 03:47:44.117	 85 170 0 1 170 85,	1
2016/05/16 03:47:44.121	 85 170 0 1 170 85,	1
2016/05/16 03:47:44.129	 85 170 0 0 170 85,	0
2016/05/16 03:47:44.163	 85 170 0 1 170 85,	1
2016/05/16 03:47:44.168	 85 170 0 1 170 85,	1
2016/05/16 03:47:44.171	 85 170 1 186 170 85,	442
2016/05/16 03:47:44.173	 85 170 5 108 170 85,	1388
2016/05/16 03:47:44.209	 85 170 10 166 170 85,	2726
2016/05/16 03:47:44.212	 85 170 15 249 170 85,	4089
2016/05/16 03:47:44.257	 85 170 15 249 170 85,	4089
2016/05/16 03:47:44.261	 85 170 15 249 170 85,	4089
2016/05/16 03:47:44.263	 85 170 15 249 170 85,	4089
2016/05/16 03:47:44.266	 85 170 15 248 170 85,	4088
2016/05/16 03:47:44.269	 85 170 15 248 170 85,	4088
2016/05/16 03:47:44.304	 85 170 15 249 170 85,	4089
2016/05/16 03:47:44.312	 85 170 15 248 170 85,	4088
2016/05/16 03:47:44.317	 85 170 15 249 170 85,	4089
2016/05/16 03:47:44.320	 85 170 15 248 170 85,	4088
2016/05/16 03:47:44.349	 85 170 15 249 170 85,	4089
2016/05/16 03:47:44.352	 85 170 15 249 170 85,	4089
2016/05/16 03:47:44.355	 85 170 15 248 170 85,	4088
2016/05/16 03:47:44.399	 85 170 15 248 170 85,	4088
2016/05/16 03:47:44.406	 85 170 15 248 170 85,	4088
2016/05/16 03:47:44.415	 85 170 15 248 170 85,	4088
2016/05/16 03:47:44.433	 85 170 15 249 170 85,	4089
2016/05/16 03:47:44.442	 85 170 15 249 170 85,	4089
2016/05/16 03:47:44.447	 85 170 15 249 170 85,	4089
2016/05/16 03:47:44.451	 85 170 15 249 170 85,	4089
2016/05/16 03:47:44.492	 85 170 15 250 170 85,	4090
2016/05/16 03:47:44.494	 85 170 15 250 170 85,	4090
2016/05/16 03:47:44.497	 85 170 9 229 170 85,	2533
2016/05/16 03:47:44.499	 85 170 0 5 170 85,	5
2016/05/16 03:47:44.537	 85 170 0 6 170 85,	6
2016/05/16 03:47:44.541	 85 170 0 4 170 85,	4
2016/05/16 03:47:44.543	 85 170 0 3 170 85,	3
2016/05/16 03:47:44.584	 85 170 0 3 170 85,	3
2016/05/16 03:47:44.587	 85 170 0 3 170 85,	3
2016/05/16 03:47:44.589	 85 170 0 3 170 85,	3
2016/05/16 03:47:44.591	 85 170 0 1 170 85,	1
2016/05/16 03:47:44.633	 85 170 0 2 170 85,	2
2016/05/16 03:47:44.655	 85 170 0 1 170 85,	1
2016/05/16 03:47:44.666	 85 170 0 1 170 85,	1
2016/05/16 03:47:44.672	 85 170 0 1 170 85,	1
2016/05/16 03:47:44.677	 85 170 0 1 170 85,	1
2016/05/16 03:47:44.685	 85 170 0 1 170 85,	1
2016/05/16 03:47:44.690	 85 170 0 0 170 85,	0
2016/05/16 03:47:44.695	 85 170 0 0 170 85,	0
2016/05/16 03:47:44.705	 85 170 0 0 170 85,	0
2016/05/16 03:47:44.718	 85 170 2 59 170 85,	571
2016/05/16 03:47:44.773	 85 170 10 8 170 85,	2568
2016/05/16 03:47:44.777	 85 170 15 248 170 85,	4088
2016/05/16 03:47:44.781	 85 170 15 248 170 85,	4088
2016/05/16 03:47:44.785	 85 170 15 248 170 85,	4088
2016/05/16 03:47:44.788	 85 170 15 248 170 85,	4088
2016/05/16 03:47:44.818	 85 170 15 248 170 85,	4088
2016/05/16 03:47:44.822	 85 170 15 243 170 85,	4083
2016/05/16 03:47:44.825	 85 170 15 246 170 85,	4086
2016/05/16 03:47:44.866	 85 170 15 247 170 85,	4087
2016/05/16 03:47:44.871	 85 170 15 246 170 85,	4086
2016/05/16 03:47:44.875	 85 170 15 246 170 85,	4086
2016/05/16 03:47:44.878	 85 170 15 248 170 85,	4088
2016/05/16 03:47:44.882	 85 170 15 248 170 85,	4088
2016/05/16 03:47:44.914	 85 170 15 249 170 85,	4089
2016/05/16 03:47:44.920	 85 170 15 249 170 85,	4089
2016/05/16 03:47:44.924	 85 170 15 250 170 85,	4090
2016/05/16 03:47:44.960	 85 170 15 249 170 85,	4089
2016/05/16 03:47:44.987	 85 170 15 248 170 85,	4088
2016/05/16 03:47:45.002	 85 170 15 247 170 85,	4087
2016/05/16 03:47:45.006	 85 170 15 248 170 85,	4088
2016/05/16 03:47:45.011	 85 170 15 248 170 85,	4088
2016/05/16 03:47:45.015	 85 170 15 248 170 85,	4088
2016/05/16 03:47:45.021	 85 170 15 248 170 85,	4088
2016/05/16 03:47:45.023	 85 170 15 248 170 85,	4088
2016/05/16 03:47:45.053	 85 170 15 247 170 85,	4087
2016/05/16 03:47:45.058	 85 170 15 247 170 85,	4087
2016/05/16 03:47:45.100	 85 170 15 247 170 85,	4087
2016/05/16 03:47:45.106	 85 170 15 248 170 85,	4088
2016/05/16 03:47:45.110	 85 170 15 248 170 85,	4088
2016/05/16 03:47:45.115	 85 170 15 248 170 85,	4088
2016/05/16 03:47:45.120	 85 170 15 248 170 85,	4088
2016/05/16 03:47:45.147	 85 170 15 248 170 85,	4088
2016/05/16 03:47:45.153	 85 170 15 248 170 85,	4088
2016/05/16 03:47:45.157	 85 170 15 249 170 85,	4089
2016/05/16 03:47:45.194	 85 170 15 249 170 85,	4089
2016/05/16 03:47:45.197	 85 170 15 250 170 85,	4090
2016/05/16 03:47:45.200	 85 170 15 249 170 85,	4089
2016/05/16 03:47:45.241	 85 170 15 250 170 85,	4090
2016/05/16 03:47:45.245	 85 170 15 250 170 85,	4090
2016/05/16 03:47:45.248	 85 170 15 249 170 85,	4089
2016/05/16 03:47:45.251	 85 170 15 249 170 85,	4089
2016/05/16 03:47:45.288	 85 170 14 240 170 85,	3824
2016/05/16 03:47:45.292	 85 170 10 76 170 85,	2636
2016/05/16 03:47:45.294	 85 170 3 43 170 85,	811
2016/05/16 03:47:45.296	 85 170 0 1 170 85,	1
2016/05/16 03:47:45.334	 85 170 0 2 170 85,	2
2016/05/16 03:47:45.337	 85 170 0 2 170 85,	2
2016/05/16 03:47:45.381	 85 170 0 2 170 85,	2
2016/05/16 03:47:45.384	 85 170 0 2 170 85,	2
2016/05/16 03:47:45.385	 85 170 0 3 170 85,	3
2016/05/16 03:47:45.387	 85 170 0 2 170 85,	2
2016/05/16 03:47:45.389	 85 170 0 2 170 85,	2
2016/05/16 03:47:45.429	 85 170 0 1 170 85,	1
2016/05/16 03:47:45.431	 85 170 0 1 170 85,	1
2016/05/16 03:47:45.432	 85 170 0 3 170 85,	3
2016/05/16 03:47:45.476	 85 170 0 3 170 85,	3
2016/05/16 03:47:45.480	 85 170 0 4 170 85,	4
2016/05/16 03:47:45.486	 85 170 0 2 170 85,	2
2016/05/16 03:47:45.490	 85 170 0 2 170 85,	2
2016/05/16 03:47:45.494	 85 170 0 1 170 85,	1
2016/05/16 03:47:45.522	 85 170 0 2 170 85,	2
2016/05/16 03:47:45.525	 85 170 0 2 170 85,	2
2016/05/16 03:47:45.569	 85 170 0 1 170 85,	1
2016/05/16 03:47:45.576	 85 170 15 225 170 85,	4065
2016/05/16 03:47:45.581	 85 170 15 246 170 85,	4086
2016/05/16 03:47:45.587	 85 170 15 246 170 85,	4086
2016/05/16 03:47:45.591	 85 170 15 246 170 85,	4086
2016/05/16 03:47:45.596	 85 170 15 250 170 85,	4090
2016/05/16 03:47:45.617	 85 170 15 126 170 85,	3966
2016/05/16 03:47:45.627	 85 170 0 3 170 85,	3
2016/05/16 03:47:45.632	 85 170 0 0 170 85,	0
2016/05/16 03:47:45.664	 85 170 15 198 170 85,	4038
2016/05/16 03:47:45.667	 85 170 15 246 170 85,	4086
2016/05/16 03:47:45.710	 85 170 15 247 170 85,	4087
2016/05/16 03:47:45.713	 85 170 15 247 170 85,	4087
2016/05/16 03:47:45.716	 85 170 15 247 170 85,	4087
2016/05/16 03:47:45.719	 85 170 15 248 170 85,	4088
2016/05/16 03:47:45.756	 85 170 15 247 170 85,	4087
2016/05/16 03:47:45.759	 85 170 15 248 170 85,	4088
2016/05/16 03:47:45.764	 85 170 15 248 170 85,	4088
2016/05/16 03:47:45.770	 85 170 15 248 170 85,	4088
2016/05/16 03:47:45.772	 85 170 15 249 170 85,	4089
2016/05/16 03:47:45.805	 85 170 15 248 170 85,	4088
2016/05/16 03:47:45.809	 85 170 15 248 170 85,	4088
2016/05/16 03:47:45.812	 85 170 15 249 170 85,	4089
2016/05/16 03:47:45.850	 85 170 15 249 170 85,	4089
2016/05/16 03:47:45.854	 85 170 15 249 170 85,	4089
2016/05/16 03:47:45.856	 85 170 15 250 170 85,	4090
2016/05/16 03:47:45.898	 85 170 15 249 170 85,	4089
2016/05/16 03:47:45.903	 85 170 15 250 170 85,	4090
2016/05/16 03:47:45.905	 85 170 14 19 170 85,	3603
2016/05/16 03:47:45.908	 85 170 8 248 170 85,	2296
2016/05/16 03:47:45.944	 85 170 1 71 170 85,	327
2016/05/16 03:47:45.952	 85 170 0 1 170 85,	1
2016/05/16 03:47:45.957	 85 170 0 1 170 85,	1
2016/05/16 03:47:45.959	 85 170 0 1 170 85,	1
2016/05/16 03:47:45.993	 85 170 0 1 170 85,	1
2016/05/16 03:47:45.996	 85 170 0 1 170 85,	1
2016/05/16 03:47:45.998	 85 170 0 1 170 85,	1
2016/05/16 03:47:46.001	 85 170 0 2 170 85,	2
2016/05/16 03:47:46.038	 85 170 0 1 170 85,	1
2016/05/16 03:47:46.041	 85 170 0 1 170 85,	1
2016/05/16 03:47:46.044	 85 170 0 1 170 85,	1
2016/05/16 03:47:46.084	 85 170 0 1 170 85,	1
2016/05/16 03:47:46.087	 85 170 0 1 170 85,	1
2016/05/16 03:47:46.090	 85 170 0 1 170 85,	1
2016/05/16 03:47:46.093	 85 170 0 1 170 85,	1
2016/05/16 03:47:46.130	 85 170 0 2 170 85,	2
2016/05/16 03:47:46.134	 85 170 0 1 170 85,	1
2016/05/16 03:47:46.178	 85 170 0 1 170 85,	1
2016/05/16 03:47:46.181	 85 170 0 1 170 85,	1
2016/05/16 03:47:46.184	 85 170 0 1 170 85,	1
2016/05/16 03:47:46.187	 85 170 0 1 170 85,	1
2016/05/16 03:47:46.190	 85 170 0 1 170 85,	1
2016/05/16 03:47:46.225	 85 170 0 1 170 85,	1
2016/05/16 03:47:46.227	 85 170 0 1 170 85,	1
2016/05/16 03:47:46.229	 85 170 0 2 170 85,	2
2016/05/16 03:47:46.271	 85 170 0 1 170 85,	1
2016/05/16 03:47:46.277	 85 170 0 0 170 85,	0
2016/05/16 03:47:46.281	 85 170 0 1 170 85,	1
2016/05/16 03:47:46.283	 85 170 0 1 170 85,	1
2016/05/16 03:47:46.285	 85 170 0 0 170 85,	0
2016/05/16 03:47:46.318	 85 170 0 1 170 85,	1
2016/05/16 03:47:46.322	 85 170 0 0 170 85,	0
2016/05/16 03:47:46.367	 85 170 0 1 170 85,	1
2016/05/16 03:47:46.372	 85 170 0 0 170 85,	0
2016/05/16 03:47:46.375	 85 170 0 0 170 85,	0
2016/05/16 03:47:46.379	 85 170 0 0 170 85,	0
2016/05/16 03:47:46.382	 85 170 0 0 170 85,	0
2016/05/16 03:47:46.413	 85 170 0 1 170 85,	1
2016/05/16 03:47:46.418	 85 170 0 191 170 85,	191
2016/05/16 03:47:46.421	 85 170 2 138 170 85,	650
2016/05/16 03:47:46.459	 85 170 4 179 170 85,	1203
2016/05/16 03:47:46.464	 85 170 6 219 170 85,	1755
2016/05/16 03:47:46.471	 85 170 9 31 170 85,	2335
2016/05/16 03:47:46.480	 85 170 11 168 170 85,	2984
2016/05/16 03:47:46.486	 85 170 14 168 170 85,	3752
2016/05/16 03:47:46.493	 85 170 15 249 170 85,	4089
2016/05/16 03:47:46.507	 85 170 15 249 170 85,	4089
2016/05/16 03:47:46.553	 85 170 15 249 170 85,	4089
2016/05/16 03:47:46.557	 85 170 15 249 170 85,	4089
2016/05/16 03:47:46.560	 85 170 15 249 170 85,	4089
2016/05/16 03:47:46.564	 85 170 15 250 170 85,	4090
2016/05/16 03:47:46.601	 85 170 15 249 170 85,	4089
2016/05/16 03:47:46.612	 85 170 15 249 170 85,	4089
2016/05/16 03:47:46.620	 85 170 15 249 170 85,	4089
2016/05/16 03:47:46.623	 85 170 15 249 170 85,	4089
2016/05/16 03:47:46.626	 85 170 15 250 170 85,	4090
2016/05/16 03:47:46.649	 85 170 15 249 170 85,	4089
2016/05/16 03:47:46.653	 85 170 15 249 170 85,	4089
2016/05/16 03:47:46.696	 85 170 15 249 170 85,	4089
2016/05/16 03:47:46.700	 85 170 15 250 170 85,	4090
2016/05/16 03:47:46.704	 85 170 15 249 170 85,	4089
2016/05/16 03:47:46.707	 85 170 15 250 170 85,	4090
2016/05/16 03:47:46.740	 85 170 15 249 170 85,	4089
2016/05/16 03:47:46.743	 85 170 15 250 170 85,	4090
2016/05/16 03:47:46.745	 85 170 15 249 170 85,	4089
2016/05/16 03:47:46.748	 85 170 15 250 170 85,	4090
2016/05/16 03:47:46.787	 85 170 15 250 170 85,	4090
2016/05/16 03:47:46.792	 85 170 15 249 170 85,	4089
2016/05/16 03:47:46.794	 85 170 15 200 170 85,	4040
2016/05/16 03:47:46.796	 85 170 15 78 170 85,	3918
2016/05/16 03:47:46.835	 85 170 14 138 170 85,	3722
2016/05/16 03:47:46.839	 85 170 13 165 170 85,	3493
2016/05/16 03:47:46.882	 85 170 12 210 170 85,	3282
2016/05/16 03:47:46.884	 85 170 12 3 170 85,	3075
2016/05/16 03:47:46.887	 85 170 11 47 170 85,	2863
2016/05/16 03:47:46.889	 85 170 10 116 170 85,	2676
2016/05/16 03:47:46.890	 85 170 9 222 170 85,	2526
2016/05/16 03:47:46.929	 85 170 9 96 170 85,	2400
2016/05/16 03:47:46.935	 85 170 8 212 170 85,	2260
2016/05/16 03:47:46.939	 85 170 8 39 170 85,	2087
2016/05/16 03:47:46.941	 85 170 7 75 170 85,	1867
2016/05/16 03:47:46.976	 85 170 6 92 170 85,	1628
2016/05/16 03:47:46.978	 85 170 5 130 170 85,	1410
2016/05/16 03:47:47.022	 85 170 4 222 170 85,	1246
2016/05/16 03:47:47.025	 85 170 4 145 170 85,	1169
2016/05/16 03:47:47.027	 85 170 4 190 170 85,	1214
2016/05/16 03:47:47.029	 85 170 5 107 170 85,	1387
2016/05/16 03:47:47.068	 85 170 6 93 170 85,	1629
2016/05/16 03:47:47.072	 85 170 7 79 170 85,	1871
2016/05/16 03:47:47.074	 85 170 8 41 170 85,	2089
2016/05/16 03:47:47.076	 85 170 8 219 170 85,	2267
2016/05/16 03:47:47.117	 85 170 9 108 170 85,	2412
2016/05/16 03:47:47.120	 85 170 9 204 170 85,	2508
2016/05/16 03:47:47.122	 85 170 9 247 170 85,	2551
2016/05/16 03:47:47.163	 85 170 9 232 170 85,	2536
2016/05/16 03:47:47.165	 85 170 9 188 170 85,	2492
2016/05/16 03:47:47.167	 85 170 9 99 170 85,	2403
2016/05/16 03:47:47.169	 85 170 8 217 170 85,	2265
2016/05/16 03:47:47.209	 85 170 8 65 170 85,	2113
2016/05/16 03:47:47.212	 85 170 7 180 170 85,	1972
2016/05/16 03:47:47.213	 85 170 7 54 170 85,	1846
2016/05/16 03:47:47.215	 85 170 6 165 170 85,	1701
2016/05/16 03:47:47.257	 85 170 6 0 170 85,	1536
2016/05/16 03:47:47.261	 85 170 5 108 170 85,	1388
2016/05/16 03:47:47.263	 85 170 4 241 170 85,	1265
2016/05/16 03:47:47.265	 85 170 4 125 170 85,	1149
2016/05/16 03:47:47.304	 85 170 4 21 170 85,	1045
2016/05/16 03:47:47.307	 85 170 3 195 170 85,	963
2016/05/16 03:47:47.308	 85 170 3 142 170 85,	910
2016/05/16 03:47:47.350	 85 170 3 92 170 85,	860
2016/05/16 03:47:47.353	 85 170 3 24 170 85,	792
2016/05/16 03:47:47.355	 85 170 2 196 170 85,	708
2016/05/16 03:47:47.357	 85 170 2 122 170 85,	634
2016/05/16 03:47:47.399	 85 170 2 67 170 85,	579
2016/05/16 03:47:47.401	 85 170 2 17 170 85,	529
2016/05/16 03:47:47.404	 85 170 1 237 170 85,	493
2016/05/16 03:47:47.406	 85 170 1 224 170 85,	480
2016/05/16 03:47:47.444	 85 170 1 234 170 85,	490
2016/05/16 03:47:47.446	 85 170 1 240 170 85,	496
2016/05/16 03:47:47.490	 85 170 1 230 170 85,	486
2016/05/16 03:47:47.493	 85 170 1 237 170 85,	493
2016/05/16 03:47:47.495	 85 170 2 4 170 85,	516
2016/05/16 03:47:47.497	 85 170 2 33 170 85,	545
2016/05/16 03:47:47.499	 85 170 2 31 170 85,	543
2016/05/16 03:47:47.538	 85 170 1 243 170 85,	499
2016/05/16 03:47:47.540	 85 170 1 179 170 85,	435
2016/05/16 03:47:47.543	 85 170 1 160 170 85,	416
2016/05/16 03:47:47.545	 85 170 1 178 170 85,	434
2016/05/16 03:47:47.585	 85 170 1 176 170 85,	432
2016/05/16 03:47:47.591	 85 170 1 191 170 85,	447
2016/05/16 03:47:47.595	 85 170 1 230 170 85,	486
2016/05/16 03:47:47.596	 85 170 2 29 170 85,	541
2016/05/16 03:47:47.632	 85 170 2 83 170 85,	595
2016/05/16 03:47:47.638	 85 170 2 129 170 85,	641
2016/05/16 03:47:47.644	 85 170 2 196 170 85,	708
2016/05/16 03:47:47.678	 85 170 3 28 170 85,	796
2016/05/16 03:47:47.683	 85 170 3 103 170 85,	871
2016/05/16 03:47:47.689	 85 170 3 176 170 85,	944
2016/05/16 03:47:47.694	 85 170 4 7 170 85,	1031
2016/05/16 03:47:47.706	 85 170 4 117 170 85,	1141
2016/05/16 03:47:47.723	 85 170 4 215 170 85,	1239
2016/05/16 03:47:47.773	 85 170 5 26 170 85,	1306
2016/05/16 03:47:47.776	 85 170 5 66 170 85,	1346
2016/05/16 03:47:47.779	 85 170 5 95 170 85,	1375
2016/05/16 03:47:47.784	 85 170 5 106 170 85,	1386
2016/05/16 03:47:47.792	 85 170 5 77 170 85,	1357
2016/05/16 03:47:47.802	 85 170 5 77 170 85,	1357
2016/05/16 03:47:47.819	 85 170 5 204 170 85,	1484
2016/05/16 03:47:47.827	 85 170 6 231 170 85,	1767
2016/05/16 03:47:47.830	 85 170 8 146 170 85,	2194
2016/05/16 03:47:47.866	 85 170 10 171 170 85,	2731
2016/05/16 03:47:47.873	 85 170 13 18 170 85,	3346
2016/05/16 03:47:47.876	 85 170 15 180 170 85,	4020
2016/05/16 03:47:47.879	 85 170 15 250 170 85,	4090
2016/05/16 03:47:47.913	 85 170 15 249 170 85,	4089
2016/05/16 03:47:47.923	 85 170 15 249 170 85,	4089
2016/05/16 03:47:47.929	 85 170 15 250 170 85,	4090
2016/05/16 03:47:47.932	 85 170 15 250 170 85,	4090
2016/05/16 03:47:47.959	 85 170 15 250 170 85,	4090
2016/05/16 03:47:47.962	 85 170 15 249 170 85,	4089
2016/05/16 03:47:48.006	 85 170 15 249 170 85,	4089
2016/05/16 03:47:48.010	 85 170 15 250 170 85,	4090
2016/05/16 03:47:48.013	 85 170 15 249 170 85,	4089
2016/05/16 03:47:48.016	 85 170 15 250 170 85,	4090
2016/05/16 03:47:48.053	 85 170 15 175 170 85,	4015
2016/05/16 03:47:48.057	 85 170 14 248 170 85,	3832
2016/05/16 03:47:48.059	 85 170 14 13 170 85,	3597
2016/05/16 03:47:48.062	 85 170 12 229 170 85,	3301
2016/05/16 03:47:48.100	 85 170 11 167 170 85,	2983
2016/05/16 03:47:48.104	 85 170 10 114 170 85,	2674
2016/05/16 03:47:48.106	 85 170 9 102 170 85,	2406
2016/05/16 03:47:48.148	 85 170 8 106 170 85,	2154
2016/05/16 03:47:48.150	 85 170 7 103 170 85,	1895
2016/05/16 03:47:48.152	 85 170 6 135 170 85,	1671
2016/05/16 03:47:48.155	 85 170 5 201 170 85,	1481
2016/05/16 03:47:48.195	 85 170 5 31 170 85,	1311
2016/05/16 03:47:48.197	 85 170 4 109 170 85,	1133
2016/05/16 03:47:48.199	 85 170 3 177 170 85,	945
2016/05/16 03:47:48.200	 85 170 2 253 170 85,	765
2016/05/16 03:47:48.241	 85 170 2 91 170 85,	603
2016/05/16 03:47:48.247	 85 170 1 185 170 85,	441
2016/05/16 03:47:48.251	 85 170 0 253 170 85,	253
2016/05/16 03:47:48.287	 85 170 0 59 170 85,	59
2016/05/16 03:47:48.290	 85 170 0 1 170 85,	1
2016/05/16 03:47:48.292	 85 170 0 1 170 85,	1
2016/05/16 03:47:48.294	 85 170 0 1 170 85,	1
2016/05/16 03:47:48.335	 85 170 0 1 170 85,	1
2016/05/16 03:47:48.354	 85 170 0 0 170 85,	0
2016/05/16 03:47:48.358	 85 170 0 1 170 85,	1
2016/05/16 03:47:48.360	 85 170 0 0 170 85,	0
2016/05/16 03:47:48.362	 85 170 0 1 170 85,	1
2016/05/16 03:47:48.381	 85 170 0 1 170 85,	1
2016/05/16 03:47:48.428	 85 170 0 1 170 85,	1
2016/05/16 03:47:48.430	 85 170 0 1 170 85,	1
2016/05/16 03:47:48.433	 85 170 0 2 170 85,	2
2016/05/16 03:47:48.434	 85 170 0 2 170 85,	2
2016/05/16 03:47:48.475	 85 170 0 34 170 85,	34
2016/05/16 03:47:48.477	 85 170 0 140 170 85,	140
2016/05/16 03:47:48.479	 85 170 1 3 170 85,	259
2016/05/16 03:47:48.481	 85 170 1 145 170 85,	401
2016/05/16 03:47:48.523	 85 170 2 62 170 85,	574
2016/05/16 03:47:48.530	 85 170 2 238 170 85,	750
2016/05/16 03:47:48.535	 85 170 3 118 170 85,	886
2016/05/16 03:47:48.542	 85 170 3 196 170 85,	964
2016/05/16 03:47:48.547	 85 170 3 247 170 85,	1015
2016/05/16 03:47:48.552	 85 170 4 55 170 85,	1079
2016/05/16 03:47:48.569	 85 170 4 131 170 85,	1155
2016/05/16 03:47:48.616	 85 170 4 208 170 85,	1232
2016/05/16 03:47:48.618	 85 170 5 30 170 85,	1310
2016/05/16 03:47:48.620	 85 170 5 106 170 85,	1386
2016/05/16 03:47:48.623	 85 170 5 164 170 85,	1444
2016/05/16 03:47:48.664	 85 170 5 215 170 85,	1495
2016/05/16 03:47:48.666	 85 170 5 238 170 85,	1518
2016/05/16 03:47:48.668	 85 170 5 252 170 85,	1532
2016/05/16 03:47:48.669	 85 170 6 62 170 85,	1598
2016/05/16 03:47:48.710	 85 170 6 211 170 85,	1747
2016/05/16 03:47:48.713	 85 170 7 200 170 85,	1992
2016/05/16 03:47:48.715	 85 170 9 45 170 85,	2349
2016/05/16 03:47:48.717	 85 170 11 31 170 85,	2847
2016/05/16 03:47:48.755	 85 170 13 191 170 85,	3519
2016/05/16 03:47:48.758	 85 170 15 249 170 85,	4089
2016/05/16 03:47:48.759	 85 170 15 248 170 85,	4088
2016/05/16 03:47:48.805	 85 170 15 249 170 85,	4089
2016/05/16 03:47:48.817	 85 170 15 249 170 85,	4089
2016/05/16 03:47:48.825	 85 170 15 250 170 85,	4090
2016/05/16 03:47:48.831	 85 170 15 249 170 85,	4089
2016/05/16 03:47:48.833	 85 170 15 249 170 85,	4089
2016/05/16 03:47:48.839	 85 170 15 249 170 85,	4089
2016/05/16 03:47:48.898	 85 170 15 250 170 85,	4090
2016/05/16 03:47:48.908	 85 170 15 250 170 85,	4090
2016/05/16 03:47:48.915	 85 170 15 249 170 85,	4089
2016/05/16 03:47:48.918	 85 170 15 250 170 85,	4090
2016/05/16 03:47:48.922	 85 170 15 249 170 85,	4089
2016/05/16 03:47:48.924	 85 170 15 220 170 85,	4060
2016/05/16 03:47:48.926	 85 170 15 44 170 85,	3884
2016/05/16 03:47:48.944	 85 170 14 67 170 85,	3651
2016/05/16 03:47:48.990	 85 170 13 99 170 85,	3427
2016/05/16 03:47:48.992	 85 170 12 123 170 85,	3195
2016/05/16 03:47:48.994	 85 170 11 128 170 85,	2944
2016/05/16 03:47:48.996	 85 170 10 129 170 85,	2689
2016/05/16 03:47:48.998	 85 170 9 141 170 85,	2445
2016/05/16 03:47:49.038	 85 170 8 150 170 85,	2198
2016/05/16 03:47:49.046	 85 170 7 122 170 85,	1914
2016/05/16 03:47:49.048	 85 170 6 79 170 85,	1615
2016/05/16 03:47:49.051	 85 170 5 64 170 85,	1344
2016/05/16 03:47:49.085	 85 170 4 100 170 85,	1124
2016/05/16 03:47:49.088	 85 170 3 156 170 85,	924
2016/05/16 03:47:49.131	 85 170 2 209 170 85,	721
2016/05/16 03:47:49.134	 85 170 2 5 170 85,	517
2016/05/16 03:47:49.136	 85 170 1 79 170 85,	335
2016/05/16 03:47:49.141	 85 170 0 168 170 85,	168
2016/05/16 03:47:49.144	 85 170 0 11 170 85,	11
2016/05/16 03:47:49.178	 85 170 0 1 170 85,	1
2016/05/16 03:47:49.181	 85 170 0 1 170 85,	1
2016/05/16 03:47:49.184	 85 170 0 0 170 85,	0
2016/05/16 03:47:49.227	 85 170 0 1 170 85,	1
2016/05/16 03:47:49.236	 85 170 0 1 170 85,	1
2016/05/16 03:47:49.244	 85 170 0 1 170 85,	1
2016/05/16 03:47:49.247	 85 170 0 1 170 85,	1
2016/05/16 03:47:49.250	 85 170 0 17 170 85,	17
2016/05/16 03:47:49.252	 85 170 0 15 170 85,	15
2016/05/16 03:47:49.271	 85 170 0 7 170 85,	7
2016/05/16 03:47:49.319	 85 170 0 50 170 85,	50
2016/05/16 03:47:49.322	 85 170 0 147 170 85,	147
2016/05/16 03:47:49.323	 85 170 0 251 170 85,	251
2016/05/16 03:47:49.325	 85 170 1 107 170 85,	363
2016/05/16 03:47:49.366	 85 170 1 240 170 85,	496
2016/05/16 03:47:49.369	 85 170 2 131 170 85,	643
2016/05/16 03:47:49.372	 85 170 2 248 170 85,	760
2016/05/16 03:47:49.414	 85 170 3 78 170 85,	846
2016/05/16 03:47:49.416	 85 170 3 164 170 85,	932
2016/05/16 03:47:49.418	 85 170 4 12 170 85,	1036
2016/05/16 03:47:49.420	 85 170 4 125 170 85,	1149
2016/05/16 03:47:49.459	 85 170 4 211 170 85,	1235
2016/05/16 03:47:49.461	 85 170 5 15 170 85,	1295
2016/05/16 03:47:49.463	 85 170 5 75 170 85,	1355
2016/05/16 03:47:49.464	 85 170 5 129 170 85,	1409
2016/05/16 03:47:49.506	 85 170 5 155 170 85,	1435
2016/05/16 03:47:49.508	 85 170 5 188 170 85,	1468
2016/05/16 03:47:49.510	 85 170 6 32 170 85,	1568
2016/05/16 03:47:49.554	 85 170 7 26 170 85,	1818
2016/05/16 03:47:49.570	 85 170 8 178 170 85,	2226
2016/05/16 03:47:49.581	 85 170 10 160 170 85,	2720
2016/05/16 03:47:49.584	 85 170 12 226 170 85,	3298
2016/05/16 03:47:49.587	 85 170 15 248 170 85,	4088
2016/05/16 03:47:49.591	 85 170 15 250 170 85,	4090
2016/05/16 03:47:49.594	 85 170 15 250 170 85,	4090
2016/05/16 03:47:49.647	 85 170 15 93 170 85,	3933
2016/05/16 03:47:49.652	 85 170 9 56 170 85,	2360
2016/05/16 03:47:49.657	 85 170 0 2 170 85,	2
2016/05/16 03:47:49.662	 85 170 0 5 170 85,	5
2016/05/16 03:47:49.672	 85 170 0 3 170 85,	3
2016/05/16 03:47:49.681	 85 170 0 3 170 85,	3
2016/05/16 03:47:49.683	 85 170 0 3 170 85,	3
2016/05/16 03:47:49.740	 85 170 0 3 170 85,	3
2016/05/16 03:47:49.744	 85 170 0 3 170 85,	3
2016/05/16 03:47:49.747	 85 170 0 3 170 85,	3
2016/05/16 03:47:49.750	 85 170 15 218 170 85,	4058
2016/05/16 03:47:49.753	 85 170 15 247 170 85,	4087
2016/05/16 03:47:49.788	 85 170 15 247 170 85,	4087
2016/05/16 03:47:49.794	 85 170 15 247 170 85,	4087
2016/05/16 03:47:49.797	 85 170 15 247 170 85,	4087
2016/05/16 03:47:49.800	 85 170 15 248 170 85,	4088
2016/05/16 03:47:49.835	 85 170 15 250 170 85,	4090
2016/05/16 03:47:49.840	 85 170 15 171 170 85,	4011
2016/05/16 03:47:49.843	 85 170 0 4 170 85,	4
2016/05/16 03:47:49.846	 85 170 0 0 170 85,	0
2016/05/16 03:47:49.882	 85 170 15 246 170 85,	4086
2016/05/16 03:47:49.889	 85 170 15 246 170 85,	4086
2016/05/16 03:47:49.895	 85 170 15 246 170 85,	4086
2016/05/16 03:47:49.930	 85 170 15 246 170 85,	4086
2016/05/16 03:47:49.933	 85 170 15 246 170 85,	4086
2016/05/16 03:47:49.936	 85 170 15 246 170 85,	4086
2016/05/16 03:47:49.940	 85 170 15 246 170 85,	4086
2016/05/16 03:47:49.975	 85 170 15 247 170 85,	4087
2016/05/16 03:47:49.978	 85 170 15 248 170 85,	4088
2016/05/16 03:47:50.021	 85 170 15 248 170 85,	4088
2016/05/16 03:47:50.026	 85 170 15 248 170 85,	4088
2016/05/16 03:47:50.029	 85 170 15 248 170 85,	4088
2016/05/16 03:47:50.032	 85 170 15 248 170 85,	4088
2016/05/16 03:47:50.035	 85 170 15 249 170 85,	4089
2016/05/16 03:47:50.070	 85 170 15 249 170 85,	4089
2016/05/16 03:47:50.074	 85 170 15 250 170 85,	4090
2016/05/16 03:47:50.076	 85 170 15 249 170 85,	4089
2016/05/16 03:47:50.118	 85 170 15 250 170 85,	4090
2016/05/16 03:47:50.121	 85 170 15 250 170 85,	4090
2016/05/16 03:47:50.124	 85 170 14 156 170 85,	3740
2016/05/16 03:47:50.126	 85 170 8 164 170 85,	2212
2016/05/16 03:47:50.129	 85 170 0 2 170 85,	2
2016/05/16 03:47:50.163	 85 170 0 2 170 85,	2
2016/05/16 03:47:50.169	 85 170 0 1 170 85,	1
2016/05/16 03:47:50.177	 85 170 0 1 170 85,	1
2016/05/16 03:47:50.181	 85 170 0 1 170 85,	1
2016/05/16 03:47:50.210	 85 170 0 2 170 85,	2
2016/05/16 03:47:50.226	 85 170 0 1 170 85,	1
2016/05/16 03:47:50.237	 85 170 0 1 170 85,	1
2016/05/16 03:47:50.243	 85 170 0 1 170 85,	1
2016/05/16 03:47:50.247	 85 170 0 2 170 85,	2
2016/05/16 03:47:50.305	 85 170 0 1 170 85,	1
2016/05/16 03:47:50.313	 85 170 0 2 170 85,	2
2016/05/16 03:47:50.318	 85 170 0 1 170 85,	1
2016/05/16 03:47:50.324	 85 170 0 1 170 85,	1
2016/05/16 03:47:50.335	 85 170 0 2 170 85,	2
2016/05/16 03:47:50.340	 85 170 0 2 170 85,	2
2016/05/16 03:47:50.344	 85 170 0 2 170 85,	2
2016/05/16 03:47:50.397	 85 170 0 2 170 85,	2
2016/05/16 03:47:50.400	 85 170 0 2 170 85,	2
2016/05/16 03:47:50.405	 85 170 0 1 170 85,	1
2016/05/16 03:47:50.409	 85 170 0 0 170 85,	0
2016/05/16 03:47:50.413	 85 170 0 1 170 85,	1
2016/05/16 03:47:50.417	 85 170 0 2 170 85,	2
2016/05/16 03:47:50.444	 85 170 0 1 170 85,	1
2016/05/16 03:47:50.492	 85 170 0 1 170 85,	1
2016/05/16 03:47:50.496	 85 170 0 1 170 85,	1
2016/05/16 03:47:50.498	 85 170 0 0 170 85,	0
2016/05/16 03:47:50.500	 85 170 0 1 170 85,	1
2016/05/16 03:47:50.502	 85 170 0 1 170 85,	1
2016/05/16 03:47:50.538	 85 170 0 1 170 85,	1
2016/05/16 03:47:50.546	 85 170 0 0 170 85,	0
2016/05/16 03:47:50.549	 85 170 0 0 170 85,	0
2016/05/16 03:47:50.551	 85 170 0 1 170 85,	1
2016/05/16 03:47:50.584	 85 170 0 1 170 85,	1
2016/05/16 03:47:50.587	 85 170 0 1 170 85,	1
2016/05/16 03:47:50.589	 85 170 0 1 170 85,	1
2016/05/16 03:47:50.631	 85 170 1 7 170 85,	263
2016/05/16 03:47:50.633	 85 170 3 106 170 85,	874
2016/05/16 03:47:50.635	 85 170 6 55 170 85,	1591
2016/05/16 03:47:50.678	 85 170 9 82 170 85,	2386
2016/05/16 03:47:50.681	 85 170 13 0 170 85,	3328
2016/05/16 03:47:50.683	 85 170 15 249 170 85,	4089
2016/05/16 03:47:50.685	 85 170 15 248 170 85,	4088
2016/05/16 03:47:50.727	 85 170 15 249 170 85,	4089
2016/05/16 03:47:50.730	 85 170 15 250 170 85,	4090
2016/05/16 03:47:50.732	 85 170 15 250 170 85,	4090
2016/05/16 03:47:50.735	 85 170 15 249 170 85,	4089
2016/05/16 03:47:50.738	 85 170 15 249 170 85,	4089
2016/05/16 03:47:50.772	 85 170 15 249 170 85,	4089
2016/05/16 03:47:50.775	 85 170 15 249 170 85,	4089
2016/05/16 03:47:50.779	 85 170 15 249 170 85,	4089
2016/05/16 03:47:50.820	 85 170 15 249 170 85,	4089
2016/05/16 03:47:50.823	 85 170 15 249 170 85,	4089
2016/05/16 03:47:50.824	 85 170 15 249 170 85,	4089
2016/05/16 03:47:50.865	 85 170 15 249 170 85,	4089
2016/05/16 03:47:50.871	 85 170 15 249 170 85,	4089
2016/05/16 03:47:50.875	 85 170 15 248 170 85,	4088
2016/05/16 03:47:50.878	 85 170 15 249 170 85,	4089
2016/05/16 03:47:50.880	 85 170 15 250 170 85,	4090
2016/05/16 03:47:50.914	 85 170 15 249 170 85,	4089
2016/05/16 03:47:50.918	 85 170 15 250 170 85,	4090
2016/05/16 03:47:50.920	 85 170 15 249 170 85,	4089
2016/05/16 03:47:50.960	 85 170 15 250 170 85,	4090
2016/05/16 03:47:50.962	 85 170 15 249 170 85,	4089
2016/05/16 03:47:50.964	 85 170 15 250 170 85,	4090
2016/05/16 03:47:51.006	 85 170 15 250 170 85,	4090
2016/05/16 03:47:51.013	 85 170 15 189 170 85,	4029
2016/05/16 03:47:51.016	 85 170 15 25 170 85,	3865
2016/05/16 03:47:51.018	 85 170 14 32 170 85,	3616
2016/05/16 03:47:51.053	 85 170 12 251 170 85,	3323
2016/05/16 03:47:51.055	 85 170 11 215 170 85,	3031
2016/05/16 03:47:51.059	 85 170 10 187 170 85,	2747
2016/05/16 03:47:51.062	 85 170 9 165 170 85,	2469
2016/05/16 03:47:51.102	 85 170 8 131 170 85,	2179
2016/05/16 03:47:51.104	 85 170 7 97 170 85,	1889
2016/05/16 03:47:51.107	 85 170 6 89 170 85,	1625
2016/05/16 03:47:51.111	 85 170 5 85 170 85,	1365
2016/05/16 03:47:51.148	 85 170 4 78 170 85,	1102
2016/05/16 03:47:51.150	 85 170 3 67 170 85,	835
2016/05/16 03:47:51.152	 85 170 2 69 170 85,	581
2016/05/16 03:47:51.195	 85 170 1 109 170 85,	365
2016/05/16 03:47:51.200	 85 170 0 170 170 85,	170
2016/05/16 03:47:51.203	 85 170 0 10 170 85,	10
2016/05/16 03:47:51.205	 85 170 0 0 170 85,	0
2016/05/16 03:47:51.241	 85 170 0 0 170 85,	0
2016/05/16 03:47:51.245	 85 170 0 1 170 85,	1
2016/05/16 03:47:51.248	 85 170 0 1 170 85,	1
2016/05/16 03:47:51.250	 85 170 0 0 170 85,	0
2016/05/16 03:47:51.288	 85 170 0 1 170 85,	1
2016/05/16 03:47:51.293	 85 170 0 10 170 85,	10
2016/05/16 03:47:51.297	 85 170 0 29 170 85,	29
2016/05/16 03:47:51.299	 85 170 0 61 170 85,	61
2016/05/16 03:47:51.335	 85 170 0 140 170 85,	140
2016/05/16 03:47:51.337	 85 170 1 13 170 85,	269
2016/05/16 03:47:51.380	 85 170 1 156 170 85,	412
2016/05/16 03:47:51.383	 85 170 2 78 170 85,	590
2016/05/16 03:47:51.386	 85 170 3 107 170 85,	875
2016/05/16 03:47:51.388	 85 170 5 14 170 85,	1294
2016/05/16 03:47:51.391	 85 170 7 27 170 85,	1819
2016/05/16 03:47:51.428	 85 170 9 137 170 85,	2441
2016/05/16 03:47:51.431	 85 170 12 92 170 85,	3164
2016/05/16 03:47:51.433	 85 170 15 187 170 85,	4027
2016/05/16 03:47:51.476	 85 170 15 249 170 85,	4089
2016/05/16 03:47:51.478	 85 170 15 250 170 85,	4090
2016/05/16 03:47:51.480	 85 170 15 249 170 85,	4089
2016/05/16 03:47:51.523	 85 170 15 249 170 85,	4089
2016/05/16 03:47:51.528	 85 170 15 250 170 85,	4090
2016/05/16 03:47:51.531	 85 170 15 249 170 85,	4089
2016/05/16 03:47:51.533	 85 170 15 249 170 85,	4089
2016/05/16 03:47:51.535	 85 170 15 249 170 85,	4089
2016/05/16 03:47:51.568	 85 170 15 250 170 85,	4090
2016/05/16 03:47:51.570	 85 170 15 249 170 85,	4089
2016/05/16 03:47:51.571	 85 170 15 250 170 85,	4090
2016/05/16 03:47:51.616	 85 170 15 249 170 85,	4089
2016/05/16 03:47:51.618	 85 170 15 249 170 85,	4089
2016/05/16 03:47:51.619	 85 170 15 236 170 85,	4076
2016/05/16 03:47:51.663	 85 170 15 145 170 85,	3985
2016/05/16 03:47:51.667	 85 170 14 176 170 85,	3760
2016/05/16 03:47:51.671	 85 170 13 166 170 85,	3494
2016/05/16 03:47:51.675	 85 170 12 131 170 85,	3203
2016/05/16 03:47:51.679	 85 170 11 75 170 85,	2891
2016/05/16 03:47:51.709	 85 170 10 13 170 85,	2573
2016/05/16 03:47:51.712	 85 170 8 214 170 85,	2262
2016/05/16 03:47:51.714	 85 170 7 169 170 85,	1961
2016/05/16 03:47:51.756	 85 170 6 129 170 85,	1665
2016/05/16 03:47:51.758	 85 170 5 98 170 85,	1378
2016/05/16 03:47:51.760	 85 170 4 54 170 85,	1078
2016/05/16 03:47:51.762	 85 170 3 17 170 85,	785
2016/05/16 03:47:51.804	 85 170 2 3 170 85,	515
2016/05/16 03:47:51.814	 85 170 1 4 170 85,	260
2016/05/16 03:47:51.820	 85 170 0 3 170 85,	3
2016/05/16 03:47:51.826	 85 170 0 1 170 85,	1
2016/05/16 03:47:51.830	 85 170 0 1 170 85,	1
2016/05/16 03:47:51.852	 85 170 0 1 170 85,	1
2016/05/16 03:47:51.861	 85 170 0 1 170 85,	1
2016/05/16 03:47:51.896	 85 170 0 1 170 85,	1
2016/05/16 03:47:51.898	 85 170 0 1 170 85,	1
2016/05/16 03:47:51.900	 85 170 0 0 170 85,	0
2016/05/16 03:47:51.903	 85 170 0 1 170 85,	1
2016/05/16 03:47:51.943	 85 170 0 1 170 85,	1
2016/05/16 03:47:51.945	 85 170 0 1 170 85,	1
2016/05/16 03:47:51.991	 85 170 0 0 170 85,	0
2016/05/16 03:47:51.995	 85 170 0 0 170 85,	0
2016/05/16 03:47:51.999	 85 170 0 10 170 85,	10
2016/05/16 03:47:52.004	 85 170 0 21 170 85,	21
2016/05/16 03:47:52.010	 85 170 0 108 170 85,	108
2016/05/16 03:47:52.039	 85 170 0 233 170 85,	233
2016/05/16 03:47:52.043	 85 170 1 109 170 85,	365
2016/05/16 03:47:52.046	 85 170 1 240 170 85,	496
2016/05/16 03:47:52.048	 85 170 2 131 170 85,	643
2016/05/16 03:47:52.084	 85 170 3 37 170 85,	805
2016/05/16 03:47:52.087	 85 170 3 193 170 85,	961
2016/05/16 03:47:52.132	 85 170 4 76 170 85,	1100
2016/05/16 03:47:52.138	 85 170 4 215 170 85,	1239
2016/05/16 03:47:52.145	 85 170 5 113 170 85,	1393
2016/05/16 03:47:52.149	 85 170 5 251 170 85,	1531
2016/05/16 03:47:52.153	 85 170 6 105 170 85,	1641
2016/05/16 03:47:52.179	 85 170 6 193 170 85,	1729
2016/05/16 03:47:52.187	 85 170 7 17 170 85,	1809
2016/05/16 03:47:52.192	 85 170 7 94 170 85,	1886
2016/05/16 03:47:52.195	 85 170 7 153 170 85,	1945
2016/05/16 03:47:52.225	 85 170 7 196 170 85,	1988
2016/05/16 03:47:52.227	 85 170 7 236 170 85,	2028
2016/05/16 03:47:52.229	 85 170 8 33 170 85,	2081
2016/05/16 03:47:52.273	 85 170 8 102 170 85,	2150
2016/05/16 03:47:52.277	 85 170 8 203 170 85,	2251
2016/05/16 03:47:52.279	 85 170 9 152 170 85,	2456
2016/05/16 03:47:52.319	 85 170 11 14 170 85,	2830
2016/05/16 03:47:52.322	 85 170 13 82 170 85,	3410
2016/05/16 03:47:52.324	 85 170 15 249 170 85,	4089
2016/05/16 03:47:52.326	 85 170 15 250 170 85,	4090
2016/05/16 03:47:52.366	 85 170 15 249 170 85,	4089
2016/05/16 03:47:52.368	 85 170 15 250 170 85,	4090
2016/05/16 03:47:52.369	 85 170 15 249 170 85,	4089
2016/05/16 03:47:52.372	 85 170 15 250 170 85,	4090
2016/05/16 03:47:52.413	 85 170 15 249 170 85,	4089
2016/05/16 03:47:52.425	 85 170 15 249 170 85,	4089
2016/05/16 03:47:52.431	 85 170 15 249 170 85,	4089
2016/05/16 03:47:52.434	 85 170 15 249 170 85,	4089
2016/05/16 03:47:52.436	 85 170 15 249 170 85,	4089
2016/05/16 03:47:52.459	 85 170 15 249 170 85,	4089
2016/05/16 03:47:52.463	 85 170 15 249 170 85,	4089
2016/05/16 03:47:52.507	 85 170 15 250 170 85,	4090
2016/05/16 03:47:52.517	 85 170 15 250 170 85,	4090
2016/05/16 03:47:52.522	 85 170 15 164 170 85,	4004
2016/05/16 03:47:52.526	 85 170 14 217 170 85,	3801
2016/05/16 03:47:52.529	 85 170 13 198 170 85,	3526
2016/05/16 03:47:52.555	 85 170 12 129 170 85,	3201
2016/05/16 03:47:52.558	 85 170 11 43 170 85,	2859
2016/05/16 03:47:52.561	 85 170 9 234 170 85,	2538
2016/05/16 03:47:52.600	 85 170 8 182 170 85,	2230
2016/05/16 03:47:52.605	 85 170 7 103 170 85,	1895
2016/05/16 03:47:52.609	 85 170 6 15 170 85,	1551
2016/05/16 03:47:52.648	 85 170 4 197 170 85,	1221
2016/05/16 03:47:52.651	 85 170 3 131 170 85,	899
2016/05/16 03:47:52.655	 85 170 2 50 170 85,	562
2016/05/16 03:47:52.658	 85 170 0 202 170 85,	202
2016/05/16 03:47:52.694	 85 170 0 1 170 85,	1
2016/05/16 03:47:52.696	 85 170 0 1 170 85,	1
2016/05/16 03:47:52.699	 85 170 0 1 170 85,	1
2016/05/16 03:47:52.704	 85 170 0 1 170 85,	1
2016/05/16 03:47:52.741	 85 170 0 1 170 85,	1
2016/05/16 03:47:52.746	 85 170 0 1 170 85,	1
2016/05/16 03:47:52.749	 85 170 0 0 170 85,	0
2016/05/16 03:47:52.753	 85 170 0 1 170 85,	1
2016/05/16 03:47:52.787	 85 170 0 1 170 85,	1
2016/05/16 03:47:52.791	 85 170 0 1 170 85,	1
2016/05/16 03:47:52.836	 85 170 0 1 170 85,	1
2016/05/16 03:47:52.843	 85 170 0 1 170 85,	1
2016/05/16 03:47:52.847	 85 170 0 1 170 85,	1
2016/05/16 03:47:52.849	 85 170 0 1 170 85,	1
2016/05/16 03:47:52.851	 85 170 0 0 170 85,	0
2016/05/16 03:47:52.882	 85 170 0 1 170 85,	1
2016/05/16 03:47:52.884	 85 170 0 1 170 85,	1
2016/05/16 03:47:52.886	 85 170 0 1 170 85,	1
2016/05/16 03:47:52.928	 85 170 0 1 170 85,	1
2016/05/16 03:47:52.930	 85 170 0 2 170 85,	2
2016/05/16 03:47:52.932	 85 170 0 46 170 85,	46
2016/05/16 03:47:52.976	 85 170 0 101 170 85,	101
2016/05/16 03:47:52.979	 85 170 0 205 170 85,	205
2016/05/16 03:47:52.981	 85 170 1 90 170 85,	346
2016/05/16 03:47:52.983	 85 170 1 243 170 85,	499
2016/05/16 03:47:53.022	 85 170 2 140 170 85,	652
2016/05/16 03:47:53.025	 85 170 3 36 170 85,	804
2016/05/16 03:47:53.029	 85 170 3 199 170 85,	967
2016/05/16 03:47:53.032	 85 170 4 108 170 85,	1132
2016/05/16 03:47:53.069	 85 170 5 0 170 85,	1280
2016/05/16 03:47:53.071	 85 170 5 135 170 85,	1415
2016/05/16 03:47:53.074	 85 170 6 14 170 85,	1550
2016/05/16 03:47:53.117	 85 170 6 159 170 85,	1695
2016/05/16 03:47:53.120	 85 170 7 32 170 85,	1824
2016/05/16 03:47:53.122	 85 170 7 140 170 85,	1932
2016/05/16 03:47:53.125	 85 170 7 234 170 85,	2026
2016/05/16 03:47:53.163	 85 170 8 83 170 85,	2131
2016/05/16 03:47:53.167	 85 170 8 184 170 85,	2232
2016/05/16 03:47:53.170	 85 170 9 2 170 85,	2306
2016/05/16 03:47:53.172	 85 170 9 62 170 85,	2366
2016/05/16 03:47:53.209	 85 170 9 116 170 85,	2420
2016/05/16 03:47:53.212	 85 170 9 178 170 85,	2482
2016/05/16 03:47:53.215	 85 170 9 233 170 85,	2537
2016/05/16 03:47:53.218	 85 170 10 50 170 85,	2610
2016/05/16 03:47:53.255	 85 170 10 220 170 85,	2780
2016/05/16 03:47:53.258	 85 170 12 30 170 85,	3102
2016/05/16 03:47:53.260	 85 170 14 36 170 85,	3620
2016/05/16 03:47:53.304	 85 170 15 249 170 85,	4089
2016/05/16 03:47:53.306	 85 170 15 249 170 85,	4089
2016/05/16 03:47:53.308	 85 170 15 250 170 85,	4090
2016/05/16 03:47:53.311	 85 170 15 249 170 85,	4089
2016/05/16 03:47:53.350	 85 170 15 249 170 85,	4089
2016/05/16 03:47:53.352	 85 170 15 249 170 85,	4089
2016/05/16 03:47:53.354	 85 170 15 250 170 85,	4090
2016/05/16 03:47:53.398	 85 170 15 249 170 85,	4089
2016/05/16 03:47:53.400	 85 170 15 249 170 85,	4089
2016/05/16 03:47:53.402	 85 170 15 250 170 85,	4090
2016/05/16 03:47:53.444	 85 170 15 249 170 85,	4089
2016/05/16 03:47:53.448	 85 170 15 250 170 85,	4090
2016/05/16 03:47:53.449	 85 170 15 249 170 85,	4089
2016/05/16 03:47:53.450	 85 170 15 249 170 85,	4089
2016/05/16 03:47:53.453	 85 170 15 249 170 85,	4089
2016/05/16 03:47:53.492	 85 170 15 220 170 85,	4060
2016/05/16 03:47:53.498	 85 170 15 99 170 85,	3939
2016/05/16 03:47:53.500	 85 170 14 114 170 85,	3698
2016/05/16 03:47:53.502	 85 170 13 70 170 85,	3398
2016/05/16 03:47:53.537	 85 170 11 250 170 85,	3066
2016/05/16 03:47:53.539	 85 170 10 188 170 85,	2748
2016/05/16 03:47:53.541	 85 170 9 133 170 85,	2437
2016/05/16 03:47:53.584	 85 170 8 54 170 85,	2102
2016/05/16 03:47:53.586	 85 170 6 203 170 85,	1739
2016/05/16 03:47:53.588	 85 170 5 111 170 85,	1391
2016/05/16 03:47:53.632	 85 170 4 18 170 85,	1042
2016/05/16 03:47:53.634	 85 170 2 155 170 85,	667
2016/05/16 03:47:53.637	 85 170 1 5 170 85,	261
2016/05/16 03:47:53.639	 85 170 0 2 170 85,	2
2016/05/16 03:47:53.677	 85 170 0 1 170 85,	1
2016/05/16 03:47:53.679	 85 170 0 1 170 85,	1
2016/05/16 03:47:53.681	 85 170 0 1 170 85,	1
2016/05/16 03:47:53.682	 85 170 0 1 170 85,	1
2016/05/16 03:47:53.724	 85 170 0 0 170 85,	0
2016/05/16 03:47:53.726	 85 170 0 1 170 85,	1
2016/05/16 03:47:53.728	 85 170 0 0 170 85,	0
2016/05/16 03:47:53.772	 85 170 0 1 170 85,	1
2016/05/16 03:47:53.777	 85 170 0 1 170 85,	1
2016/05/16 03:47:53.779	 85 170 0 0 170 85,	0
2016/05/16 03:47:53.780	 85 170 0 1 170 85,	1
2016/05/16 03:47:53.821	 85 170 0 1 170 85,	1
2016/05/16 03:47:53.834	 85 170 0 0 170 85,	0
2016/05/16 03:47:53.842	 85 170 0 1 170 85,	1
2016/05/16 03:47:53.847	 85 170 0 1 170 85,	1
2016/05/16 03:47:53.849	 85 170 0 1 170 85,	1
2016/05/16 03:47:53.852	 85 170 0 1 170 85,	1
2016/05/16 03:47:53.912	 85 170 0 1 170 85,	1
2016/05/16 03:47:53.914	 85 170 0 51 170 85,	51
2016/05/16 03:47:53.916	 85 170 0 141 170 85,	141
2016/05/16 03:47:53.918	 85 170 0 251 170 85,	251
2016/05/16 03:47:53.919	 85 170 1 138 170 85,	394
2016/05/16 03:47:53.959	 85 170 2 57 170 85,	569
2016/05/16 03:47:53.963	 85 170 2 250 170 85,	762
2016/05/16 03:47:53.965	 85 170 3 172 170 85,	940
2016/05/16 03:47:53.966	 85 170 4 74 170 85,	1098
2016/05/16 03:47:54.006	 85 170 4 232 170 85,	1256
2016/05/16 03:47:54.008	 85 170 5 124 170 85,	1404
2016/05/16 03:47:54.012	 85 170 5 244 170 85,	1524
2016/05/16 03:47:54.013	 85 170 6 93 170 85,	1629
2016/05/16 03:47:54.053	 85 170 6 198 170 85,	1734
2016/05/16 03:47:54.055	 85 170 7 51 170 85,	1843
2016/05/16 03:47:54.100	 85 170 7 150 170 85,	1942
2016/05/16 03:47:54.104	 85 170 7 233 170 85,	2025
2016/05/16 03:47:54.105	 85 170 8 51 170 85,	2099
2016/05/16 03:47:54.107	 85 170 8 124 170 85,	2172
2016/05/16 03:47:54.110	 85 170 8 188 170 85,	2236
2016/05/16 03:47:54.149	 85 170 8 226 170 85,	2274
2016/05/16 03:47:54.155	 85 170 8 255 170 85,	2303
2016/05/16 03:47:54.160	 85 170 9 36 170 85,	2340
2016/05/16 03:47:54.162	 85 170 9 81 170 85,	2385
2016/05/16 03:47:54.193	 85 170 9 105 170 85,	2409
2016/05/16 03:47:54.196	 85 170 9 137 170 85,	2441
2016/05/16 03:47:54.242	 85 170 9 244 170 85,	2548
2016/05/16 03:47:54.245	 85 170 10 227 170 85,	2787
2016/05/16 03:47:54.248	 85 170 12 107 170 85,	3179
2016/05/16 03:47:54.250	 85 170 14 155 170 85,	3739
2016/05/16 03:47:54.253	 85 170 15 250 170 85,	4090
2016/05/16 03:47:54.288	 85 170 15 249 170 85,	4089
2016/05/16 03:47:54.291	 85 170 15 250 170 85,	4090
2016/05/16 03:47:54.294	 85 170 15 249 170 85,	4089
2016/05/16 03:47:54.335	 85 170 15 250 170 85,	4090
2016/05/16 03:47:54.341	 85 170 15 249 170 85,	4089
2016/05/16 03:47:54.346	 85 170 15 249 170 85,	4089
2016/05/16 03:47:54.350	 85 170 15 249 170 85,	4089
2016/05/16 03:47:54.356	 85 170 15 250 170 85,	4090
2016/05/16 03:47:54.382	 85 170 15 249 170 85,	4089
2016/05/16 03:47:54.386	 85 170 15 249 170 85,	4089
2016/05/16 03:47:54.430	 85 170 15 249 170 85,	4089
2016/05/16 03:47:54.438	 85 170 15 250 170 85,	4090
2016/05/16 03:47:54.441	 85 170 15 231 170 85,	4071
2016/05/16 03:47:54.446	 85 170 15 135 170 85,	3975
2016/05/16 03:47:54.450	 85 170 14 208 170 85,	3792
2016/05/16 03:47:54.476	 85 170 13 219 170 85,	3547
2016/05/16 03:47:54.483	 85 170 12 202 170 85,	3274
2016/05/16 03:47:54.488	 85 170 11 185 170 85,	3001
2016/05/16 03:47:54.523	 85 170 10 178 170 85,	2738
2016/05/16 03:47:54.528	 85 170 9 174 170 85,	2478
2016/05/16 03:47:54.530	 85 170 8 163 170 85,	2211
2016/05/16 03:47:54.533	 85 170 7 143 170 85,	1935
2016/05/16 03:47:54.569	 85 170 6 143 170 85,	1679
2016/05/16 03:47:54.571	 85 170 5 143 170 85,	1423
2016/05/16 03:47:54.575	 85 170 4 133 170 85,	1157
2016/05/16 03:47:54.616	 85 170 3 96 170 85,	864
2016/05/16 03:47:54.619	 85 170 2 57 170 85,	569
2016/05/16 03:47:54.621	 85 170 1 32 170 85,	288
2016/05/16 03:47:54.623	 85 170 0 14 170 85,	14
2016/05/16 03:47:54.662	 85 170 0 0 170 85,	0
2016/05/16 03:47:54.665	 85 170 0 1 170 85,	1
2016/05/16 03:47:54.667	 85 170 0 1 170 85,	1
2016/05/16 03:47:54.670	 85 170 0 1 170 85,	1
2016/05/16 03:47:54.709	 85 170 0 1 170 85,	1
2016/05/16 03:47:54.713	 85 170 0 1 170 85,	1
2016/05/16 03:47:54.716	 85 170 0 1 170 85,	1
2016/05/16 03:47:54.757	 85 170 0 1 170 85,	1
2016/05/16 03:47:54.760	 85 170 0 1 170 85,	1
2016/05/16 03:47:54.762	 85 170 0 1 170 85,	1
2016/05/16 03:47:54.763	 85 170 0 0 170 85,	0
2016/05/16 03:47:54.803	 85 170 0 1 170 85,	1
2016/05/16 03:47:54.811	 85 170 0 2 170 85,	2
2016/05/16 03:47:54.816	 85 170 0 12 170 85,	12
2016/05/16 03:47:54.818	 85 170 0 32 170 85,	32
2016/05/16 03:47:54.851	 85 170 0 128 170 85,	128
2016/05/16 03:47:54.854	 85 170 1 21 170 85,	277
2016/05/16 03:47:54.896	 85 170 1 170 170 85,	426
2016/05/16 03:47:54.899	 85 170 2 53 170 85,	565
2016/05/16 03:47:54.903	 85 170 2 204 170 85,	716
2016/05/16 03:47:54.904	 85 170 3 115 170 85,	883
2016/05/16 03:47:54.944	 85 170 4 15 170 85,	1039
2016/05/16 03:47:54.946	 85 170 4 151 170 85,	1175
2016/05/16 03:47:54.948	 85 170 5 37 170 85,	1317
2016/05/16 03:47:54.949	 85 170 5 192 170 85,	1472
2016/05/16 03:47:54.990	 85 170 6 83 170 85,	1619
2016/05/16 03:47:54.992	 85 170 6 201 170 85,	1737
2016/05/16 03:47:54.994	 85 170 7 41 170 85,	1833
2016/05/16 03:47:54.996	 85 170 7 131 170 85,	1923
2016/05/16 03:47:55.037	 85 170 7 215 170 85,	2007
2016/05/16 03:47:55.040	 85 170 8 23 170 85,	2071
2016/05/16 03:47:55.042	 85 170 8 70 170 85,	2118
2016/05/16 03:47:55.084	 85 170 8 115 170 85,	2163
2016/05/16 03:47:55.087	 85 170 8 172 170 85,	2220
2016/05/16 03:47:55.088	 85 170 9 2 170 85,	2306
2016/05/16 03:47:55.090	 85 170 9 150 170 85,	2454
2016/05/16 03:47:55.132	 85 170 10 165 170 85,	2725
2016/05/16 03:47:55.136	 85 170 12 99 170 85,	3171
2016/05/16 03:47:55.139	 85 170 14 225 170 85,	3809
2016/05/16 03:47:55.140	 85 170 15 249 170 85,	4089
2016/05/16 03:47:55.178	 85 170 15 249 170 85,	4089
2016/05/16 03:47:55.180	 85 170 15 249 170 85,	4089
2016/05/16 03:47:55.183	 85 170 15 249 170 85,	4089
2016/05/16 03:47:55.226	 85 170 15 249 170 85,	4089
2016/05/16 03:47:55.228	 85 170 15 249 170 85,	4089
2016/05/16 03:47:55.230	 85 170 15 250 170 85,	4090
2016/05/16 03:47:55.232	 85 170 15 249 170 85,	4089
2016/05/16 03:47:55.272	 85 170 15 250 170 85,	4090
2016/05/16 03:47:55.279	 85 170 15 249 170 85,	4089
2016/05/16 03:47:55.282	 85 170 15 250 170 85,	4090
2016/05/16 03:47:55.285	 85 170 15 249 170 85,	4089
2016/05/16 03:47:55.320	 85 170 15 249 170 85,	4089
2016/05/16 03:47:55.324	 85 170 15 250 170 85,	4090
2016/05/16 03:47:55.327	 85 170 15 223 170 85,	4063
2016/05/16 03:47:55.331	 85 170 15 73 170 85,	3913
2016/05/16 03:47:55.366	 85 170 14 96 170 85,	3680
2016/05/16 03:47:55.370	 85 170 13 84 170 85,	3412
2016/05/16 03:47:55.375	 85 170 12 45 170 85,	3117
2016/05/16 03:47:55.413	 85 170 11 18 170 85,	2834
2016/05/16 03:47:55.424	 85 170 10 14 170 85,	2574
2016/05/16 03:47:55.427	 85 170 9 30 170 85,	2334
2016/05/16 03:47:55.431	 85 170 8 26 170 85,	2074
2016/05/16 03:47:55.435	 85 170 6 251 170 85,	1787
2016/05/16 03:47:55.460	 85 170 5 245 170 85,	1525
2016/05/16 03:47:55.471	 85 170 4 246 170 85,	1270
2016/05/16 03:47:55.478	 85 170 3 242 170 85,	1010
2016/05/16 03:47:55.506	 85 170 2 216 170 85,	728
2016/05/16 03:47:55.508	 85 170 1 199 170 85,	455
2016/05/16 03:47:55.510	 85 170 0 197 170 85,	197
2016/05/16 03:47:55.554	 85 170 0 1 170 85,	1
2016/05/16 03:47:55.557	 85 170 0 0 170 85,	0
2016/05/16 03:47:55.561	 85 170 0 1 170 85,	1
2016/05/16 03:47:55.564	 85 170 0 1 170 85,	1
2016/05/16 03:47:55.600	 85 170 0 1 170 85,	1
2016/05/16 03:47:55.607	 85 170 0 1 170 85,	1
2016/05/16 03:47:55.610	 85 170 0 1 170 85,	1
2016/05/16 03:47:55.649	 85 170 0 1 170 85,	1
2016/05/16 03:47:55.653	 85 170 0 1 170 85,	1
2016/05/16 03:47:55.657	 85 170 0 1 170 85,	1
2016/05/16 03:47:55.660	 85 170 0 1 170 85,	1
2016/05/16 03:47:55.694	 85 170 0 1 170 85,	1
2016/05/16 03:47:55.698	 85 170 0 1 170 85,	1
2016/05/16 03:47:55.701	 85 170 0 18 170 85,	18
2016/05/16 03:47:55.704	 85 170 0 44 170 85,	44
2016/05/16 03:47:55.742	 85 170 0 96 170 85,	96
2016/05/16 03:47:55.747	 85 170 0 200 170 85,	200
2016/05/16 03:47:55.750	 85 170 1 85 170 85,	341
2016/05/16 03:47:55.754	 85 170 1 209 170 85,	465
2016/05/16 03:47:55.788	 85 170 2 62 170 85,	574
2016/05/16 03:47:55.800	 85 170 2 184 170 85,	696
2016/05/16 03:47:55.806	 85 170 3 77 170 85,	845
2016/05/16 03:47:55.812	 85 170 3 225 170 85,	993
2016/05/16 03:47:55.815	 85 170 4 102 170 85,	1126
2016/05/16 03:47:55.835	 85 170 4 226 170 85,	1250
2016/05/16 03:47:55.882	 85 170 5 114 170 85,	1394
2016/05/16 03:47:55.887	 85 170 6 4 170 85,	1540
2016/05/16 03:47:55.892	 85 170 6 134 170 85,	1670
2016/05/16 03:47:55.896	 85 170 6 248 170 85,	1784
2016/05/16 03:47:55.915	 85 170 7 110 170 85,	1902
2016/05/16 03:47:55.927	 85 170 7 239 170 85,	2031
2016/05/16 03:47:55.935	 85 170 8 108 170 85,	2156
2016/05/16 03:47:55.941	 85 170 8 210 170 85,	2258
2016/05/16 03:47:55.974	 85 170 9 57 170 85,	2361
2016/05/16 03:47:55.976	 85 170 9 200 170 85,	2504
2016/05/16 03:47:55.979	 85 170 10 163 170 85,	2723
2016/05/16 03:47:56.023	 85 170 11 235 170 85,	3051
2016/05/16 03:47:56.026	 85 170 13 211 170 85,	3539
2016/05/16 03:47:56.028	 85 170 15 248 170 85,	4088
2016/05/16 03:47:56.030	 85 170 15 249 170 85,	4089
2016/05/16 03:47:56.033	 85 170 15 249 170 85,	4089
2016/05/16 03:47:56.069	 85 170 15 250 170 85,	4090
2016/05/16 03:47:56.071	 85 170 15 249 170 85,	4089
2016/05/16 03:47:56.115	 85 170 15 249 170 85,	4089
2016/05/16 03:47:56.121	 85 170 15 249 170 85,	4089
2016/05/16 03:47:56.124	 85 170 15 249 170 85,	4089
2016/05/16 03:47:56.126	 85 170 15 250 170 85,	4090
2016/05/16 03:47:56.163	 85 170 15 249 170 85,	4089
2016/05/16 03:47:56.165	 85 170 15 250 170 85,	4090
2016/05/16 03:47:56.167	 85 170 15 249 170 85,	4089
2016/05/16 03:47:56.168	 85 170 15 250 170 85,	4090
2016/05/16 03:47:56.210	 85 170 15 250 170 85,	4090
2016/05/16 03:47:56.213	 85 170 15 250 170 85,	4090
2016/05/16 03:47:56.215	 85 170 15 250 170 85,	4090
2016/05/16 03:47:56.217	 85 170 15 196 170 85,	4036
2016/05/16 03:47:56.256	 85 170 14 254 170 85,	3838
2016/05/16 03:47:56.259	 85 170 14 3 170 85,	3587
2016/05/16 03:47:56.261	 85 170 12 223 170 85,	3295
2016/05/16 03:47:56.304	 85 170 11 157 170 85,	2973
2016/05/16 03:47:56.317	 85 170 10 78 170 85,	2638
2016/05/16 03:47:56.324	 85 170 9 14 170 85,	2318
2016/05/16 03:47:56.331	 85 170 7 216 170 85,	2008
2016/05/16 03:47:56.334	 85 170 6 151 170 85,	1687
2016/05/16 03:47:56.340	 85 170 5 91 170 85,	1371
2016/05/16 03:47:56.350	 85 170 4 29 170 85,	1053
2016/05/16 03:47:56.354	 85 170 2 225 170 85,	737
2016/05/16 03:47:56.398	 85 170 1 158 170 85,	414
2016/05/16 03:47:56.403	 85 170 0 65 170 85,	65
2016/05/16 03:47:56.406	 85 170 0 0 170 85,	0
2016/05/16 03:47:56.446	 85 170 0 1 170 85,	1
2016/05/16 03:47:56.457	 85 170 0 0 170 85,	0
2016/05/16 03:47:56.464	 85 170 0 1 170 85,	1
2016/05/16 03:47:56.467	 85 170 0 1 170 85,	1
2016/05/16 03:47:56.470	 85 170 0 1 170 85,	1
2016/05/16 03:47:56.491	 85 170 0 0 170 85,	0
2016/05/16 03:47:56.493	 85 170 0 1 170 85,	1
2016/05/16 03:47:56.537	 85 170 0 0 170 85,	0
2016/05/16 03:47:56.540	 85 170 0 1 170 85,	1
2016/05/16 03:47:56.541	 85 170 0 1 170 85,	1
2016/05/16 03:47:56.584	 85 170 0 1 170 85,	1
2016/05/16 03:47:56.586	 85 170 0 1 170 85,	1
2016/05/16 03:47:56.588	 85 170 0 0 170 85,	0
2016/05/16 03:47:56.589	 85 170 0 0 170 85,	0
2016/05/16 03:47:56.632	 85 170 0 1 170 85,	1
2016/05/16 03:47:56.634	 85 170 0 22 170 85,	22
2016/05/16 03:47:56.636	 85 170 0 40 170 85,	40
2016/05/16 03:47:56.638	 85 170 0 106 170 85,	106
2016/05/16 03:47:56.678	 85 170 0 221 170 85,	221
2016/05/16 03:47:56.680	 85 170 1 93 170 85,	349
2016/05/16 03:47:56.682	 85 170 1 215 170 85,	471
2016/05/16 03:47:56.683	 85 170 2 88 170 85,	600
2016/05/16 03:47:56.726	 85 170 2 243 170 85,	755
2016/05/16 03:47:56.729	 85 170 3 151 170 85,	919
2016/05/16 03:47:56.731	 85 170 4 41 170 85,	1065
2016/05/16 03:47:56.772	 85 170 4 181 170 85,	1205
2016/05/16 03:47:56.776	 85 170 5 77 170 85,	1357
2016/05/16 03:47:56.779	 85 170 5 235 170 85,	1515
2016/05/16 03:47:56.780	 85 170 6 114 170 85,	1650
2016/05/16 03:47:56.819	 85 170 6 226 170 85,	1762
2016/05/16 03:47:56.821	 85 170 7 80 170 85,	1872
2016/05/16 03:47:56.823	 85 170 7 202 170 85,	1994
2016/05/16 03:47:56.824	 85 170 8 66 170 85,	2114
2016/05/16 03:47:56.865	 85 170 8 154 170 85,	2202
2016/05/16 03:47:56.867	 85 170 8 215 170 85,	2263
2016/05/16 03:47:56.869	 85 170 9 36 170 85,	2340
2016/05/16 03:47:56.870	 85 170 9 177 170 85,	2481
2016/05/16 03:47:56.912	 85 170 10 157 170 85,	2717
2016/05/16 03:47:56.915	 85 170 12 23 170 85,	3095
2016/05/16 03:47:56.917	 85 170 14 56 170 85,	3640
2016/05/16 03:47:56.960	 85 170 15 249 170 85,	4089
2016/05/16 03:47:56.963	 85 170 15 249 170 85,	4089
2016/05/16 03:47:56.968	 85 170 15 250 170 85,	4090
2016/05/16 03:47:56.973	 85 170 15 249 170 85,	4089
2016/05/16 03:47:56.988	 85 170 15 250 170 85,	4090
2016/05/16 03:47:56.992	 85 170 15 249 170 85,	4089
2016/05/16 03:47:57.055	 85 170 15 249 170 85,	4089
2016/05/16 03:47:57.059	 85 170 15 250 170 85,	4090
2016/05/16 03:47:57.062	 85 170 15 249 170 85,	4089
2016/05/16 03:47:57.066	 85 170 15 250 170 85,	4090
2016/05/16 03:47:57.068	 85 170 15 249 170 85,	4089
2016/05/16 03:47:57.100	 85 170 15 250 170 85,	4090
2016/05/16 03:47:57.108	 85 170 15 249 170 85,	4089
2016/05/16 03:47:57.114	 85 170 15 249 170 85,	4089
2016/05/16 03:47:57.117	 85 170 15 249 170 85,	4089
2016/05/16 03:47:57.120	 85 170 15 210 170 85,	4050
2016/05/16 03:47:57.148	 85 170 15 24 170 85,	3864
2016/05/16 03:47:57.150	 85 170 14 51 170 85,	3635
2016/05/16 03:47:57.153	 85 170 13 57 170 85,	3385
2016/05/16 03:47:57.194	 85 170 12 35 170 85,	3107
2016/05/16 03:47:57.197	 85 170 10 251 170 85,	2811
2016/05/16 03:47:57.200	 85 170 9 228 170 85,	2532
2016/05/16 03:47:57.203	 85 170 8 216 170 85,	2264
2016/05/16 03:47:57.243	 85 170 7 185 170 85,	1977
2016/05/16 03:47:57.246	 85 170 6 131 170 85,	1667
2016/05/16 03:47:57.249	 85 170 5 78 170 85,	1358
2016/05/16 03:47:57.288	 85 170 4 30 170 85,	1054
2016/05/16 03:47:57.294	 85 170 2 238 170 85,	750
2016/05/16 03:47:57.297	 85 170 1 175 170 85,	431
2016/05/16 03:47:57.300	 85 170 0 98 170 85,	98
2016/05/16 03:47:57.334	 85 170 0 1 170 85,	1
2016/05/16 03:47:57.337	 85 170 0 1 170 85,	1
2016/05/16 03:47:57.339	 85 170 0 1 170 85,	1
2016/05/16 03:47:57.381	 85 170 0 1 170 85,	1
2016/05/16 03:47:57.384	 85 170 0 1 170 85,	1
2016/05/16 03:47:57.386	 85 170 0 1 170 85,	1
2016/05/16 03:47:57.429	 85 170 0 1 170 85,	1
2016/05/16 03:47:57.435	 85 170 0 1 170 85,	1
2016/05/16 03:47:57.438	 85 170 0 1 170 85,	1
2016/05/16 03:47:57.439	 85 170 0 1 170 85,	1
2016/05/16 03:47:57.441	 85 170 0 1 170 85,	1
2016/05/16 03:47:57.476	 85 170 0 1 170 85,	1
2016/05/16 03:47:57.478	 85 170 0 1 170 85,	1
2016/05/16 03:47:57.481	 85 170 0 1 170 85,	1
2016/05/16 03:47:57.522	 85 170 0 1 170 85,	1
2016/05/16 03:47:57.524	 85 170 0 30 170 85,	30
2016/05/16 03:47:57.526	 85 170 0 59 170 85,	59
2016/05/16 03:47:57.569	 85 170 0 121 170 85,	121
2016/05/16 03:47:57.571	 85 170 0 241 170 85,	241
2016/05/16 03:47:57.573	 85 170 1 133 170 85,	389
2016/05/16 03:47:57.575	 85 170 2 8 170 85,	520
2016/05/16 03:47:57.616	 85 170 2 143 170 85,	655
2016/05/16 03:47:57.620	 85 170 3 44 170 85,	812
2016/05/16 03:47:57.625	 85 170 3 200 170 85,	968
2016/05/16 03:47:57.629	 85 170 4 79 170 85,	1103
2016/05/16 03:47:57.634	 85 170 4 188 170 85,	1212
2016/05/16 03:47:57.663	 85 170 5 49 170 85,	1329
2016/05/16 03:47:57.666	 85 170 5 183 170 85,	1463
2016/05/16 03:47:57.668	 85 170 6 53 170 85,	1589
2016/05/16 03:47:57.710	 85 170 6 154 170 85,	1690
2016/05/16 03:47:57.716	 85 170 6 247 170 85,	1783
2016/05/16 03:47:57.718	 85 170 7 128 170 85,	1920
2016/05/16 03:47:57.756	 85 170 8 95 170 85,	2143
2016/05/16 03:47:57.763	 85 170 9 145 170 85,	2449
2016/05/16 03:47:57.767	 85 170 11 55 170 85,	2871
2016/05/16 03:47:57.770	 85 170 13 116 170 85,	3444
2016/05/16 03:47:57.804	 85 170 15 248 170 85,	4088
2016/05/16 03:47:57.809	 85 170 15 249 170 85,	4089
2016/05/16 03:47:57.811	 85 170 15 249 170 85,	4089
2016/05/16 03:47:57.815	 85 170 15 250 170 85,	4090
2016/05/16 03:47:57.852	 85 170 15 249 170 85,	4089
2016/05/16 03:47:57.854	 85 170 15 249 170 85,	4089
2016/05/16 03:47:57.857	 85 170 15 250 170 85,	4090
2016/05/16 03:47:57.859	 85 170 15 249 170 85,	4089
2016/05/16 03:47:57.897	 85 170 15 249 170 85,	4089
2016/05/16 03:47:57.979	 85 170 15 250 170 85,	4090
2016/05/16 03:47:58.004	 85 170 15 249 170 85,	4089
2016/05/16 03:47:58.011	 85 170 15 250 170 85,	4090
2016/05/16 03:47:58.016	 85 170 15 249 170 85,	4089
2016/05/16 03:47:58.021	 85 170 15 250 170 85,	4090
2016/05/16 03:47:58.024	 85 170 15 250 170 85,	4090
2016/05/16 03:47:58.028	 85 170 15 156 170 85,	3996
2016/05/16 03:47:58.033	 85 170 14 175 170 85,	3759
2016/05/16 03:47:58.036	 85 170 13 168 170 85,	3496
2016/05/16 03:47:58.039	 85 170 12 144 170 85,	3216
2016/05/16 03:47:58.042	 85 170 11 115 170 85,	2931
2016/05/16 03:47:58.044	 85 170 10 91 170 85,	2651
2016/05/16 03:47:58.047	 85 170 9 80 170 85,	2384
2016/05/16 03:47:58.084	 85 170 8 87 170 85,	2135
2016/05/16 03:47:58.089	 85 170 7 67 170 85,	1859
2016/05/16 03:47:58.092	 85 170 6 33 170 85,	1569
2016/05/16 03:47:58.132	 85 170 5 17 170 85,	1297
2016/05/16 03:47:58.134	 85 170 4 10 170 85,	1034
2016/05/16 03:47:58.135	 85 170 3 3 170 85,	771
2016/05/16 03:47:58.137	 85 170 1 232 170 85,	488
2016/05/16 03:47:58.178	 85 170 0 199 170 85,	199
2016/05/16 03:47:58.180	 85 170 0 1 170 85,	1
2016/05/16 03:47:58.182	 85 170 0 1 170 85,	1
2016/05/16 03:47:58.227	 85 170 0 1 170 85,	1
2016/05/16 03:47:58.229	 85 170 0 1 170 85,	1
2016/05/16 03:47:58.230	 85 170 0 1 170 85,	1
2016/05/16 03:47:58.232	 85 170 0 1 170 85,	1
2016/05/16 03:47:58.272	 85 170 0 1 170 85,	1
2016/05/16 03:47:58.275	 85 170 0 1 170 85,	1
2016/05/16 03:47:58.277	 85 170 0 1 170 85,	1
2016/05/16 03:47:58.279	 85 170 0 1 170 85,	1
2016/05/16 03:47:58.319	 85 170 0 1 170 85,	1
2016/05/16 03:47:58.323	 85 170 0 0 170 85,	0
2016/05/16 03:47:58.328	 85 170 0 1 170 85,	1
2016/05/16 03:47:58.333	 85 170 0 1 170 85,	1
2016/05/16 03:47:58.337	 85 170 0 1 170 85,	1
2016/05/16 03:47:58.366	 85 170 0 18 170 85,	18
2016/05/16 03:47:58.370	 85 170 0 31 170 85,	31
2016/05/16 03:47:58.413	 85 170 0 96 170 85,	96
2016/05/16 03:47:58.420	 85 170 0 219 170 85,	219
2016/05/16 03:47:58.424	 85 170 1 86 170 85,	342
2016/05/16 03:47:58.426	 85 170 1 188 170 85,	444
2016/05/16 03:47:58.459	 85 170 2 36 170 85,	548
2016/05/16 03:47:58.462	 85 170 2 167 170 85,	679
2016/05/16 03:47:58.465	 85 170 3 46 170 85,	814
2016/05/16 03:47:58.467	 85 170 3 160 170 85,	928
2016/05/16 03:47:58.506	 85 170 4 3 170 85,	1027
2016/05/16 03:47:58.509	 85 170 4 112 170 85,	1136
2016/05/16 03:47:58.511	 85 170 4 233 170 85,	1257
2016/05/16 03:47:58.514	 85 170 5 86 170 85,	1366
2016/05/16 03:47:58.554	 85 170 5 182 170 85,	1462
2016/05/16 03:47:58.557	 85 170 6 25 170 85,	1561
2016/05/16 03:47:58.560	 85 170 6 126 170 85,	1662
2016/05/16 03:47:58.600	 85 170 6 218 170 85,	1754
2016/05/16 03:47:58.603	 85 170 7 28 170 85,	1820
2016/05/16 03:47:58.605	 85 170 7 84 170 85,	1876
2016/05/16 03:47:58.607	 85 170 7 175 170 85,	1967
2016/05/16 03:47:58.647	 85 170 8 87 170 85,	2135
2016/05/16 03:47:58.649	 85 170 9 84 170 85,	2388
2016/05/16 03:47:58.696	 85 170 10 184 170 85,	2744
2016/05/16 03:47:58.705	 85 170 12 156 170 85,	3228
2016/05/16 03:47:58.711	 85 170 15 27 170 85,	3867
2016/05/16 03:47:58.720	 85 170 15 250 170 85,	4090
2016/05/16 03:47:58.733	 85 170 15 249 170 85,	4089
2016/05/16 03:47:58.740	 85 170 15 249 170 85,	4089
2016/05/16 03:47:58.765	 85 170 15 250 170 85,	4090
2016/05/16 03:47:58.775	 85 170 15 250 170 85,	4090
2016/05/16 03:47:58.780	 85 170 15 249 170 85,	4089
2016/05/16 03:47:58.785	 85 170 15 249 170 85,	4089
2016/05/16 03:47:58.788	 85 170 15 249 170 85,	4089
2016/05/16 03:47:58.794	 85 170 15 249 170 85,	4089
2016/05/16 03:47:58.798	 85 170 15 250 170 85,	4090
2016/05/16 03:47:58.834	 85 170 15 250 170 85,	4090
2016/05/16 03:47:58.838	 85 170 15 249 170 85,	4089
2016/05/16 03:47:58.883	 85 170 15 249 170 85,	4089
2016/05/16 03:47:58.890	 85 170 15 250 170 85,	4090
2016/05/16 03:47:58.898	 85 170 15 250 170 85,	4090
2016/05/16 03:47:58.905	 85 170 15 220 170 85,	4060
2016/05/16 03:47:58.911	 85 170 15 103 170 85,	3943
2016/05/16 03:47:58.916	 85 170 14 169 170 85,	3753
2016/05/16 03:47:58.921	 85 170 13 183 170 85,	3511
2016/05/16 03:47:58.929	 85 170 12 172 170 85,	3244
2016/05/16 03:47:58.974	 85 170 11 153 170 85,	2969
2016/05/16 03:47:58.979	 85 170 10 145 170 85,	2705
2016/05/16 03:47:58.983	 85 170 9 141 170 85,	2445
2016/05/16 03:47:58.987	 85 170 8 126 170 85,	2174
2016/05/16 03:47:58.990	 85 170 7 94 170 85,	1886
2016/05/16 03:47:59.021	 85 170 6 77 170 85,	1613
2016/05/16 03:47:59.025	 85 170 5 64 170 85,	1344
2016/05/16 03:47:59.070	 85 170 4 29 170 85,	1053
2016/05/16 03:47:59.093	 85 170 2 241 170 85,	753
2016/05/16 03:47:59.100	 85 170 1 217 170 85,	473
2016/05/16 03:47:59.103	 85 170 0 211 170 85,	211
2016/05/16 03:47:59.106	 85 170 0 0 170 85,	0
2016/05/16 03:47:59.109	 85 170 0 1 170 85,	1
2016/05/16 03:47:59.163	 85 170 0 1 170 85,	1
2016/05/16 03:47:59.166	 85 170 0 1 170 85,	1
2016/05/16 03:47:59.168	 85 170 0 1 170 85,	1
2016/05/16 03:47:59.170	 85 170 0 1 170 85,	1
2016/05/16 03:47:59.172	 85 170 0 1 170 85,	1
2016/05/16 03:47:59.209	 85 170 0 0 170 85,	0
2016/05/16 03:47:59.213	 85 170 0 1 170 85,	1
2016/05/16 03:47:59.217	 85 170 0 0 170 85,	0
2016/05/16 03:47:59.220	 85 170 0 1 170 85,	1
2016/05/16 03:47:59.257	 85 170 0 1 170 85,	1
2016/05/16 03:47:59.260	 85 170 0 3 170 85,	3
2016/05/16 03:47:59.264	 85 170 0 38 170 85,	38
2016/05/16 03:47:59.268	 85 170 0 96 170 85,	96
2016/05/16 03:47:59.304	 85 170 0 187 170 85,	187
2016/05/16 03:47:59.309	 85 170 1 55 170 85,	311
2016/05/16 03:47:59.313	 85 170 1 191 170 85,	447
2016/05/16 03:47:59.317	 85 170 2 51 170 85,	563
2016/05/16 03:47:59.350	 85 170 2 159 170 85,	671
2016/05/16 03:47:59.356	 85 170 3 37 170 85,	805
2016/05/16 03:47:59.359	 85 170 3 188 170 85,	956
2016/05/16 03:47:59.398	 85 170 4 68 170 85,	1092
2016/05/16 03:47:59.412	 85 170 4 170 170 85,	1194
2016/05/16 03:47:59.419	 85 170 4 253 170 85,	1277
2016/05/16 03:47:59.424	 85 170 5 74 170 85,	1354
2016/05/16 03:47:59.427	 85 170 5 143 170 85,	1423
2016/05/16 03:47:59.444	 85 170 5 197 170 85,	1477
2016/05/16 03:47:59.448	 85 170 5 243 170 85,	1523
2016/05/16 03:47:59.490	 85 170 6 38 170 85,	1574
2016/05/16 03:47:59.494	 85 170 6 94 170 85,	1630
2016/05/16 03:47:59.497	 85 170 6 130 170 85,	1666
2016/05/16 03:47:59.538	 85 170 6 150 170 85,	1686
2016/05/16 03:47:59.544	 85 170 6 179 170 85,	1715
2016/05/16 03:47:59.547	 85 170 6 221 170 85,	1757
2016/05/16 03:47:59.552	 85 170 7 19 170 85,	1811
2016/05/16 03:47:59.559	 85 170 7 99 170 85,	1891
2016/05/16 03:47:59.585	 85 170 7 238 170 85,	2030
2016/05/16 03:47:59.588	 85 170 8 217 170 85,	2265
2016/05/16 03:47:59.591	 85 170 10 38 170 85,	2598
2016/05/16 03:47:59.632	 85 170 11 185 170 85,	3001
2016/05/16 03:47:59.635	 85 170 13 142 170 85,	3470
2016/05/16 03:47:59.638	 85 170 15 162 170 85,	4002
2016/05/16 03:47:59.642	 85 170 15 250 170 85,	4090
2016/05/16 03:47:59.679	 85 170 15 250 170 85,	4090
2016/05/16 03:47:59.684	 85 170 15 249 170 85,	4089
2016/05/16 03:47:59.687	 85 170 15 250 170 85,	4090
2016/05/16 03:47:59.727	 85 170 15 250 170 85,	4090
2016/05/16 03:47:59.738	 85 170 15 249 170 85,	4089
2016/05/16 03:47:59.744	 85 170 15 249 170 85,	4089
2016/05/16 03:47:59.748	 85 170 15 249 170 85,	4089
2016/05/16 03:47:59.752	 85 170 15 249 170 85,	4089
2016/05/16 03:47:59.773	 85 170 15 250 170 85,	4090
2016/05/16 03:47:59.780	 85 170 15 249 170 85,	4089
2016/05/16 03:47:59.785	 85 170 15 227 170 85,	4067
2016/05/16 03:47:59.819	 85 170 15 130 170 85,	3970
2016/05/16 03:47:59.823	 85 170 14 230 170 85,	3814
2016/05/16 03:47:59.826	 85 170 14 38 170 85,	3622
2016/05/16 03:47:59.866	 85 170 13 44 170 85,	3372
2016/05/16 03:47:59.871	 85 170 12 44 170 85,	3116
2016/05/16 03:47:59.875	 85 170 11 54 170 85,	2870
2016/05/16 03:47:59.878	 85 170 10 11 170 85,	2571
2016/05/16 03:47:59.912	 85 170 8 128 170 85,	2176
2016/05/16 03:47:59.918	 85 170 5 185 170 85,	1465
2016/05/16 03:47:59.922	 85 170 0 5 170 85,	5
2016/05/16 03:47:59.925	 85 170 0 3 170 85,	3
2016/05/16 03:47:59.960	 85 170 0 3 170 85,	3
2016/05/16 03:47:59.963	 85 170 0 3 170 85,	3
2016/05/16 03:47:59.967	 85 170 0 0 170 85,	0
2016/05/16 03:47:59.970	 85 170 15 247 170 85,	4087
2016/05/16 03:48:00.008	 85 170 15 246 170 85,	4086
2016/05/16 03:48:00.013	 85 170 15 247 170 85,	4087
2016/05/16 03:48:00.017	 85 170 15 248 170 85,	4088
2016/05/16 03:48:00.054	 85 170 15 247 170 85,	4087
2016/05/16 03:48:00.067	 85 170 15 248 170 85,	4088
2016/05/16 03:48:00.076	 85 170 15 248 170 85,	4088
2016/05/16 03:48:00.081	 85 170 15 248 170 85,	4088
2016/05/16 03:48:00.084	 85 170 15 248 170 85,	4088
2016/05/16 03:48:00.100	 85 170 15 248 170 85,	4088
2016/05/16 03:48:00.103	 85 170 15 248 170 85,	4088
2016/05/16 03:48:00.147	 85 170 15 248 170 85,	4088
2016/05/16 03:48:00.150	 85 170 15 248 170 85,	4088
2016/05/16 03:48:00.153	 85 170 15 249 170 85,	4089
2016/05/16 03:48:00.195	 85 170 15 248 170 85,	4088
2016/05/16 03:48:00.198	 85 170 15 249 170 85,	4089
2016/05/16 03:48:00.200	 85 170 15 249 170 85,	4089
2016/05/16 03:48:00.203	 85 170 15 249 170 85,	4089
2016/05/16 03:48:00.206	 85 170 15 249 170 85,	4089
2016/05/16 03:48:00.241	 85 170 15 249 170 85,	4089
2016/05/16 03:48:00.243	 85 170 15 250 170 85,	4090
2016/05/16 03:48:00.245	 85 170 15 249 170 85,	4089
2016/05/16 03:48:00.289	 85 170 15 249 170 85,	4089
2016/05/16 03:48:00.292	 85 170 15 250 170 85,	4090
2016/05/16 03:48:00.294	 85 170 15 11 170 85,	3851
2016/05/16 03:48:00.336	 85 170 11 52 170 85,	2868
2016/05/16 03:48:00.339	 85 170 5 157 170 85,	1437
2016/05/16 03:48:00.342	 85 170 0 1 170 85,	1
2016/05/16 03:48:00.344	 85 170 0 1 170 85,	1
2016/05/16 03:48:00.383	 85 170 0 2 170 85,	2
2016/05/16 03:48:00.411	 85 170 0 1 170 85,	1
2016/05/16 03:48:00.422	 85 170 0 2 170 85,	2
2016/05/16 03:48:00.429	 85 170 0 1 170 85,	1
2016/05/16 03:48:00.434	 85 170 0 1 170 85,	1
2016/05/16 03:48:00.438	 85 170 0 1 170 85,	1
2016/05/16 03:48:00.442	 85 170 0 1 170 85,	1
2016/05/16 03:48:00.444	 85 170 0 1 170 85,	1
2016/05/16 03:48:00.446	 85 170 0 1 170 85,	1
2016/05/16 03:48:00.475	 85 170 0 1 170 85,	1
2016/05/16 03:48:00.477	 85 170 0 1 170 85,	1
2016/05/16 03:48:00.523	 85 170 0 0 170 85,	0
2016/05/16 03:48:00.526	 85 170 0 1 170 85,	1
2016/05/16 03:48:00.528	 85 170 0 1 170 85,	1
2016/05/16 03:48:00.529	 85 170 0 1 170 85,	1
2016/05/16 03:48:00.569	 85 170 0 1 170 85,	1
2016/05/16 03:48:00.574	 85 170 0 1 170 85,	1
2016/05/16 03:48:00.581	 85 170 0 1 170 85,	1
2016/05/16 03:48:00.588	 85 170 0 2 170 85,	2
2016/05/16 03:48:00.591	 85 170 0 2 170 85,	2
2016/05/16 03:48:00.615	 85 170 0 2 170 85,	2
2016/05/16 03:48:00.662	 85 170 0 2 170 85,	2
2016/05/16 03:48:00.667	 85 170 0 3 170 85,	3
2016/05/16 03:48:00.669	 85 170 0 3 170 85,	3
2016/05/16 03:48:00.671	 85 170 0 3 170 85,	3
2016/05/16 03:48:00.674	 85 170 0 3 170 85,	3
2016/05/16 03:48:00.710	 85 170 0 3 170 85,	3
2016/05/16 03:48:00.717	 85 170 0 3 170 85,	3
2016/05/16 03:48:00.723	 85 170 0 3 170 85,	3
2016/05/16 03:48:00.725	 85 170 0 2 170 85,	2
2016/05/16 03:48:00.756	 85 170 0 2 170 85,	2
2016/05/16 03:48:00.758	 85 170 0 1 170 85,	1
2016/05/16 03:48:00.805	 85 170 0 1 170 85,	1
2016/05/16 03:48:00.812	 85 170 0 1 170 85,	1
2016/05/16 03:48:00.816	 85 170 0 1 170 85,	1
2016/05/16 03:48:00.821	 85 170 0 1 170 85,	1
2016/05/16 03:48:00.830	 85 170 0 0 170 85,	0
2016/05/16 03:48:00.841	 85 170 0 0 170 85,	0
2016/05/16 03:48:00.848	 85 170 2 13 170 85,	525
2016/05/16 03:48:00.854	 85 170 10 22 170 85,	2582
2016/05/16 03:48:00.861	 85 170 15 248 170 85,	4088
2016/05/16 03:48:00.897	 85 170 15 248 170 85,	4088
2016/05/16 03:48:00.900	 85 170 15 247 170 85,	4087
2016/05/16 03:48:00.902	 85 170 15 248 170 85,	4088
2016/05/16 03:48:00.943	 85 170 15 248 170 85,	4088
2016/05/16 03:48:00.946	 85 170 15 247 170 85,	4087
2016/05/16 03:48:00.948	 85 170 15 248 170 85,	4088
2016/05/16 03:48:00.991	 85 170 15 248 170 85,	4088
2016/05/16 03:48:00.997	 85 170 15 247 170 85,	4087
2016/05/16 03:48:01.002	 85 170 15 247 170 85,	4087
2016/05/16 03:48:01.006	 85 170 15 247 170 85,	4087
2016/05/16 03:48:01.009	 85 170 15 247 170 85,	4087
2016/05/16 03:48:01.038	 85 170 15 247 170 85,	4087
2016/05/16 03:48:01.043	 85 170 15 247 170 85,	4087
2016/05/16 03:48:01.047	 85 170 15 247 170 85,	4087
2016/05/16 03:48:01.084	 85 170 15 247 170 85,	4087
2016/05/16 03:48:01.086	 85 170 15 248 170 85,	4088
2016/05/16 03:48:01.089	 85 170 15 248 170 85,	4088
2016/05/16 03:48:01.091	 85 170 15 248 170 85,	4088
2016/05/16 03:48:01.132	 85 170 15 248 170 85,	4088
2016/05/16 03:48:01.137	 85 170 15 246 170 85,	4086
2016/05/16 03:48:01.140	 85 170 15 246 170 85,	4086
2016/05/16 03:48:01.178	 85 170 15 247 170 85,	4087
2016/05/16 03:48:01.180	 85 170 15 246 170 85,	4086
2016/05/16 03:48:01.183	 85 170 15 246 170 85,	4086
2016/05/16 03:48:01.186	 85 170 15 246 170 85,	4086
2016/05/16 03:48:01.226	 85 170 15 246 170 85,	4086
2016/05/16 03:48:01.234	 85 170 0 5 170 85,	5
2016/05/16 03:48:01.243	 85 170 0 3 170 85,	3
2016/05/16 03:48:01.251	 85 170 0 3 170 85,	3
2016/05/16 03:48:01.258	 85 170 0 2 170 85,	2
2016/05/16 03:48:01.286	 85 170 0 2 170 85,	2
2016/05/16 03:48:01.306	 85 170 15 213 170 85,	4053
2016/05/16 03:48:01.315	 85 170 15 246 170 85,	4086
2016/05/16 03:48:01.321	 85 170 15 246 170 85,	4086
2016/05/16 03:48:01.324	 85 170 15 246 170 85,	4086
2016/05/16 03:48:01.328	 85 170 15 254 170 85,	4094
2016/05/16 03:48:01.367	 85 170 15 244 170 85,	4084
2016/05/16 03:48:01.377	 85 170 15 244 170 85,	4084
2016/05/16 03:48:01.388	 85 170 15 248 170 85,	4088
2016/05/16 03:48:01.391	 85 170 15 248 170 85,	4088
2016/05/16 03:48:01.394	 85 170 15 248 170 85,	4088
2016/05/16 03:48:01.414	 85 170 15 249 170 85,	4089
2016/05/16 03:48:01.421	 85 170 15 250 170 85,	4090
2016/05/16 03:48:01.424	 85 170 15 250 170 85,	4090
2016/05/16 03:48:01.459	 85 170 15 250 170 85,	4090
2016/05/16 03:48:01.463	 85 170 11 183 170 85,	2999
2016/05/16 03:48:01.506	 85 170 1 175 170 85,	431
2016/05/16 03:48:01.510	 85 170 0 1 170 85,	1
2016/05/16 03:48:01.513	 85 170 0 1 170 85,	1
2016/05/16 03:48:01.517	 85 170 0 2 170 85,	2
2016/05/16 03:48:01.521	 85 170 0 2 170 85,	2
2016/05/16 03:48:01.553	 85 170 0 2 170 85,	2
2016/05/16 03:48:01.557	 85 170 0 2 170 85,	2
2016/05/16 03:48:01.560	 85 170 0 2 170 85,	2
2016/05/16 03:48:01.563	 85 170 0 2 170 85,	2
2016/05/16 03:48:01.600	 85 170 0 1 170 85,	1
2016/05/16 03:48:01.604	 85 170 0 2 170 85,	2
2016/05/16 03:48:01.647	 85 170 0 2 170 85,	2
2016/05/16 03:48:01.650	 85 170 0 2 170 85,	2
2016/05/16 03:48:01.653	 85 170 0 2 170 85,	2
2016/05/16 03:48:01.655	 85 170 0 2 170 85,	2
2016/05/16 03:48:01.694	 85 170 0 2 170 85,	2
2016/05/16 03:48:01.701	 85 170 0 2 170 85,	2
2016/05/16 03:48:01.705	 85 170 0 2 170 85,	2
2016/05/16 03:48:01.708	 85 170 0 2 170 85,	2
2016/05/16 03:48:01.710	 85 170 0 2 170 85,	2
2016/05/16 03:48:01.740	 85 170 0 3 170 85,	3
2016/05/16 03:48:01.742	 85 170 0 2 170 85,	2
2016/05/16 03:48:01.745	 85 170 0 2 170 85,	2
2016/05/16 03:48:01.788	 85 170 0 2 170 85,	2
2016/05/16 03:48:01.791	 85 170 0 2 170 85,	2
2016/05/16 03:48:01.793	 85 170 0 2 170 85,	2
2016/05/16 03:48:01.834	 85 170 0 2 170 85,	2
2016/05/16 03:48:01.837	 85 170 0 1 170 85,	1
2016/05/16 03:48:01.839	 85 170 0 1 170 85,	1
2016/05/16 03:48:01.840	 85 170 0 1 170 85,	1
2016/05/16 03:48:01.882	 85 170 0 2 170 85,	2
2016/05/16 03:48:01.885	 85 170 0 1 170 85,	1
2016/05/16 03:48:01.887	 85 170 0 0 170 85,	0
2016/05/16 03:48:01.888	 85 170 0 1 170 85,	1
2016/05/16 03:48:01.929	 85 170 0 1 170 85,	1
2016/05/16 03:48:01.937	 85 170 0 1 170 85,	1
2016/05/16 03:48:01.942	 85 170 0 0 170 85,	0
2016/05/16 03:48:01.975	 85 170 0 1 170 85,	1
2016/05/16 03:48:01.982	 85 170 0 1 170 85,	1
2016/05/16 03:48:01.987	 85 170 0 1 170 85,	1
2016/05/16 03:48:01.991	 85 170 0 0 170 85,	0
2016/05/16 03:48:01.997	 85 170 0 1 170 85,	1
2016/05/16 03:48:02.022	 85 170 0 112 170 85,	112
2016/05/16 03:48:02.039	 85 170 3 84 170 85,	852
2016/05/16 03:48:02.050	 85 170 7 79 170 85,	1871
2016/05/16 03:48:02.057	 85 170 12 85 170 85,	3157
2016/05/16 03:48:02.061	 85 170 15 249 170 85,	4089
2016/05/16 03:48:02.115	 85 170 15 248 170 85,	4088
2016/05/16 03:48:02.118	 85 170 15 248 170 85,	4088
2016/05/16 03:48:02.120	 85 170 15 249 170 85,	4089
2016/05/16 03:48:02.121	 85 170 15 249 170 85,	4089
2016/05/16 03:48:02.123	 85 170 15 248 170 85,	4088
2016/05/16 03:48:02.163	 85 170 15 248 170 85,	4088
2016/05/16 03:48:02.165	 85 170 15 249 170 85,	4089
2016/05/16 03:48:02.167	 85 170 15 249 170 85,	4089
2016/05/16 03:48:02.209	 85 170 15 249 170 85,	4089
2016/05/16 03:48:02.212	 85 170 15 249 170 85,	4089
2016/05/16 03:48:02.213	 85 170 15 249 170 85,	4089
2016/05/16 03:48:02.215	 85 170 15 250 170 85,	4090
2016/05/16 03:48:02.256	 85 170 15 248 170 85,	4088
2016/05/16 03:48:02.258	 85 170 15 249 170 85,	4089
2016/05/16 03:48:02.260	 85 170 15 248 170 85,	4088
2016/05/16 03:48:02.304	 85 170 15 249 170 85,	4089
2016/05/16 03:48:02.309	 85 170 15 250 170 85,	4090
2016/05/16 03:48:02.312	 85 170 15 249 170 85,	4089
2016/05/16 03:48:02.315	 85 170 15 248 170 85,	4088
2016/05/16 03:48:02.317	 85 170 15 249 170 85,	4089
2016/05/16 03:48:02.351	 85 170 15 249 170 85,	4089
2016/05/16 03:48:02.359	 85 170 15 249 170 85,	4089
2016/05/16 03:48:02.365	 85 170 15 250 170 85,	4090
2016/05/16 03:48:02.369	 85 170 15 249 170 85,	4089
2016/05/16 03:48:02.398	 85 170 15 249 170 85,	4089
2016/05/16 03:48:02.402	 85 170 15 249 170 85,	4089
2016/05/16 03:48:02.445	 85 170 15 249 170 85,	4089
2016/05/16 03:48:02.452	 85 170 15 249 170 85,	4089
2016/05/16 03:48:02.456	 85 170 15 250 170 85,	4090
2016/05/16 03:48:02.459	 85 170 15 250 170 85,	4090
2016/05/16 03:48:02.463	 85 170 15 249 170 85,	4089
2016/05/16 03:48:02.490	 85 170 15 249 170 85,	4089
2016/05/16 03:48:02.492	 85 170 15 221 170 85,	4061
2016/05/16 03:48:02.494	 85 170 15 11 170 85,	3851
2016/05/16 03:48:02.552	 85 170 13 199 170 85,	3527
2016/05/16 03:48:02.557	 85 170 12 74 170 85,	3146
2016/05/16 03:48:02.559	 85 170 10 182 170 85,	2742
2016/05/16 03:48:02.561	 85 170 9 32 170 85,	2336
2016/05/16 03:48:02.564	 85 170 7 119 170 85,	1911
2016/05/16 03:48:02.584	 85 170 5 192 170 85,	1472
2016/05/16 03:48:02.587	 85 170 3 244 170 85,	1012
2016/05/16 03:48:02.632	 85 170 1 232 170 85,	488
2016/05/16 03:48:02.635	 85 170 0 1 170 85,	1
2016/05/16 03:48:02.637	 85 170 0 1 170 85,	1
2016/05/16 03:48:02.639	 85 170 0 1 170 85,	1
2016/05/16 03:48:02.679	 85 170 0 1 170 85,	1
2016/05/16 03:48:02.685	 85 170 0 1 170 85,	1
2016/05/16 03:48:02.688	 85 170 0 1 170 85,	1
2016/05/16 03:48:02.690	 85 170 0 0 170 85,	0
2016/05/16 03:48:02.725	 85 170 0 1 170 85,	1
2016/05/16 03:48:02.727	 85 170 0 1 170 85,	1
2016/05/16 03:48:02.772	 85 170 0 1 170 85,	1
2016/05/16 03:48:02.775	 85 170 0 1 170 85,	1
2016/05/16 03:48:02.777	 85 170 0 1 170 85,	1
2016/05/16 03:48:02.779	 85 170 0 1 170 85,	1
2016/05/16 03:48:02.780	 85 170 0 2 170 85,	2
2016/05/16 03:48:02.819	 85 170 0 1 170 85,	1
2016/05/16 03:48:02.821	 85 170 0 110 170 85,	110
2016/05/16 03:48:02.823	 85 170 2 154 170 85,	666
2016/05/16 03:48:02.865	 85 170 4 248 170 85,	1272
2016/05/16 03:48:02.868	 85 170 6 110 170 85,	1646
2016/05/16 03:48:02.869	 85 170 6 251 170 85,	1787
2016/05/16 03:48:02.871	 85 170 7 45 170 85,	1837
2016/05/16 03:48:02.914	 85 170 7 32 170 85,	1824
2016/05/16 03:48:02.916	 85 170 7 36 170 85,	1828
2016/05/16 03:48:02.918	 85 170 7 83 170 85,	1875
2016/05/16 03:48:02.959	 85 170 7 98 170 85,	1890
2016/05/16 03:48:02.962	 85 170 7 84 170 85,	1876
2016/05/16 03:48:02.964	 85 170 7 77 170 85,	1869
2016/05/16 03:48:02.965	 85 170 7 108 170 85,	1900
2016/05/16 03:48:03.006	 85 170 7 159 170 85,	1951
2016/05/16 03:48:03.011	 85 170 7 162 170 85,	1954
2016/05/16 03:48:03.014	 85 170 7 164 170 85,	1956
2016/05/16 03:48:03.016	 85 170 7 156 170 85,	1948
2016/05/16 03:48:03.053	 85 170 7 109 170 85,	1901
2016/05/16 03:48:03.055	 85 170 7 17 170 85,	1809
2016/05/16 03:48:03.056	 85 170 6 252 170 85,	1788
2016/05/16 03:48:03.100	 85 170 7 40 170 85,	1832
2016/05/16 03:48:03.108	 85 170 7 63 170 85,	1855
2016/05/16 03:48:03.111	 85 170 7 9 170 85,	1801
2016/05/16 03:48:03.113	 85 170 6 170 170 85,	1706
2016/05/16 03:48:03.115	 85 170 6 113 170 85,	1649
2016/05/16 03:48:03.146	 85 170 6 152 170 85,	1688
2016/05/16 03:48:03.148	 85 170 6 235 170 85,	1771
2016/05/16 03:48:03.150	 85 170 7 21 170 85,	1813
2016/05/16 03:48:03.195	 85 170 7 11 170 85,	1803
2016/05/16 03:48:03.197	 85 170 6 241 170 85,	1777
2016/05/16 03:48:03.199	 85 170 6 244 170 85,	1780
2016/05/16 03:48:03.200	 85 170 6 255 170 85,	1791
2016/05/16 03:48:03.241	 85 170 7 45 170 85,	1837
2016/05/16 03:48:03.244	 85 170 7 83 170 85,	1875
2016/05/16 03:48:03.246	 85 170 7 65 170 85,	1857
2016/05/16 03:48:03.288	 85 170 7 5 170 85,	1797
2016/05/16 03:48:03.292	 85 170 6 236 170 85,	1772
2016/05/16 03:48:03.293	 85 170 7 31 170 85,	1823
2016/05/16 03:48:03.295	 85 170 7 79 170 85,	1871
2016/05/16 03:48:03.334	 85 170 7 57 170 85,	1849
2016/05/16 03:48:03.339	 85 170 7 41 170 85,	1833
2016/05/16 03:48:03.342	 85 170 7 96 170 85,	1888
2016/05/16 03:48:03.344	 85 170 7 152 170 85,	1944
2016/05/16 03:48:03.381	 85 170 7 119 170 85,	1911
2016/05/16 03:48:03.384	 85 170 7 119 170 85,	1911
2016/05/16 03:48:03.387	 85 170 7 167 170 85,	1959
2016/05/16 03:48:03.389	 85 170 7 217 170 85,	2009
2016/05/16 03:48:03.429	 85 170 7 254 170 85,	2046
2016/05/16 03:48:03.431	 85 170 8 36 170 85,	2084
2016/05/16 03:48:03.433	 85 170 8 64 170 85,	2112
2016/05/16 03:48:03.475	 85 170 8 75 170 85,	2123
2016/05/16 03:48:03.477	 85 170 8 68 170 85,	2116
2016/05/16 03:48:03.478	 85 170 8 40 170 85,	2088
2016/05/16 03:48:03.521	 85 170 8 38 170 85,	2086
2016/05/16 03:48:03.524	 85 170 8 58 170 85,	2106
2016/05/16 03:48:03.525	 85 170 8 70 170 85,	2118
2016/05/16 03:48:03.569	 85 170 8 89 170 85,	2137
2016/05/16 03:48:03.570	 85 170 8 124 170 85,	2172
2016/05/16 03:48:03.572	 85 170 8 155 170 85,	2203
2016/05/16 03:48:03.574	 85 170 8 195 170 85,	2243
2016/05/16 03:48:03.617	 85 170 9 4 170 85,	2308
2016/05/16 03:48:03.620	 85 170 9 94 170 85,	2398
2016/05/16 03:48:03.621	 85 170 9 197 170 85,	2501
2016/05/16 03:48:03.623	 85 170 10 12 170 85,	2572
