2016/05/16 03:54:18.320	 85 170 9 87 170 85,	2391
2016/05/16 03:54:18.326	 85 170 9 97 170 85,	2401
2016/05/16 03:54:32.851	 85 170 7 109 170 85,	1901
2016/05/16 03:54:32.860	 85 170 7 110 170 85,	1902
2016/05/16 03:54:32.993	 85 170 7 236 170 85,	2028
2016/05/16 03:54:32.997	 85 170 7 237 170 85,	2029
2016/05/16 03:54:35.008	 85 170 8 10 170 85,	2058
2016/05/16 03:54:35.028	 85 170 8 8 170 85,	2056
2016/05/16 03:54:36.038	 85 170 7 204 170 85,	1996
2016/05/16 03:54:36.046	 85 170 7 204 170 85,	1996
2016/05/16 03:54:53.897	 85 170 8 15 170 85,	2063
2016/05/16 03:54:53.906	 85 170 7 249 170 85,	2041
2016/05/16 03:54:53.944	 85 170 7 250 170 85,	2042
2016/05/16 03:54:53.954	 85 170 7 243 170 85,	2035
2016/05/16 03:54:53.964	 85 170 7 227 170 85,	2019
2016/05/16 03:54:53.974	 85 170 7 217 170 85,	2009
2016/05/16 03:54:53.995	 85 170 8 0 170 85,	2048
2016/05/16 03:54:53.998	 85 170 8 20 170 85,	2068
2016/05/16 03:54:54.000	 85 170 7 246 170 85,	2038
2016/05/16 03:54:54.002	 85 170 7 243 170 85,	2035
2016/05/16 03:54:54.038	 85 170 8 24 170 85,	2072
2016/05/16 03:54:54.044	 85 170 8 80 170 85,	2128
2016/05/16 03:54:54.046	 85 170 8 20 170 85,	2068
2016/05/16 03:54:54.084	 85 170 7 253 170 85,	2045
2016/05/16 03:54:54.087	 85 170 8 53 170 85,	2101
2016/05/16 03:54:54.089	 85 170 8 126 170 85,	2174
2016/05/16 03:54:54.091	 85 170 8 88 170 85,	2136
2016/05/16 03:54:54.130	 85 170 8 49 170 85,	2097
2016/05/16 03:54:54.133	 85 170 8 94 170 85,	2142
2016/05/16 03:54:54.135	 85 170 8 160 170 85,	2208
2016/05/16 03:54:54.177	 85 170 8 138 170 85,	2186
2016/05/16 03:54:54.181	 85 170 8 100 170 85,	2148
2016/05/16 03:54:54.183	 85 170 8 137 170 85,	2185
2016/05/16 03:54:54.226	 85 170 8 158 170 85,	2206
2016/05/16 03:54:54.229	 85 170 8 106 170 85,	2154
2016/05/16 03:54:54.231	 85 170 8 113 170 85,	2161
2016/05/16 03:54:54.232	 85 170 8 173 170 85,	2221
2016/05/16 03:54:54.234	 85 170 8 179 170 85,	2227
2016/05/16 03:54:54.273	 85 170 8 123 170 85,	2171
2016/05/16 03:54:54.280	 85 170 8 128 170 85,	2176
2016/05/16 03:54:54.285	 85 170 8 184 170 85,	2232
2016/05/16 03:54:54.290	 85 170 8 191 170 85,	2239
2016/05/16 03:54:54.298	 85 170 8 134 170 85,	2182
2016/05/16 03:54:54.320	 85 170 8 138 170 85,	2186
2016/05/16 03:54:54.326	 85 170 8 190 170 85,	2238
2016/05/16 03:54:54.329	 85 170 8 177 170 85,	2225
2016/05/16 03:54:54.367	 85 170 8 139 170 85,	2187
2016/05/16 03:54:54.374	 85 170 8 164 170 85,	2212
2016/05/16 03:54:54.378	 85 170 8 185 170 85,	2233
2016/05/16 03:54:54.381	 85 170 8 132 170 85,	2180
2016/05/16 03:54:54.414	 85 170 8 106 170 85,	2154
2016/05/16 03:54:54.417	 85 170 8 148 170 85,	2196
2016/05/16 03:54:54.459	 85 170 8 167 170 85,	2215
2016/05/16 03:54:54.463	 85 170 8 123 170 85,	2171
2016/05/16 03:54:54.465	 85 170 8 110 170 85,	2158
2016/05/16 03:54:54.469	 85 170 8 143 170 85,	2191
2016/05/16 03:54:54.507	 85 170 8 139 170 85,	2187
2016/05/16 03:54:54.510	 85 170 8 121 170 85,	2169
2016/05/16 03:54:54.514	 85 170 8 129 170 85,	2177
2016/05/16 03:54:54.516	 85 170 8 138 170 85,	2186
2016/05/16 03:54:54.553	 85 170 8 135 170 85,	2183
2016/05/16 03:54:54.557	 85 170 8 124 170 85,	2172
2016/05/16 03:54:54.560	 85 170 8 106 170 85,	2154
2016/05/16 03:54:54.603	 85 170 8 99 170 85,	2147
2016/05/16 03:54:54.614	 85 170 8 108 170 85,	2156
2016/05/16 03:54:54.621	 85 170 8 101 170 85,	2149
2016/05/16 03:54:54.624	 85 170 8 82 170 85,	2130
2016/05/16 03:54:54.628	 85 170 8 85 170 85,	2133
2016/05/16 03:54:54.646	 85 170 8 98 170 85,	2146
2016/05/16 03:54:54.650	 85 170 8 101 170 85,	2149
2016/05/16 03:54:54.654	 85 170 8 79 170 85,	2127
2016/05/16 03:54:54.696	 85 170 8 73 170 85,	2121
2016/05/16 03:54:54.704	 85 170 8 107 170 85,	2155
2016/05/16 03:54:54.708	 85 170 8 126 170 85,	2174
2016/05/16 03:54:54.741	 85 170 8 99 170 85,	2147
2016/05/16 03:54:54.745	 85 170 8 86 170 85,	2134
2016/05/16 03:54:54.749	 85 170 8 114 170 85,	2162
2016/05/16 03:54:54.752	 85 170 8 118 170 85,	2166
2016/05/16 03:54:54.788	 85 170 8 102 170 85,	2150
2016/05/16 03:54:54.793	 85 170 8 99 170 85,	2147
2016/05/16 03:54:54.798	 85 170 8 113 170 85,	2161
2016/05/16 03:54:54.802	 85 170 8 104 170 85,	2152
2016/05/16 03:54:54.834	 85 170 8 99 170 85,	2147
2016/05/16 03:54:54.838	 85 170 8 104 170 85,	2152
2016/05/16 03:54:54.841	 85 170 8 110 170 85,	2158
2016/05/16 03:54:54.845	 85 170 8 101 170 85,	2149
2016/05/16 03:54:54.882	 85 170 8 115 170 85,	2163
2016/05/16 03:54:54.888	 85 170 8 120 170 85,	2168
2016/05/16 03:54:54.892	 85 170 8 117 170 85,	2165
2016/05/16 03:54:54.928	 85 170 8 110 170 85,	2158
2016/05/16 03:54:54.932	 85 170 8 120 170 85,	2168
2016/05/16 03:54:54.934	 85 170 8 127 170 85,	2175
2016/05/16 03:54:54.976	 85 170 8 114 170 85,	2162
2016/05/16 03:54:54.978	 85 170 8 100 170 85,	2148
2016/05/16 03:54:54.980	 85 170 8 111 170 85,	2159
2016/05/16 03:54:54.982	 85 170 8 120 170 85,	2168
2016/05/16 03:54:54.985	 85 170 8 110 170 85,	2158
2016/05/16 03:54:55.023	 85 170 8 108 170 85,	2156
2016/05/16 03:54:55.030	 85 170 8 118 170 85,	2166
2016/05/16 03:54:55.035	 85 170 8 117 170 85,	2165
2016/05/16 03:54:55.039	 85 170 8 112 170 85,	2160
2016/05/16 03:54:55.069	 85 170 8 117 170 85,	2165
2016/05/16 03:54:55.073	 85 170 8 118 170 85,	2166
2016/05/16 03:54:55.117	 85 170 8 115 170 85,	2163
2016/05/16 03:54:55.120	 85 170 8 108 170 85,	2156
2016/05/16 03:54:55.124	 85 170 8 117 170 85,	2165
2016/05/16 03:54:55.129	 85 170 8 112 170 85,	2160
2016/05/16 03:54:55.135	 85 170 8 110 170 85,	2158
2016/05/16 03:54:55.162	 85 170 8 117 170 85,	2165
2016/05/16 03:54:55.167	 85 170 8 122 170 85,	2170
2016/05/16 03:54:55.209	 85 170 8 120 170 85,	2168
2016/05/16 03:54:55.215	 85 170 8 121 170 85,	2169
2016/05/16 03:54:55.219	 85 170 8 111 170 85,	2159
2016/05/16 03:54:55.224	 85 170 8 106 170 85,	2154
2016/05/16 03:54:55.229	 85 170 8 113 170 85,	2161
2016/05/16 03:54:55.256	 85 170 8 118 170 85,	2166
2016/05/16 03:54:55.262	 85 170 8 121 170 85,	2169
2016/05/16 03:54:55.267	 85 170 8 123 170 85,	2171
2016/05/16 03:54:55.272	 85 170 8 129 170 85,	2177
2016/05/16 03:54:55.305	 85 170 8 120 170 85,	2168
2016/05/16 03:54:55.307	 85 170 8 99 170 85,	2147
2016/05/16 03:54:55.309	 85 170 8 111 170 85,	2159
2016/05/16 03:54:55.351	 85 170 8 116 170 85,	2164
2016/05/16 03:54:55.355	 85 170 8 124 170 85,	2172
2016/05/16 03:54:55.357	 85 170 8 94 170 85,	2142
2016/05/16 03:54:55.398	 85 170 8 92 170 85,	2140
2016/05/16 03:54:55.400	 85 170 8 106 170 85,	2154
2016/05/16 03:54:55.402	 85 170 8 111 170 85,	2159
2016/05/16 03:54:55.404	 85 170 8 86 170 85,	2134
2016/05/16 03:54:55.443	 85 170 8 86 170 85,	2134
2016/05/16 03:54:55.446	 85 170 8 107 170 85,	2155
2016/05/16 03:54:55.448	 85 170 8 119 170 85,	2167
2016/05/16 03:54:55.449	 85 170 8 105 170 85,	2153
2016/05/16 03:54:55.492	 85 170 8 101 170 85,	2149
2016/05/16 03:54:55.494	 85 170 8 98 170 85,	2146
2016/05/16 03:54:55.539	 85 170 8 90 170 85,	2138
2016/05/16 03:54:55.548	 85 170 8 104 170 85,	2152
2016/05/16 03:54:55.553	 85 170 8 118 170 85,	2166
2016/05/16 03:54:55.558	 85 170 8 116 170 85,	2164
2016/05/16 03:54:55.563	 85 170 8 119 170 85,	2167
2016/05/16 03:54:55.568	 85 170 8 119 170 85,	2167
2016/05/16 03:54:55.577	 85 170 8 119 170 85,	2167
2016/05/16 03:54:55.583	 85 170 8 124 170 85,	2172
2016/05/16 03:54:55.631	 85 170 8 119 170 85,	2167
2016/05/16 03:54:55.633	 85 170 8 115 170 85,	2163
2016/05/16 03:54:55.636	 85 170 8 114 170 85,	2162
2016/05/16 03:54:55.639	 85 170 8 121 170 85,	2169
2016/05/16 03:54:55.641	 85 170 8 111 170 85,	2159
2016/05/16 03:54:55.679	 85 170 8 106 170 85,	2154
2016/05/16 03:54:55.684	 85 170 8 103 170 85,	2151
2016/05/16 03:54:55.726	 85 170 8 97 170 85,	2145
2016/05/16 03:54:55.728	 85 170 8 115 170 85,	2163
2016/05/16 03:54:55.730	 85 170 8 94 170 85,	2142
2016/05/16 03:54:55.734	 85 170 8 104 170 85,	2152
2016/05/16 03:54:55.736	 85 170 8 98 170 85,	2146
2016/05/16 03:54:55.781	 85 170 8 142 170 85,	2190
2016/05/16 03:54:55.784	 85 170 8 112 170 85,	2160
2016/05/16 03:54:55.787	 85 170 8 86 170 85,	2134
2016/05/16 03:54:55.790	 85 170 8 114 170 85,	2162
2016/05/16 03:54:55.818	 85 170 8 162 170 85,	2210
2016/05/16 03:54:55.822	 85 170 8 120 170 85,	2168
2016/05/16 03:54:55.866	 85 170 8 101 170 85,	2149
2016/05/16 03:54:55.868	 85 170 8 119 170 85,	2167
2016/05/16 03:54:55.871	 85 170 8 125 170 85,	2173
2016/05/16 03:54:55.873	 85 170 8 86 170 85,	2134
2016/05/16 03:54:55.912	 85 170 8 83 170 85,	2131
2016/05/16 03:54:55.915	 85 170 8 103 170 85,	2151
2016/05/16 03:54:55.917	 85 170 8 108 170 85,	2156
2016/05/16 03:54:55.920	 85 170 8 105 170 85,	2153
2016/05/16 03:54:55.960	 85 170 8 122 170 85,	2170
2016/05/16 03:54:55.962	 85 170 8 113 170 85,	2161
2016/05/16 03:54:55.964	 85 170 8 90 170 85,	2138
2016/05/16 03:54:55.965	 85 170 8 99 170 85,	2147
2016/05/16 03:54:56.007	 85 170 8 133 170 85,	2181
2016/05/16 03:54:56.015	 85 170 8 115 170 85,	2163
2016/05/16 03:54:56.019	 85 170 8 88 170 85,	2136
2016/05/16 03:54:56.053	 85 170 8 105 170 85,	2153
2016/05/16 03:54:56.058	 85 170 8 119 170 85,	2167
2016/05/16 03:54:56.063	 85 170 8 92 170 85,	2140
2016/05/16 03:54:56.066	 85 170 8 83 170 85,	2131
2016/05/16 03:54:56.099	 85 170 8 116 170 85,	2164
2016/05/16 03:54:56.103	 85 170 8 106 170 85,	2154
2016/05/16 03:54:56.106	 85 170 8 54 170 85,	2102
2016/05/16 03:54:56.109	 85 170 8 72 170 85,	2120
2016/05/16 03:54:56.147	 85 170 8 188 170 85,	2236
2016/05/16 03:54:56.149	 85 170 8 170 170 85,	2218
2016/05/16 03:54:56.151	 85 170 8 82 170 85,	2130
2016/05/16 03:54:56.153	 85 170 8 77 170 85,	2125
2016/05/16 03:54:56.195	 85 170 8 217 170 85,	2265
2016/05/16 03:54:56.200	 85 170 8 184 170 85,	2232
2016/05/16 03:54:56.204	 85 170 8 65 170 85,	2113
2016/05/16 03:54:56.241	 85 170 8 62 170 85,	2110
2016/05/16 03:54:56.247	 85 170 8 163 170 85,	2211
2016/05/16 03:54:56.252	 85 170 8 129 170 85,	2177
2016/05/16 03:54:56.257	 85 170 8 59 170 85,	2107
2016/05/16 03:54:56.289	 85 170 8 74 170 85,	2122
2016/05/16 03:54:56.298	 85 170 8 153 170 85,	2201
2016/05/16 03:54:56.304	 85 170 8 137 170 85,	2185
2016/05/16 03:54:56.308	 85 170 8 101 170 85,	2149
2016/05/16 03:54:56.313	 85 170 8 135 170 85,	2183
2016/05/16 03:54:56.336	 85 170 8 165 170 85,	2213
2016/05/16 03:54:56.382	 85 170 8 118 170 85,	2166
2016/05/16 03:54:56.388	 85 170 8 100 170 85,	2148
2016/05/16 03:54:56.391	 85 170 8 124 170 85,	2172
2016/05/16 03:54:56.397	 85 170 8 139 170 85,	2187
2016/05/16 03:54:56.405	 85 170 8 116 170 85,	2164
2016/05/16 03:54:56.411	 85 170 8 92 170 85,	2140
2016/05/16 03:54:56.428	 85 170 8 70 170 85,	2118
2016/05/16 03:54:56.432	 85 170 8 93 170 85,	2141
2016/05/16 03:54:56.476	 85 170 8 121 170 85,	2169
2016/05/16 03:54:56.478	 85 170 8 116 170 85,	2164
2016/05/16 03:54:56.481	 85 170 8 83 170 85,	2131
2016/05/16 03:54:56.523	 85 170 8 85 170 85,	2133
2016/05/16 03:54:56.528	 85 170 8 119 170 85,	2167
2016/05/16 03:54:56.531	 85 170 8 132 170 85,	2180
2016/05/16 03:54:56.534	 85 170 8 112 170 85,	2160
2016/05/16 03:54:56.537	 85 170 8 114 170 85,	2162
2016/05/16 03:54:56.569	 85 170 8 136 170 85,	2184
2016/05/16 03:54:56.572	 85 170 8 126 170 85,	2174
2016/05/16 03:54:56.574	 85 170 8 122 170 85,	2170
2016/05/16 03:54:56.616	 85 170 8 126 170 85,	2174
2016/05/16 03:54:56.618	 85 170 8 112 170 85,	2160
2016/05/16 03:54:56.621	 85 170 8 79 170 85,	2127
2016/05/16 03:54:56.623	 85 170 8 93 170 85,	2141
2016/05/16 03:54:56.664	 85 170 8 120 170 85,	2168
2016/05/16 03:54:56.668	 85 170 8 101 170 85,	2149
2016/05/16 03:54:56.670	 85 170 8 75 170 85,	2123
2016/05/16 03:54:56.709	 85 170 8 93 170 85,	2141
2016/05/16 03:54:56.711	 85 170 8 111 170 85,	2159
2016/05/16 03:54:56.713	 85 170 8 108 170 85,	2156
2016/05/16 03:54:56.716	 85 170 8 99 170 85,	2147
2016/05/16 03:54:56.756	 85 170 8 114 170 85,	2162
2016/05/16 03:54:56.758	 85 170 8 111 170 85,	2159
2016/05/16 03:54:56.760	 85 170 8 102 170 85,	2150
2016/05/16 03:54:56.762	 85 170 8 107 170 85,	2155
2016/05/16 03:54:56.803	 85 170 8 124 170 85,	2172
2016/05/16 03:54:56.805	 85 170 8 110 170 85,	2158
2016/05/16 03:54:56.808	 85 170 8 98 170 85,	2146
2016/05/16 03:54:56.852	 85 170 8 95 170 85,	2143
2016/05/16 03:54:56.862	 85 170 8 99 170 85,	2147
2016/05/16 03:54:56.867	 85 170 8 102 170 85,	2150
2016/05/16 03:54:56.872	 85 170 8 104 170 85,	2152
2016/05/16 03:54:56.877	 85 170 8 97 170 85,	2145
2016/05/16 03:54:56.897	 85 170 8 87 170 85,	2135
2016/05/16 03:54:56.902	 85 170 8 104 170 85,	2152
2016/05/16 03:54:56.905	 85 170 8 120 170 85,	2168
2016/05/16 03:54:56.943	 85 170 8 102 170 85,	2150
2016/05/16 03:54:56.948	 85 170 8 92 170 85,	2140
2016/05/16 03:54:56.954	 85 170 8 108 170 85,	2156
2016/05/16 03:54:56.957	 85 170 8 128 170 85,	2176
2016/05/16 03:54:56.992	 85 170 8 118 170 85,	2166
2016/05/16 03:54:57.008	 85 170 8 111 170 85,	2159
2016/05/16 03:54:57.020	 85 170 8 118 170 85,	2166
2016/05/16 03:54:57.025	 85 170 8 122 170 85,	2170
2016/05/16 03:54:57.029	 85 170 8 115 170 85,	2163
2016/05/16 03:54:57.032	 85 170 8 115 170 85,	2163
2016/05/16 03:54:57.086	 85 170 8 118 170 85,	2166
2016/05/16 03:54:57.092	 85 170 8 114 170 85,	2162
2016/05/16 03:54:57.098	 85 170 8 113 170 85,	2161
2016/05/16 03:54:57.105	 85 170 8 116 170 85,	2164
2016/05/16 03:54:57.118	 85 170 8 110 170 85,	2158
2016/05/16 03:54:57.124	 85 170 8 111 170 85,	2159
2016/05/16 03:54:57.129	 85 170 8 113 170 85,	2161
2016/05/16 03:54:57.178	 85 170 8 100 170 85,	2148
2016/05/16 03:54:57.182	 85 170 8 92 170 85,	2140
2016/05/16 03:54:57.185	 85 170 8 103 170 85,	2151
2016/05/16 03:54:57.189	 85 170 8 119 170 85,	2167
2016/05/16 03:54:57.193	 85 170 8 105 170 85,	2153
2016/05/16 03:54:57.226	 85 170 8 105 170 85,	2153
2016/05/16 03:54:57.228	 85 170 8 120 170 85,	2168
2016/05/16 03:54:57.230	 85 170 8 129 170 85,	2177
2016/05/16 03:54:57.272	 85 170 8 120 170 85,	2168
2016/05/16 03:54:57.275	 85 170 8 124 170 85,	2172
2016/05/16 03:54:57.277	 85 170 8 138 170 85,	2186
2016/05/16 03:54:57.280	 85 170 8 132 170 85,	2180
2016/05/16 03:54:57.321	 85 170 8 110 170 85,	2158
2016/05/16 03:54:57.342	 85 170 8 111 170 85,	2159
2016/05/16 03:54:57.351	 85 170 8 119 170 85,	2167
2016/05/16 03:54:57.356	 85 170 8 102 170 85,	2150
2016/05/16 03:54:57.362	 85 170 8 93 170 85,	2141
2016/05/16 03:54:57.366	 85 170 8 110 170 85,	2158
2016/05/16 03:54:57.370	 85 170 8 111 170 85,	2159
2016/05/16 03:54:57.412	 85 170 8 85 170 85,	2133
2016/05/16 03:54:57.415	 85 170 8 97 170 85,	2145
2016/05/16 03:54:57.417	 85 170 8 132 170 85,	2180
2016/05/16 03:54:57.419	 85 170 8 120 170 85,	2168
2016/05/16 03:54:57.459	 85 170 8 104 170 85,	2152
2016/05/16 03:54:57.465	 85 170 8 127 170 85,	2175
2016/05/16 03:54:57.471	 85 170 8 137 170 85,	2185
2016/05/16 03:54:57.506	 85 170 8 105 170 85,	2153
2016/05/16 03:54:57.509	 85 170 8 93 170 85,	2141
2016/05/16 03:54:57.513	 85 170 8 109 170 85,	2157
2016/05/16 03:54:57.516	 85 170 8 108 170 85,	2156
2016/05/16 03:54:57.553	 85 170 8 89 170 85,	2137
2016/05/16 03:54:57.556	 85 170 8 97 170 85,	2145
2016/05/16 03:54:57.558	 85 170 8 115 170 85,	2163
2016/05/16 03:54:57.560	 85 170 8 110 170 85,	2158
2016/05/16 03:54:57.601	 85 170 8 95 170 85,	2143
2016/05/16 03:54:57.604	 85 170 8 105 170 85,	2153
2016/05/16 03:54:57.606	 85 170 8 124 170 85,	2172
2016/05/16 03:54:57.608	 85 170 8 123 170 85,	2171
2016/05/16 03:54:57.647	 85 170 8 111 170 85,	2159
2016/05/16 03:54:57.651	 85 170 8 116 170 85,	2164
2016/05/16 03:54:57.694	 85 170 8 114 170 85,	2162
2016/05/16 03:54:57.696	 85 170 8 102 170 85,	2150
2016/05/16 03:54:57.698	 85 170 8 106 170 85,	2154
2016/05/16 03:54:57.700	 85 170 8 92 170 85,	2140
2016/05/16 03:54:57.703	 85 170 8 64 170 85,	2112
2016/05/16 03:54:57.743	 85 170 8 88 170 85,	2136
2016/05/16 03:54:57.749	 85 170 8 122 170 85,	2170
2016/05/16 03:54:57.756	 85 170 8 103 170 85,	2151
2016/05/16 03:54:57.769	 85 170 8 90 170 85,	2138
2016/05/16 03:54:57.786	 85 170 8 135 170 85,	2183
2016/05/16 03:54:57.802	 85 170 8 145 170 85,	2193
2016/05/16 03:54:57.810	 85 170 8 98 170 85,	2146
2016/05/16 03:54:57.814	 85 170 8 91 170 85,	2139
2016/05/16 03:54:57.818	 85 170 8 128 170 85,	2176
2016/05/16 03:54:57.834	 85 170 8 120 170 85,	2168
2016/05/16 03:54:57.882	 85 170 8 83 170 85,	2131
2016/05/16 03:54:57.893	 85 170 8 79 170 85,	2127
2016/05/16 03:54:57.901	 85 170 8 102 170 85,	2150
2016/05/16 03:54:57.907	 85 170 8 100 170 85,	2148
2016/05/16 03:54:57.916	 85 170 8 76 170 85,	2124
2016/05/16 03:54:57.921	 85 170 8 89 170 85,	2137
2016/05/16 03:54:57.928	 85 170 8 122 170 85,	2170
2016/05/16 03:54:57.976	 85 170 8 122 170 85,	2170
2016/05/16 03:54:57.983	 85 170 8 119 170 85,	2167
2016/05/16 03:54:57.986	 85 170 8 128 170 85,	2176
2016/05/16 03:54:57.989	 85 170 8 140 170 85,	2188
2016/05/16 03:54:57.993	 85 170 8 144 170 85,	2192
2016/05/16 03:54:58.023	 85 170 8 155 170 85,	2203
2016/05/16 03:54:58.026	 85 170 8 151 170 85,	2199
2016/05/16 03:54:58.027	 85 170 8 141 170 85,	2189
2016/05/16 03:54:58.068	 85 170 8 139 170 85,	2187
2016/05/16 03:54:58.070	 85 170 8 145 170 85,	2193
2016/05/16 03:54:58.072	 85 170 8 118 170 85,	2166
2016/05/16 03:54:58.074	 85 170 8 106 170 85,	2154
2016/05/16 03:54:58.115	 85 170 8 124 170 85,	2172
2016/05/16 03:54:58.117	 85 170 8 137 170 85,	2185
2016/05/16 03:54:58.119	 85 170 8 130 170 85,	2178
2016/05/16 03:54:58.164	 85 170 8 131 170 85,	2179
2016/05/16 03:54:58.169	 85 170 8 143 170 85,	2191
2016/05/16 03:54:58.174	 85 170 8 155 170 85,	2203
2016/05/16 03:54:58.179	 85 170 8 151 170 85,	2199
2016/05/16 03:54:58.185	 85 170 8 154 170 85,	2202
2016/05/16 03:54:58.209	 85 170 8 173 170 85,	2221
2016/05/16 03:54:58.212	 85 170 8 172 170 85,	2220
2016/05/16 03:54:58.215	 85 170 8 159 170 85,	2207
2016/05/16 03:54:58.257	 85 170 8 138 170 85,	2186
2016/05/16 03:54:58.263	 85 170 8 136 170 85,	2184
2016/05/16 03:54:58.268	 85 170 8 138 170 85,	2186
2016/05/16 03:54:58.274	 85 170 8 120 170 85,	2168
2016/05/16 03:54:58.279	 85 170 8 98 170 85,	2146
2016/05/16 03:54:58.305	 85 170 8 100 170 85,	2148
2016/05/16 03:54:58.318	 85 170 8 95 170 85,	2143
2016/05/16 03:54:58.326	 85 170 8 85 170 85,	2133
2016/05/16 03:54:58.335	 85 170 8 70 170 85,	2118
2016/05/16 03:54:58.350	 85 170 8 76 170 85,	2124
2016/05/16 03:54:58.359	 85 170 8 89 170 85,	2137
2016/05/16 03:54:58.398	 85 170 8 91 170 85,	2139
2016/05/16 03:54:58.404	 85 170 8 83 170 85,	2131
2016/05/16 03:54:58.409	 85 170 8 92 170 85,	2140
2016/05/16 03:54:58.415	 85 170 8 110 170 85,	2158
2016/05/16 03:54:58.427	 85 170 8 97 170 85,	2145
2016/05/16 03:54:58.444	 85 170 8 86 170 85,	2134
2016/05/16 03:54:58.492	 85 170 8 93 170 85,	2141
2016/05/16 03:54:58.495	 85 170 8 96 170 85,	2144
2016/05/16 03:54:58.498	 85 170 8 68 170 85,	2116
2016/05/16 03:54:58.503	 85 170 8 58 170 85,	2106
2016/05/16 03:54:58.506	 85 170 8 64 170 85,	2112
2016/05/16 03:54:58.538	 85 170 8 60 170 85,	2108
2016/05/16 03:54:58.540	 85 170 7 192 170 85,	1984
2016/05/16 03:54:58.541	 85 170 2 188 170 85,	700
2016/05/16 03:54:58.584	 85 170 0 2 170 85,	2
2016/05/16 03:54:58.587	 85 170 0 2 170 85,	2
2016/05/16 03:54:58.590	 85 170 0 2 170 85,	2
2016/05/16 03:54:58.632	 85 170 0 1 170 85,	1
2016/05/16 03:54:58.638	 85 170 0 1 170 85,	1
2016/05/16 03:54:58.642	 85 170 0 1 170 85,	1
2016/05/16 03:54:58.645	 85 170 0 1 170 85,	1
2016/05/16 03:54:58.648	 85 170 0 1 170 85,	1
2016/05/16 03:54:58.679	 85 170 0 1 170 85,	1
2016/05/16 03:54:58.682	 85 170 0 2 170 85,	2
2016/05/16 03:54:58.685	 85 170 0 1 170 85,	1
2016/05/16 03:54:58.727	 85 170 0 2 170 85,	2
2016/05/16 03:54:58.730	 85 170 0 1 170 85,	1
2016/05/16 03:54:58.733	 85 170 0 1 170 85,	1
2016/05/16 03:54:58.736	 85 170 0 1 170 85,	1
2016/05/16 03:54:58.772	 85 170 0 0 170 85,	0
2016/05/16 03:54:58.775	 85 170 0 1 170 85,	1
2016/05/16 03:54:58.778	 85 170 0 1 170 85,	1
2016/05/16 03:54:58.820	 85 170 0 0 170 85,	0
2016/05/16 03:54:58.835	 85 170 0 1 170 85,	1
2016/05/16 03:54:58.843	 85 170 0 1 170 85,	1
2016/05/16 03:54:58.856	 85 170 0 3 170 85,	3
2016/05/16 03:54:58.863	 85 170 0 6 170 85,	6
2016/05/16 03:54:58.868	 85 170 0 3 170 85,	3
2016/05/16 03:54:58.872	 85 170 0 3 170 85,	3
2016/05/16 03:54:58.876	 85 170 0 3 170 85,	3
2016/05/16 03:54:58.913	 85 170 0 3 170 85,	3
2016/05/16 03:54:58.917	 85 170 0 4 170 85,	4
2016/05/16 03:54:58.921	 85 170 0 3 170 85,	3
2016/05/16 03:54:58.959	 85 170 0 2 170 85,	2
2016/05/16 03:54:58.965	 85 170 0 2 170 85,	2
2016/05/16 03:54:58.969	 85 170 0 2 170 85,	2
2016/05/16 03:54:58.971	 85 170 0 1 170 85,	1
2016/05/16 03:54:59.006	 85 170 0 1 170 85,	1
2016/05/16 03:54:59.009	 85 170 0 1 170 85,	1
2016/05/16 03:54:59.013	 85 170 0 0 170 85,	0
2016/05/16 03:54:59.015	 85 170 0 0 170 85,	0
2016/05/16 03:54:59.053	 85 170 3 82 170 85,	850
2016/05/16 03:54:59.056	 85 170 13 233 170 85,	3561
2016/05/16 03:54:59.100	 85 170 15 248 170 85,	4088
2016/05/16 03:54:59.107	 85 170 15 248 170 85,	4088
2016/05/16 03:54:59.114	 85 170 15 248 170 85,	4088
2016/05/16 03:54:59.121	 85 170 15 247 170 85,	4087
2016/05/16 03:54:59.127	 85 170 15 247 170 85,	4087
2016/05/16 03:54:59.135	 85 170 15 248 170 85,	4088
2016/05/16 03:54:59.143	 85 170 15 247 170 85,	4087
2016/05/16 03:54:59.150	 85 170 15 246 170 85,	4086
2016/05/16 03:54:59.157	 85 170 15 247 170 85,	4087
2016/05/16 03:54:59.194	 85 170 15 247 170 85,	4087
2016/05/16 03:54:59.198	 85 170 15 247 170 85,	4087
2016/05/16 03:54:59.203	 85 170 15 248 170 85,	4088
2016/05/16 03:54:59.207	 85 170 15 247 170 85,	4087
2016/05/16 03:54:59.242	 85 170 15 246 170 85,	4086
2016/05/16 03:54:59.244	 85 170 15 247 170 85,	4087
2016/05/16 03:54:59.288	 85 170 15 247 170 85,	4087
2016/05/16 03:54:59.292	 85 170 15 247 170 85,	4087
2016/05/16 03:54:59.294	 85 170 15 247 170 85,	4087
2016/05/16 03:54:59.296	 85 170 15 247 170 85,	4087
2016/05/16 03:54:59.335	 85 170 15 247 170 85,	4087
2016/05/16 03:54:59.336	 85 170 15 247 170 85,	4087
2016/05/16 03:54:59.338	 85 170 15 247 170 85,	4087
2016/05/16 03:54:59.339	 85 170 15 246 170 85,	4086
2016/05/16 03:54:59.381	 85 170 15 246 170 85,	4086
2016/05/16 03:54:59.384	 85 170 15 246 170 85,	4086
2016/05/16 03:54:59.385	 85 170 15 246 170 85,	4086
2016/05/16 03:54:59.387	 85 170 15 247 170 85,	4087
2016/05/16 03:54:59.429	 85 170 15 247 170 85,	4087
2016/05/16 03:54:59.432	 85 170 15 246 170 85,	4086
2016/05/16 03:54:59.434	 85 170 15 248 170 85,	4088
2016/05/16 03:54:59.475	 85 170 15 249 170 85,	4089
2016/05/16 03:54:59.477	 85 170 15 249 170 85,	4089
2016/05/16 03:54:59.479	 85 170 15 250 170 85,	4090
2016/05/16 03:54:59.480	 85 170 13 127 170 85,	3455
2016/05/16 03:54:59.522	 85 170 0 3 170 85,	3
2016/05/16 03:54:59.524	 85 170 0 0 170 85,	0
2016/05/16 03:54:59.525	 85 170 0 1 170 85,	1
2016/05/16 03:54:59.527	 85 170 0 1 170 85,	1
2016/05/16 03:54:59.570	 85 170 0 1 170 85,	1
2016/05/16 03:54:59.576	 85 170 0 2 170 85,	2
2016/05/16 03:54:59.581	 85 170 0 1 170 85,	1
2016/05/16 03:54:59.617	 85 170 4 44 170 85,	1068
2016/05/16 03:54:59.628	 85 170 15 246 170 85,	4086
2016/05/16 03:54:59.632	 85 170 15 246 170 85,	4086
2016/05/16 03:54:59.637	 85 170 0 86 170 85,	86
2016/05/16 03:54:59.640	 85 170 0 1 170 85,	1
2016/05/16 03:54:59.664	 85 170 0 2 170 85,	2
2016/05/16 03:54:59.668	 85 170 0 2 170 85,	2
2016/05/16 03:54:59.671	 85 170 0 2 170 85,	2
2016/05/16 03:54:59.711	 85 170 0 2 170 85,	2
2016/05/16 03:54:59.714	 85 170 0 2 170 85,	2
2016/05/16 03:54:59.718	 85 170 0 2 170 85,	2
2016/05/16 03:54:59.721	 85 170 0 1 170 85,	1
2016/05/16 03:54:59.757	 85 170 0 0 170 85,	0
2016/05/16 03:54:59.761	 85 170 9 37 170 85,	2341
2016/05/16 03:54:59.765	 85 170 15 243 170 85,	4083
2016/05/16 03:54:59.805	 85 170 15 246 170 85,	4086
2016/05/16 03:54:59.812	 85 170 15 246 170 85,	4086
2016/05/16 03:54:59.818	 85 170 15 246 170 85,	4086
2016/05/16 03:54:59.830	 85 170 15 246 170 85,	4086
2016/05/16 03:54:59.842	 85 170 15 246 170 85,	4086
2016/05/16 03:54:59.849	 85 170 15 246 170 85,	4086
2016/05/16 03:54:59.856	 85 170 15 246 170 85,	4086
2016/05/16 03:54:59.860	 85 170 15 249 170 85,	4089
2016/05/16 03:54:59.897	 85 170 15 249 170 85,	4089
2016/05/16 03:54:59.902	 85 170 15 251 170 85,	4091
2016/05/16 03:54:59.946	 85 170 14 90 170 85,	3674
2016/05/16 03:54:59.954	 85 170 0 4 170 85,	4
2016/05/16 03:54:59.958	 85 170 0 3 170 85,	3
2016/05/16 03:54:59.964	 85 170 0 3 170 85,	3
2016/05/16 03:54:59.967	 85 170 0 2 170 85,	2
2016/05/16 03:54:59.992	 85 170 0 2 170 85,	2
2016/05/16 03:54:59.995	 85 170 0 2 170 85,	2
2016/05/16 03:54:59.999	 85 170 0 2 170 85,	2
2016/05/16 03:55:00.038	 85 170 0 2 170 85,	2
2016/05/16 03:55:00.042	 85 170 0 1 170 85,	1
2016/05/16 03:55:00.046	 85 170 0 1 170 85,	1
2016/05/16 03:55:00.084	 85 170 0 1 170 85,	1
2016/05/16 03:55:00.088	 85 170 0 1 170 85,	1
2016/05/16 03:55:00.093	 85 170 0 1 170 85,	1
2016/05/16 03:55:00.096	 85 170 0 1 170 85,	1
2016/05/16 03:55:00.101	 85 170 0 2 170 85,	2
2016/05/16 03:55:00.131	 85 170 0 1 170 85,	1
2016/05/16 03:55:00.138	 85 170 0 1 170 85,	1
2016/05/16 03:55:00.145	 85 170 0 2 170 85,	2
2016/05/16 03:55:00.152	 85 170 0 2 170 85,	2
2016/05/16 03:55:00.179	 85 170 0 2 170 85,	2
2016/05/16 03:55:00.184	 85 170 0 3 170 85,	3
2016/05/16 03:55:00.187	 85 170 0 2 170 85,	2
2016/05/16 03:55:00.225	 85 170 0 2 170 85,	2
2016/05/16 03:55:00.228	 85 170 0 2 170 85,	2
2016/05/16 03:55:00.230	 85 170 0 2 170 85,	2
2016/05/16 03:55:00.273	 85 170 0 2 170 85,	2
2016/05/16 03:55:00.279	 85 170 0 2 170 85,	2
2016/05/16 03:55:00.282	 85 170 0 2 170 85,	2
2016/05/16 03:55:00.284	 85 170 0 1 170 85,	1
2016/05/16 03:55:00.321	 85 170 0 0 170 85,	0
2016/05/16 03:55:00.333	 85 170 0 0 170 85,	0
2016/05/16 03:55:00.339	 85 170 0 1 170 85,	1
2016/05/16 03:55:00.345	 85 170 0 1 170 85,	1
2016/05/16 03:55:00.351	 85 170 0 1 170 85,	1
2016/05/16 03:55:00.356	 85 170 0 0 170 85,	0
2016/05/16 03:55:00.412	 85 170 0 0 170 85,	0
2016/05/16 03:55:00.416	 85 170 0 0 170 85,	0
2016/05/16 03:55:00.419	 85 170 0 1 170 85,	1
2016/05/16 03:55:00.424	 85 170 0 1 170 85,	1
2016/05/16 03:55:00.426	 85 170 0 1 170 85,	1
2016/05/16 03:55:00.461	 85 170 0 1 170 85,	1
2016/05/16 03:55:00.464	 85 170 0 1 170 85,	1
2016/05/16 03:55:00.467	 85 170 0 1 170 85,	1
2016/05/16 03:55:00.472	 85 170 0 0 170 85,	0
2016/05/16 03:55:00.506	 85 170 0 1 170 85,	1
2016/05/16 03:55:00.512	 85 170 0 46 170 85,	46
2016/05/16 03:55:00.515	 85 170 3 138 170 85,	906
2016/05/16 03:55:00.519	 85 170 8 244 170 85,	2292
2016/05/16 03:55:00.553	 85 170 15 248 170 85,	4088
2016/05/16 03:55:00.557	 85 170 15 249 170 85,	4089
2016/05/16 03:55:00.600	 85 170 15 249 170 85,	4089
2016/05/16 03:55:00.604	 85 170 15 249 170 85,	4089
2016/05/16 03:55:00.606	 85 170 15 249 170 85,	4089
2016/05/16 03:55:00.607	 85 170 15 249 170 85,	4089
2016/05/16 03:55:00.646	 85 170 15 249 170 85,	4089
2016/05/16 03:55:00.649	 85 170 15 249 170 85,	4089
2016/05/16 03:55:00.651	 85 170 15 249 170 85,	4089
2016/05/16 03:55:00.655	 85 170 15 250 170 85,	4090
2016/05/16 03:55:00.661	 85 170 15 250 170 85,	4090
2016/05/16 03:55:00.696	 85 170 15 249 170 85,	4089
2016/05/16 03:55:00.703	 85 170 15 250 170 85,	4090
2016/05/16 03:55:00.717	 85 170 15 248 170 85,	4088
2016/05/16 03:55:00.727	 85 170 15 249 170 85,	4089
2016/05/16 03:55:00.733	 85 170 15 250 170 85,	4090
2016/05/16 03:55:00.740	 85 170 15 249 170 85,	4089
2016/05/16 03:55:00.788	 85 170 15 249 170 85,	4089
2016/05/16 03:55:00.793	 85 170 15 249 170 85,	4089
2016/05/16 03:55:00.797	 85 170 15 249 170 85,	4089
2016/05/16 03:55:00.799	 85 170 15 250 170 85,	4090
2016/05/16 03:55:00.834	 85 170 15 250 170 85,	4090
2016/05/16 03:55:00.839	 85 170 15 248 170 85,	4088
2016/05/16 03:55:00.842	 85 170 15 249 170 85,	4089
2016/05/16 03:55:00.847	 85 170 15 249 170 85,	4089
2016/05/16 03:55:00.881	 85 170 15 250 170 85,	4090
2016/05/16 03:55:00.886	 85 170 15 250 170 85,	4090
2016/05/16 03:55:00.890	 85 170 15 210 170 85,	4050
2016/05/16 03:55:00.929	 85 170 14 182 170 85,	3766
2016/05/16 03:55:00.935	 85 170 13 87 170 85,	3415
2016/05/16 03:55:00.938	 85 170 12 71 170 85,	3143
2016/05/16 03:55:00.941	 85 170 11 190 170 85,	3006
2016/05/16 03:55:00.976	 85 170 11 194 170 85,	3010
2016/05/16 03:55:00.980	 85 170 12 62 170 85,	3134
2016/05/16 03:55:00.983	 85 170 13 21 170 85,	3349
2016/05/16 03:55:00.986	 85 170 14 43 170 85,	3627
2016/05/16 03:55:01.024	 85 170 15 40 170 85,	3880
2016/05/16 03:55:01.034	 85 170 15 132 170 85,	3972
2016/05/16 03:55:01.040	 85 170 14 225 170 85,	3809
2016/05/16 03:55:01.063	 85 170 13 93 170 85,	3421
2016/05/16 03:55:01.075	 85 170 11 55 170 85,	2871
2016/05/16 03:55:01.079	 85 170 8 187 170 85,	2235
2016/05/16 03:55:01.088	 85 170 5 186 170 85,	1466
2016/05/16 03:55:01.092	 85 170 2 79 170 85,	591
2016/05/16 03:55:01.116	 85 170 0 1 170 85,	1
2016/05/16 03:55:01.119	 85 170 0 1 170 85,	1
2016/05/16 03:55:01.164	 85 170 0 0 170 85,	0
2016/05/16 03:55:01.168	 85 170 0 1 170 85,	1
2016/05/16 03:55:01.170	 85 170 0 1 170 85,	1
2016/05/16 03:55:01.173	 85 170 0 1 170 85,	1
2016/05/16 03:55:01.177	 85 170 0 1 170 85,	1
2016/05/16 03:55:01.209	 85 170 0 24 170 85,	24
2016/05/16 03:55:01.212	 85 170 0 224 170 85,	224
2016/05/16 03:55:01.257	 85 170 2 22 170 85,	534
2016/05/16 03:55:01.272	 85 170 3 106 170 85,	874
2016/05/16 03:55:01.281	 85 170 4 155 170 85,	1179
2016/05/16 03:55:01.293	 85 170 5 33 170 85,	1313
2016/05/16 03:55:01.309	 85 170 5 32 170 85,	1312
2016/05/16 03:55:01.313	 85 170 4 161 170 85,	1185
2016/05/16 03:55:01.318	 85 170 3 184 170 85,	952
2016/05/16 03:55:01.322	 85 170 2 50 170 85,	562
2016/05/16 03:55:01.326	 85 170 0 121 170 85,	121
2016/05/16 03:55:01.331	 85 170 0 1 170 85,	1
2016/05/16 03:55:01.351	 85 170 0 1 170 85,	1
2016/05/16 03:55:01.398	 85 170 0 1 170 85,	1
2016/05/16 03:55:01.399	 85 170 0 1 170 85,	1
2016/05/16 03:55:01.402	 85 170 0 155 170 85,	155
2016/05/16 03:55:01.404	 85 170 2 29 170 85,	541
2016/05/16 03:55:01.444	 85 170 3 223 170 85,	991
2016/05/16 03:55:01.449	 85 170 5 202 170 85,	1482
2016/05/16 03:55:01.454	 85 170 7 169 170 85,	1961
2016/05/16 03:55:01.460	 85 170 9 157 170 85,	2461
2016/05/16 03:55:01.468	 85 170 11 89 170 85,	2905
2016/05/16 03:55:01.491	 85 170 12 183 170 85,	3255
2016/05/16 03:55:01.495	 85 170 13 136 170 85,	3464
2016/05/16 03:55:01.497	 85 170 13 180 170 85,	3508
2016/05/16 03:55:01.539	 85 170 13 66 170 85,	3394
2016/05/16 03:55:01.543	 85 170 12 90 170 85,	3162
2016/05/16 03:55:01.546	 85 170 11 15 170 85,	2831
2016/05/16 03:55:01.584	 85 170 9 182 170 85,	2486
2016/05/16 03:55:01.594	 85 170 8 155 170 85,	2203
2016/05/16 03:55:01.599	 85 170 7 197 170 85,	1989
2016/05/16 03:55:01.602	 85 170 7 70 170 85,	1862
2016/05/16 03:55:01.631	 85 170 7 26 170 85,	1818
2016/05/16 03:55:01.635	 85 170 7 122 170 85,	1914
2016/05/16 03:55:01.638	 85 170 8 101 170 85,	2149
2016/05/16 03:55:01.641	 85 170 9 136 170 85,	2440
2016/05/16 03:55:01.678	 85 170 10 184 170 85,	2744
2016/05/16 03:55:01.682	 85 170 12 21 170 85,	3093
2016/05/16 03:55:01.685	 85 170 13 99 170 85,	3427
2016/05/16 03:55:01.688	 85 170 14 68 170 85,	3652
2016/05/16 03:55:01.726	 85 170 14 145 170 85,	3729
2016/05/16 03:55:01.730	 85 170 14 96 170 85,	3680
2016/05/16 03:55:01.772	 85 170 13 170 170 85,	3498
2016/05/16 03:55:01.776	 85 170 12 132 170 85,	3204
2016/05/16 03:55:01.779	 85 170 11 32 170 85,	2848
2016/05/16 03:55:01.781	 85 170 9 206 170 85,	2510
2016/05/16 03:55:01.785	 85 170 8 130 170 85,	2178
2016/05/16 03:55:01.818	 85 170 7 80 170 85,	1872
2016/05/16 03:55:01.823	 85 170 6 107 170 85,	1643
2016/05/16 03:55:01.826	 85 170 5 250 170 85,	1530
2016/05/16 03:55:01.866	 85 170 5 238 170 85,	1518
2016/05/16 03:55:01.869	 85 170 6 81 170 85,	1617
2016/05/16 03:55:01.872	 85 170 7 7 170 85,	1799
2016/05/16 03:55:01.875	 85 170 7 244 170 85,	2036
2016/05/16 03:55:01.914	 85 170 8 250 170 85,	2298
2016/05/16 03:55:01.937	 85 170 9 226 170 85,	2530
2016/05/16 03:55:01.950	 85 170 10 154 170 85,	2714
2016/05/16 03:55:01.955	 85 170 11 9 170 85,	2825
2016/05/16 03:55:01.960	 85 170 11 35 170 85,	2851
2016/05/16 03:55:01.964	 85 170 10 205 170 85,	2765
2016/05/16 03:55:01.969	 85 170 10 18 170 85,	2578
2016/05/16 03:55:02.007	 85 170 9 28 170 85,	2332
2016/05/16 03:55:02.011	 85 170 8 43 170 85,	2091
2016/05/16 03:55:02.014	 85 170 7 39 170 85,	1831
2016/05/16 03:55:02.017	 85 170 6 21 170 85,	1557
2016/05/16 03:55:02.053	 85 170 5 122 170 85,	1402
2016/05/16 03:55:02.055	 85 170 5 72 170 85,	1352
2016/05/16 03:55:02.057	 85 170 4 246 170 85,	1270
2016/05/16 03:55:02.059	 85 170 5 76 170 85,	1356
2016/05/16 03:55:02.100	 85 170 6 1 170 85,	1537
2016/05/16 03:55:02.107	 85 170 6 210 170 85,	1746
2016/05/16 03:55:02.114	 85 170 7 169 170 85,	1961
2016/05/16 03:55:02.121	 85 170 8 143 170 85,	2191
2016/05/16 03:55:02.147	 85 170 9 125 170 85,	2429
2016/05/16 03:55:02.151	 85 170 9 246 170 85,	2550
2016/05/16 03:55:02.154	 85 170 10 55 170 85,	2615
2016/05/16 03:55:02.194	 85 170 10 85 170 85,	2645
2016/05/16 03:55:02.200	 85 170 10 16 170 85,	2576
2016/05/16 03:55:02.204	 85 170 9 63 170 85,	2367
2016/05/16 03:55:02.208	 85 170 8 132 170 85,	2180
2016/05/16 03:55:02.241	 85 170 7 204 170 85,	1996
2016/05/16 03:55:02.251	 85 170 7 36 170 85,	1828
2016/05/16 03:55:02.256	 85 170 6 116 170 85,	1652
2016/05/16 03:55:02.288	 85 170 6 21 170 85,	1557
2016/05/16 03:55:02.291	 85 170 6 2 170 85,	1538
2016/05/16 03:55:02.294	 85 170 6 80 170 85,	1616
2016/05/16 03:55:02.296	 85 170 6 196 170 85,	1732
2016/05/16 03:55:02.334	 85 170 7 82 170 85,	1874
2016/05/16 03:55:02.336	 85 170 8 43 170 85,	2091
2016/05/16 03:55:02.338	 85 170 9 3 170 85,	2307
2016/05/16 03:55:02.382	 85 170 9 170 170 85,	2474
2016/05/16 03:55:02.385	 85 170 10 34 170 85,	2594
2016/05/16 03:55:02.387	 85 170 10 115 170 85,	2675
2016/05/16 03:55:02.429	 85 170 10 151 170 85,	2711
2016/05/16 03:55:02.438	 85 170 10 89 170 85,	2649
2016/05/16 03:55:02.443	 85 170 9 202 170 85,	2506
2016/05/16 03:55:02.448	 85 170 9 50 170 85,	2354
2016/05/16 03:55:02.453	 85 170 8 156 170 85,	2204
2016/05/16 03:55:02.458	 85 170 7 251 170 85,	2043
2016/05/16 03:55:02.469	 85 170 7 94 170 85,	1886
2016/05/16 03:55:02.479	 85 170 6 247 170 85,	1783
2016/05/16 03:55:02.491	 85 170 6 203 170 85,	1739
2016/05/16 03:55:02.523	 85 170 6 208 170 85,	1744
2016/05/16 03:55:02.532	 85 170 7 18 170 85,	1810
2016/05/16 03:55:02.537	 85 170 7 127 170 85,	1919
2016/05/16 03:55:02.541	 85 170 8 48 170 85,	2096
2016/05/16 03:55:02.570	 85 170 8 186 170 85,	2234
2016/05/16 03:55:02.575	 85 170 9 81 170 85,	2385
2016/05/16 03:55:02.615	 85 170 9 199 170 85,	2503
2016/05/16 03:55:02.617	 85 170 10 27 170 85,	2587
2016/05/16 03:55:02.620	 85 170 10 26 170 85,	2586
2016/05/16 03:55:02.622	 85 170 10 12 170 85,	2572
2016/05/16 03:55:02.663	 85 170 9 174 170 85,	2478
2016/05/16 03:55:02.667	 85 170 9 26 170 85,	2330
2016/05/16 03:55:02.672	 85 170 8 128 170 85,	2176
2016/05/16 03:55:02.676	 85 170 8 38 170 85,	2086
2016/05/16 03:55:02.683	 85 170 7 161 170 85,	1953
2016/05/16 03:55:02.709	 85 170 7 7 170 85,	1799
2016/05/16 03:55:02.757	 85 170 6 198 170 85,	1734
2016/05/16 03:55:02.766	 85 170 6 243 170 85,	1779
2016/05/16 03:55:02.776	 85 170 7 41 170 85,	1833
2016/05/16 03:55:02.783	 85 170 7 75 170 85,	1867
2016/05/16 03:55:02.788	 85 170 7 180 170 85,	1972
2016/05/16 03:55:02.791	 85 170 8 120 170 85,	2168
2016/05/16 03:55:02.797	 85 170 9 3 170 85,	2307
2016/05/16 03:55:02.801	 85 170 9 51 170 85,	2355
2016/05/16 03:55:02.850	 85 170 9 131 170 85,	2435
2016/05/16 03:55:02.854	 85 170 9 231 170 85,	2535
2016/05/16 03:55:02.856	 85 170 9 209 170 85,	2513
2016/05/16 03:55:02.858	 85 170 9 109 170 85,	2413
2016/05/16 03:55:02.860	 85 170 9 15 170 85,	2319
2016/05/16 03:55:02.897	 85 170 8 179 170 85,	2227
2016/05/16 03:55:02.901	 85 170 8 65 170 85,	2113
2016/05/16 03:55:02.954	 85 170 7 187 170 85,	1979
2016/05/16 03:55:02.958	 85 170 7 66 170 85,	1858
2016/05/16 03:55:02.961	 85 170 7 20 170 85,	1812
2016/05/16 03:55:02.964	 85 170 7 55 170 85,	1847
2016/05/16 03:55:02.967	 85 170 7 43 170 85,	1835
2016/05/16 03:55:02.969	 85 170 7 98 170 85,	1890
2016/05/16 03:55:02.974	 85 170 7 163 170 85,	1955
2016/05/16 03:55:02.991	 85 170 8 97 170 85,	2145
2016/05/16 03:55:03.037	 85 170 8 180 170 85,	2228
2016/05/16 03:55:03.039	 85 170 9 17 170 85,	2321
2016/05/16 03:55:03.041	 85 170 9 60 170 85,	2364
2016/05/16 03:55:03.043	 85 170 9 135 170 85,	2439
2016/05/16 03:55:03.084	 85 170 9 125 170 85,	2429
2016/05/16 03:55:03.086	 85 170 9 111 170 85,	2415
2016/05/16 03:55:03.088	 85 170 8 233 170 85,	2281
2016/05/16 03:55:03.131	 85 170 8 213 170 85,	2261
2016/05/16 03:55:03.134	 85 170 8 84 170 85,	2132
2016/05/16 03:55:03.135	 85 170 7 254 170 85,	2046
2016/05/16 03:55:03.138	 85 170 7 140 170 85,	1932
2016/05/16 03:55:03.186	 85 170 7 127 170 85,	1919
2016/05/16 03:55:03.190	 85 170 7 82 170 85,	1874
2016/05/16 03:55:03.193	 85 170 7 98 170 85,	1890
2016/05/16 03:55:03.195	 85 170 7 119 170 85,	1911
2016/05/16 03:55:03.197	 85 170 7 237 170 85,	2029
2016/05/16 03:55:03.227	 85 170 8 29 170 85,	2077
2016/05/16 03:55:03.230	 85 170 8 115 170 85,	2163
2016/05/16 03:55:03.273	 85 170 8 181 170 85,	2229
2016/05/16 03:55:03.275	 85 170 9 36 170 85,	2340
2016/05/16 03:55:03.277	 85 170 9 90 170 85,	2394
2016/05/16 03:55:03.278	 85 170 9 120 170 85,	2424
2016/05/16 03:55:03.320	 85 170 9 58 170 85,	2362
2016/05/16 03:55:03.325	 85 170 8 255 170 85,	2303
2016/05/16 03:55:03.332	 85 170 8 207 170 85,	2255
2016/05/16 03:55:03.337	 85 170 8 163 170 85,	2211
2016/05/16 03:55:03.345	 85 170 8 34 170 85,	2082
2016/05/16 03:55:03.365	 85 170 7 204 170 85,	1996
2016/05/16 03:55:03.414	 85 170 7 168 170 85,	1960
2016/05/16 03:55:03.416	 85 170 7 170 170 85,	1962
2016/05/16 03:55:03.418	 85 170 7 123 170 85,	1915
2016/05/16 03:55:03.420	 85 170 7 150 170 85,	1942
2016/05/16 03:55:03.422	 85 170 7 251 170 85,	2043
2016/05/16 03:55:03.459	 85 170 8 35 170 85,	2083
2016/05/16 03:55:03.462	 85 170 8 78 170 85,	2126
2016/05/16 03:55:03.464	 85 170 8 245 170 85,	2293
2016/05/16 03:55:03.466	 85 170 9 92 170 85,	2396
2016/05/16 03:55:03.507	 85 170 9 4 170 85,	2308
2016/05/16 03:55:03.509	 85 170 9 14 170 85,	2318
2016/05/16 03:55:03.511	 85 170 9 123 170 85,	2427
2016/05/16 03:55:03.553	 85 170 9 107 170 85,	2411
2016/05/16 03:55:03.557	 85 170 8 182 170 85,	2230
2016/05/16 03:55:03.558	 85 170 8 94 170 85,	2142
2016/05/16 03:55:03.602	 85 170 8 110 170 85,	2158
2016/05/16 03:55:03.608	 85 170 8 40 170 85,	2088
2016/05/16 03:55:03.614	 85 170 7 151 170 85,	1943
2016/05/16 03:55:03.618	 85 170 7 143 170 85,	1935
2016/05/16 03:55:03.621	 85 170 7 188 170 85,	1980
2016/05/16 03:55:03.648	 85 170 7 164 170 85,	1956
2016/05/16 03:55:03.690	 85 170 7 188 170 85,	1980
2016/05/16 03:55:03.694	 85 170 8 26 170 85,	2074
2016/05/16 03:55:03.697	 85 170 8 83 170 85,	2131
2016/05/16 03:55:03.699	 85 170 8 147 170 85,	2195
2016/05/16 03:55:03.702	 85 170 8 224 170 85,	2272
2016/05/16 03:55:03.705	 85 170 9 4 170 85,	2308
2016/05/16 03:55:03.740	 85 170 9 3 170 85,	2307
2016/05/16 03:55:03.743	 85 170 9 22 170 85,	2326
2016/05/16 03:55:03.745	 85 170 9 15 170 85,	2319
2016/05/16 03:55:03.787	 85 170 8 177 170 85,	2225
2016/05/16 03:55:03.792	 85 170 8 63 170 85,	2111
2016/05/16 03:55:03.794	 85 170 8 57 170 85,	2105
2016/05/16 03:55:03.796	 85 170 8 60 170 85,	2108
2016/05/16 03:55:03.798	 85 170 7 203 170 85,	1995
2016/05/16 03:55:03.834	 85 170 7 112 170 85,	1904
2016/05/16 03:55:03.839	 85 170 7 172 170 85,	1964
2016/05/16 03:55:03.881	 85 170 7 222 170 85,	2014
2016/05/16 03:55:03.886	 85 170 7 199 170 85,	1991
2016/05/16 03:55:03.888	 85 170 7 227 170 85,	2019
2016/05/16 03:55:03.891	 85 170 8 77 170 85,	2125
2016/05/16 03:55:03.893	 85 170 8 143 170 85,	2191
2016/05/16 03:55:03.929	 85 170 8 168 170 85,	2216
2016/05/16 03:55:03.932	 85 170 8 226 170 85,	2274
2016/05/16 03:55:03.935	 85 170 9 10 170 85,	2314
2016/05/16 03:55:03.975	 85 170 8 226 170 85,	2274
2016/05/16 03:55:03.979	 85 170 8 206 170 85,	2254
2016/05/16 03:55:03.981	 85 170 8 221 170 85,	2269
2016/05/16 03:55:03.983	 85 170 8 166 170 85,	2214
2016/05/16 03:55:04.023	 85 170 8 81 170 85,	2129
2016/05/16 03:55:04.026	 85 170 8 47 170 85,	2095
2016/05/16 03:55:04.029	 85 170 8 31 170 85,	2079
2016/05/16 03:55:04.069	 85 170 7 249 170 85,	2041
2016/05/16 03:55:04.072	 85 170 7 214 170 85,	2006
2016/05/16 03:55:04.081	 85 170 7 222 170 85,	2014
2016/05/16 03:55:04.086	 85 170 8 8 170 85,	2056
2016/05/16 03:55:04.092	 85 170 8 35 170 85,	2083
2016/05/16 03:55:04.117	 85 170 8 68 170 85,	2116
2016/05/16 03:55:04.119	 85 170 8 133 170 85,	2181
2016/05/16 03:55:04.122	 85 170 8 189 170 85,	2237
2016/05/16 03:55:04.162	 85 170 8 205 170 85,	2253
2016/05/16 03:55:04.167	 85 170 8 221 170 85,	2269
2016/05/16 03:55:04.171	 85 170 8 241 170 85,	2289
2016/05/16 03:55:04.210	 85 170 8 233 170 85,	2281
2016/05/16 03:55:04.217	 85 170 8 199 170 85,	2247
2016/05/16 03:55:04.221	 85 170 8 157 170 85,	2205
2016/05/16 03:55:04.224	 85 170 8 111 170 85,	2159
2016/05/16 03:55:04.257	 85 170 8 50 170 85,	2098
2016/05/16 03:55:04.263	 85 170 8 5 170 85,	2053
2016/05/16 03:55:04.269	 85 170 7 245 170 85,	2037
2016/05/16 03:55:04.276	 85 170 7 234 170 85,	2026
2016/05/16 03:55:04.282	 85 170 7 229 170 85,	2021
2016/05/16 03:55:04.304	 85 170 7 239 170 85,	2031
2016/05/16 03:55:04.350	 85 170 8 24 170 85,	2072
2016/05/16 03:55:04.354	 85 170 8 78 170 85,	2126
2016/05/16 03:55:04.357	 85 170 8 117 170 85,	2165
2016/05/16 03:55:04.359	 85 170 8 148 170 85,	2196
2016/05/16 03:55:04.362	 85 170 8 191 170 85,	2239
2016/05/16 03:55:04.398	 85 170 8 226 170 85,	2274
2016/05/16 03:55:04.401	 85 170 8 235 170 85,	2283
2016/05/16 03:55:04.403	 85 170 8 216 170 85,	2264
2016/05/16 03:55:04.406	 85 170 8 197 170 85,	2245
2016/05/16 03:55:04.444	 85 170 8 165 170 85,	2213
2016/05/16 03:55:04.447	 85 170 8 119 170 85,	2167
2016/05/16 03:55:04.449	 85 170 8 72 170 85,	2120
2016/05/16 03:55:04.491	 85 170 8 32 170 85,	2080
2016/05/16 03:55:04.493	 85 170 8 3 170 85,	2051
2016/05/16 03:55:04.495	 85 170 7 242 170 85,	2034
2016/05/16 03:55:04.538	 85 170 7 228 170 85,	2020
2016/05/16 03:55:04.542	 85 170 7 240 170 85,	2032
2016/05/16 03:55:04.544	 85 170 8 26 170 85,	2074
2016/05/16 03:55:04.545	 85 170 8 64 170 85,	2112
2016/05/16 03:55:04.547	 85 170 8 86 170 85,	2134
2016/05/16 03:55:04.585	 85 170 8 125 170 85,	2173
2016/05/16 03:55:04.589	 85 170 8 172 170 85,	2220
2016/05/16 03:55:04.594	 85 170 8 193 170 85,	2241
2016/05/16 03:55:04.597	 85 170 8 192 170 85,	2240
2016/05/16 03:55:04.632	 85 170 8 193 170 85,	2241
2016/05/16 03:55:04.635	 85 170 8 194 170 85,	2242
2016/05/16 03:55:04.679	 85 170 8 157 170 85,	2205
2016/05/16 03:55:04.694	 85 170 8 108 170 85,	2156
2016/05/16 03:55:04.701	 85 170 8 81 170 85,	2129
2016/05/16 03:55:04.704	 85 170 8 69 170 85,	2117
2016/05/16 03:55:04.707	 85 170 8 45 170 85,	2093
2016/05/16 03:55:04.711	 85 170 8 13 170 85,	2061
2016/05/16 03:55:04.725	 85 170 8 11 170 85,	2059
2016/05/16 03:55:04.728	 85 170 8 32 170 85,	2080
2016/05/16 03:55:04.772	 85 170 8 38 170 85,	2086
2016/05/16 03:55:04.774	 85 170 8 57 170 85,	2105
2016/05/16 03:55:04.776	 85 170 8 96 170 85,	2144
2016/05/16 03:55:04.819	 85 170 8 139 170 85,	2187
2016/05/16 03:55:04.822	 85 170 8 152 170 85,	2200
2016/05/16 03:55:04.827	 85 170 8 176 170 85,	2224
2016/05/16 03:55:04.832	 85 170 8 208 170 85,	2256
2016/05/16 03:55:04.837	 85 170 8 208 170 85,	2256
2016/05/16 03:55:04.866	 85 170 8 180 170 85,	2228
2016/05/16 03:55:04.871	 85 170 8 161 170 85,	2209
2016/05/16 03:55:04.874	 85 170 8 141 170 85,	2189
2016/05/16 03:55:04.913	 85 170 8 100 170 85,	2148
2016/05/16 03:55:04.919	 85 170 8 59 170 85,	2107
2016/05/16 03:55:04.924	 85 170 8 47 170 85,	2095
2016/05/16 03:55:04.933	 85 170 8 34 170 85,	2082
2016/05/16 03:55:04.941	 85 170 8 14 170 85,	2062
2016/05/16 03:55:04.947	 85 170 8 11 170 85,	2059
2016/05/16 03:55:04.960	 85 170 8 34 170 85,	2082
2016/05/16 03:55:05.006	 85 170 8 74 170 85,	2122
2016/05/16 03:55:05.008	 85 170 8 90 170 85,	2138
2016/05/16 03:55:05.011	 85 170 8 107 170 85,	2155
2016/05/16 03:55:05.013	 85 170 8 132 170 85,	2180
2016/05/16 03:55:05.053	 85 170 8 163 170 85,	2211
2016/05/16 03:55:05.056	 85 170 8 166 170 85,	2214
2016/05/16 03:55:05.060	 85 170 8 169 170 85,	2217
2016/05/16 03:55:05.063	 85 170 8 162 170 85,	2210
2016/05/16 03:55:05.100	 85 170 8 152 170 85,	2200
2016/05/16 03:55:05.102	 85 170 8 140 170 85,	2188
2016/05/16 03:55:05.104	 85 170 8 117 170 85,	2165
2016/05/16 03:55:05.146	 85 170 8 83 170 85,	2131
2016/05/16 03:55:05.150	 85 170 8 64 170 85,	2112
2016/05/16 03:55:05.151	 85 170 8 43 170 85,	2091
2016/05/16 03:55:05.153	 85 170 8 29 170 85,	2077
2016/05/16 03:55:05.193	 85 170 8 27 170 85,	2075
2016/05/16 03:55:05.197	 85 170 8 46 170 85,	2094
2016/05/16 03:55:05.200	 85 170 8 45 170 85,	2093
2016/05/16 03:55:05.201	 85 170 8 70 170 85,	2118
2016/05/16 03:55:05.241	 85 170 8 106 170 85,	2154
2016/05/16 03:55:05.243	 85 170 8 142 170 85,	2190
2016/05/16 03:55:05.288	 85 170 8 151 170 85,	2199
2016/05/16 03:55:05.294	 85 170 8 163 170 85,	2211
2016/05/16 03:55:05.299	 85 170 8 182 170 85,	2230
2016/05/16 03:55:05.301	 85 170 8 178 170 85,	2226
2016/05/16 03:55:05.306	 85 170 8 166 170 85,	2214
2016/05/16 03:55:05.311	 85 170 8 152 170 85,	2200
2016/05/16 03:55:05.314	 85 170 8 123 170 85,	2171
2016/05/16 03:55:05.334	 85 170 8 95 170 85,	2143
2016/05/16 03:55:05.381	 85 170 8 79 170 85,	2127
2016/05/16 03:55:05.384	 85 170 8 62 170 85,	2110
2016/05/16 03:55:05.387	 85 170 8 52 170 85,	2100
2016/05/16 03:55:05.389	 85 170 8 40 170 85,	2088
2016/05/16 03:55:05.391	 85 170 8 42 170 85,	2090
2016/05/16 03:55:05.427	 85 170 8 67 170 85,	2115
2016/05/16 03:55:05.431	 85 170 8 85 170 85,	2133
2016/05/16 03:55:05.475	 85 170 8 94 170 85,	2142
2016/05/16 03:55:05.478	 85 170 8 115 170 85,	2163
2016/05/16 03:55:05.479	 85 170 8 148 170 85,	2196
2016/05/16 03:55:05.481	 85 170 8 156 170 85,	2204
2016/05/16 03:55:05.522	 85 170 8 151 170 85,	2199
2016/05/16 03:55:05.527	 85 170 8 139 170 85,	2187
2016/05/16 03:55:05.530	 85 170 8 133 170 85,	2181
2016/05/16 03:55:05.531	 85 170 8 118 170 85,	2166
2016/05/16 03:55:05.534	 85 170 8 94 170 85,	2142
2016/05/16 03:55:05.568	 85 170 8 74 170 85,	2122
2016/05/16 03:55:05.571	 85 170 8 58 170 85,	2106
2016/05/16 03:55:05.615	 85 170 8 47 170 85,	2095
2016/05/16 03:55:05.618	 85 170 8 35 170 85,	2083
2016/05/16 03:55:05.621	 85 170 8 29 170 85,	2077
2016/05/16 03:55:05.623	 85 170 8 40 170 85,	2088
2016/05/16 03:55:05.664	 85 170 8 59 170 85,	2107
2016/05/16 03:55:05.667	 85 170 8 73 170 85,	2121
2016/05/16 03:55:05.670	 85 170 8 78 170 85,	2126
2016/05/16 03:55:05.673	 85 170 8 86 170 85,	2134
2016/05/16 03:55:05.709	 85 170 8 109 170 85,	2157
2016/05/16 03:55:05.711	 85 170 8 133 170 85,	2181
2016/05/16 03:55:05.713	 85 170 8 136 170 85,	2184
2016/05/16 03:55:05.715	 85 170 8 131 170 85,	2179
2016/05/16 03:55:05.755	 85 170 8 127 170 85,	2175
2016/05/16 03:55:05.758	 85 170 8 130 170 85,	2178
2016/05/16 03:55:05.760	 85 170 8 116 170 85,	2164
2016/05/16 03:55:05.803	 85 170 8 94 170 85,	2142
2016/05/16 03:55:05.807	 85 170 8 82 170 85,	2130
2016/05/16 03:55:05.809	 85 170 8 74 170 85,	2122
2016/05/16 03:55:05.810	 85 170 8 62 170 85,	2110
2016/05/16 03:55:05.851	 85 170 8 54 170 85,	2102
2016/05/16 03:55:05.855	 85 170 8 59 170 85,	2107
2016/05/16 03:55:05.857	 85 170 8 80 170 85,	2128
2016/05/16 03:55:05.858	 85 170 8 85 170 85,	2133
2016/05/16 03:55:05.898	 85 170 8 89 170 85,	2137
2016/05/16 03:55:05.900	 85 170 8 112 170 85,	2160
2016/05/16 03:55:05.903	 85 170 8 142 170 85,	2190
2016/05/16 03:55:05.904	 85 170 8 139 170 85,	2187
2016/05/16 03:55:05.943	 85 170 8 125 170 85,	2173
2016/05/16 03:55:05.945	 85 170 8 132 170 85,	2180
2016/05/16 03:55:05.991	 85 170 8 146 170 85,	2194
2016/05/16 03:55:05.994	 85 170 8 122 170 85,	2170
2016/05/16 03:55:05.996	 85 170 8 92 170 85,	2140
2016/05/16 03:55:05.998	 85 170 8 93 170 85,	2141
2016/05/16 03:55:05.999	 85 170 8 96 170 85,	2144
2016/05/16 03:55:06.038	 85 170 8 76 170 85,	2124
2016/05/16 03:55:06.042	 85 170 8 59 170 85,	2107
2016/05/16 03:55:06.084	 85 170 8 66 170 85,	2114
2016/05/16 03:55:06.088	 85 170 8 83 170 85,	2131
2016/05/16 03:55:06.091	 85 170 8 87 170 85,	2135
2016/05/16 03:55:06.093	 85 170 8 84 170 85,	2132
2016/05/16 03:55:06.095	 85 170 8 104 170 85,	2152
2016/05/16 03:55:06.131	 85 170 8 129 170 85,	2177
2016/05/16 03:55:06.133	 85 170 8 122 170 85,	2170
2016/05/16 03:55:06.135	 85 170 8 115 170 85,	2163
2016/05/16 03:55:06.179	 85 170 8 129 170 85,	2177
2016/05/16 03:55:06.184	 85 170 8 148 170 85,	2196
2016/05/16 03:55:06.186	 85 170 8 136 170 85,	2184
2016/05/16 03:55:06.189	 85 170 8 103 170 85,	2151
2016/05/16 03:55:06.192	 85 170 8 101 170 85,	2149
2016/05/16 03:55:06.227	 85 170 8 110 170 85,	2158
2016/05/16 03:55:06.230	 85 170 8 94 170 85,	2142
2016/05/16 03:55:06.272	 85 170 8 71 170 85,	2119
2016/05/16 03:55:06.274	 85 170 8 87 170 85,	2135
2016/05/16 03:55:06.276	 85 170 8 105 170 85,	2153
2016/05/16 03:55:06.278	 85 170 8 94 170 85,	2142
2016/05/16 03:55:06.318	 85 170 8 77 170 85,	2125
2016/05/16 03:55:06.321	 85 170 8 100 170 85,	2148
2016/05/16 03:55:06.323	 85 170 8 123 170 85,	2171
2016/05/16 03:55:06.325	 85 170 8 107 170 85,	2155
2016/05/16 03:55:06.366	 85 170 8 93 170 85,	2141
2016/05/16 03:55:06.371	 85 170 8 110 170 85,	2158
2016/05/16 03:55:06.374	 85 170 8 135 170 85,	2183
2016/05/16 03:55:06.375	 85 170 8 135 170 85,	2183
2016/05/16 03:55:06.413	 85 170 8 130 170 85,	2178
2016/05/16 03:55:06.418	 85 170 8 128 170 85,	2176
2016/05/16 03:55:06.421	 85 170 8 123 170 85,	2171
2016/05/16 03:55:06.459	 85 170 8 112 170 85,	2160
2016/05/16 03:55:06.462	 85 170 8 96 170 85,	2144
2016/05/16 03:55:06.464	 85 170 8 89 170 85,	2137
2016/05/16 03:55:06.465	 85 170 8 84 170 85,	2132
2016/05/16 03:55:06.506	 85 170 8 74 170 85,	2122
2016/05/16 03:55:06.510	 85 170 8 75 170 85,	2123
2016/05/16 03:55:06.512	 85 170 8 82 170 85,	2130
2016/05/16 03:55:06.514	 85 170 8 82 170 85,	2130
2016/05/16 03:55:06.554	 85 170 8 79 170 85,	2127
2016/05/16 03:55:06.557	 85 170 8 98 170 85,	2146
2016/05/16 03:55:06.560	 85 170 8 118 170 85,	2166
2016/05/16 03:55:06.600	 85 170 8 123 170 85,	2171
2016/05/16 03:55:06.603	 85 170 8 123 170 85,	2171
2016/05/16 03:55:06.605	 85 170 8 130 170 85,	2178
2016/05/16 03:55:06.608	 85 170 8 140 170 85,	2188
2016/05/16 03:55:06.648	 85 170 8 124 170 85,	2172
2016/05/16 03:55:06.651	 85 170 8 105 170 85,	2153
2016/05/16 03:55:06.654	 85 170 8 107 170 85,	2155
2016/05/16 03:55:06.655	 85 170 8 115 170 85,	2163
2016/05/16 03:55:06.694	 85 170 8 96 170 85,	2144
2016/05/16 03:55:06.697	 85 170 8 71 170 85,	2119
2016/05/16 03:55:06.740	 85 170 8 72 170 85,	2120
2016/05/16 03:55:06.743	 85 170 8 86 170 85,	2134
2016/05/16 03:55:06.746	 85 170 8 74 170 85,	2122
2016/05/16 03:55:06.748	 85 170 8 71 170 85,	2119
2016/05/16 03:55:06.751	 85 170 8 93 170 85,	2141
2016/05/16 03:55:06.787	 85 170 8 104 170 85,	2152
2016/05/16 03:55:06.790	 85 170 8 96 170 85,	2144
2016/05/16 03:55:06.792	 85 170 8 105 170 85,	2153
2016/05/16 03:55:06.835	 85 170 8 127 170 85,	2175
2016/05/16 03:55:06.842	 85 170 8 133 170 85,	2181
2016/05/16 03:55:06.845	 85 170 8 110 170 85,	2158
2016/05/16 03:55:06.849	 85 170 8 104 170 85,	2152
2016/05/16 03:55:06.853	 85 170 8 114 170 85,	2162
2016/05/16 03:55:06.881	 85 170 8 99 170 85,	2147
2016/05/16 03:55:06.884	 85 170 8 68 170 85,	2116
2016/05/16 03:55:06.929	 85 170 8 70 170 85,	2118
2016/05/16 03:55:06.932	 85 170 8 87 170 85,	2135
2016/05/16 03:55:06.934	 85 170 8 66 170 85,	2114
2016/05/16 03:55:06.936	 85 170 8 52 170 85,	2100
2016/05/16 03:55:06.975	 85 170 8 75 170 85,	2123
2016/05/16 03:55:06.978	 85 170 8 99 170 85,	2147
2016/05/16 03:55:06.980	 85 170 8 94 170 85,	2142
2016/05/16 03:55:06.981	 85 170 8 90 170 85,	2138
2016/05/16 03:55:07.023	 85 170 8 115 170 85,	2163
2016/05/16 03:55:07.026	 85 170 8 141 170 85,	2189
2016/05/16 03:55:07.028	 85 170 8 126 170 85,	2174
2016/05/16 03:55:07.070	 85 170 8 111 170 85,	2159
2016/05/16 03:55:07.072	 85 170 8 121 170 85,	2169
2016/05/16 03:55:07.074	 85 170 8 125 170 85,	2173
2016/05/16 03:55:07.076	 85 170 8 116 170 85,	2164
2016/05/16 03:55:07.115	 85 170 8 114 170 85,	2162
2016/05/16 03:55:07.118	 85 170 8 109 170 85,	2157
2016/05/16 03:55:07.119	 85 170 8 102 170 85,	2150
2016/05/16 03:55:07.121	 85 170 8 91 170 85,	2139
2016/05/16 03:55:07.162	 85 170 8 79 170 85,	2127
2016/05/16 03:55:07.167	 85 170 8 84 170 85,	2132
2016/05/16 03:55:07.169	 85 170 8 81 170 85,	2129
2016/05/16 03:55:07.170	 85 170 8 76 170 85,	2124
2016/05/16 03:55:07.210	 85 170 8 82 170 85,	2130
2016/05/16 03:55:07.212	 85 170 8 91 170 85,	2139
2016/05/16 03:55:07.214	 85 170 8 90 170 85,	2138
2016/05/16 03:55:07.256	 85 170 8 95 170 85,	2143
2016/05/16 03:55:07.259	 85 170 8 100 170 85,	2148
2016/05/16 03:55:07.261	 85 170 8 109 170 85,	2157
2016/05/16 03:55:07.263	 85 170 8 113 170 85,	2161
2016/05/16 03:55:07.303	 85 170 8 110 170 85,	2158
2016/05/16 03:55:07.306	 85 170 8 107 170 85,	2155
2016/05/16 03:55:07.308	 85 170 8 118 170 85,	2166
2016/05/16 03:55:07.310	 85 170 8 119 170 85,	2167
2016/05/16 03:55:07.350	 85 170 8 90 170 85,	2138
2016/05/16 03:55:07.352	 85 170 8 84 170 85,	2132
2016/05/16 03:55:07.398	 85 170 8 110 170 85,	2158
2016/05/16 03:55:07.401	 85 170 8 103 170 85,	2151
2016/05/16 03:55:07.402	 85 170 8 74 170 85,	2122
2016/05/16 03:55:07.405	 85 170 8 82 170 85,	2130
2016/05/16 03:55:07.406	 85 170 8 104 170 85,	2152
2016/05/16 03:55:07.443	 85 170 8 102 170 85,	2150
2016/05/16 03:55:07.446	 85 170 8 106 170 85,	2154
2016/05/16 03:55:07.447	 85 170 8 112 170 85,	2160
2016/05/16 03:55:07.491	 85 170 8 123 170 85,	2171
2016/05/16 03:55:07.495	 85 170 8 125 170 85,	2173
2016/05/16 03:55:07.497	 85 170 8 135 170 85,	2183
2016/05/16 03:55:07.499	 85 170 8 129 170 85,	2177
2016/05/16 03:55:07.501	 85 170 8 123 170 85,	2171
2016/05/16 03:55:07.537	 85 170 8 128 170 85,	2176
2016/05/16 03:55:07.540	 85 170 8 131 170 85,	2179
2016/05/16 03:55:07.583	 85 170 8 107 170 85,	2155
2016/05/16 03:55:07.586	 85 170 8 96 170 85,	2144
2016/05/16 03:55:07.588	 85 170 8 98 170 85,	2146
2016/05/16 03:55:07.590	 85 170 8 98 170 85,	2146
2016/05/16 03:55:07.631	 85 170 8 83 170 85,	2131
2016/05/16 03:55:07.633	 85 170 8 65 170 85,	2113
2016/05/16 03:55:07.635	 85 170 8 78 170 85,	2126
2016/05/16 03:55:07.636	 85 170 8 95 170 85,	2143
2016/05/16 03:55:07.679	 85 170 8 91 170 85,	2139
2016/05/16 03:55:07.682	 85 170 8 87 170 85,	2135
2016/05/16 03:55:07.683	 85 170 8 103 170 85,	2151
2016/05/16 03:55:07.724	 85 170 8 110 170 85,	2158
2016/05/16 03:55:07.726	 85 170 8 103 170 85,	2151
2016/05/16 03:55:07.728	 85 170 8 99 170 85,	2147
2016/05/16 03:55:07.730	 85 170 8 107 170 85,	2155
2016/05/16 03:55:07.772	 85 170 8 114 170 85,	2162
2016/05/16 03:55:07.775	 85 170 8 100 170 85,	2148
2016/05/16 03:55:07.776	 85 170 8 92 170 85,	2140
2016/05/16 03:55:07.778	 85 170 8 85 170 85,	2133
2016/05/16 03:55:07.819	 85 170 8 91 170 85,	2139
2016/05/16 03:55:07.823	 85 170 8 89 170 85,	2137
2016/05/16 03:55:07.825	 85 170 8 82 170 85,	2130
2016/05/16 03:55:07.827	 85 170 8 78 170 85,	2126
2016/05/16 03:55:07.867	 85 170 8 86 170 85,	2134
2016/05/16 03:55:07.871	 85 170 8 91 170 85,	2139
2016/05/16 03:55:07.872	 85 170 8 86 170 85,	2134
2016/05/16 03:55:07.913	 85 170 8 87 170 85,	2135
2016/05/16 03:55:07.916	 85 170 8 100 170 85,	2148
2016/05/16 03:55:07.917	 85 170 8 104 170 85,	2152
2016/05/16 03:55:07.919	 85 170 8 110 170 85,	2158
2016/05/16 03:55:07.959	 85 170 8 107 170 85,	2155
2016/05/16 03:55:07.962	 85 170 8 102 170 85,	2150
2016/05/16 03:55:07.964	 85 170 8 118 170 85,	2166
2016/05/16 03:55:07.966	 85 170 8 122 170 85,	2170
2016/05/16 03:55:08.005	 85 170 8 109 170 85,	2157
2016/05/16 03:55:08.008	 85 170 8 108 170 85,	2156
2016/05/16 03:55:08.054	 85 170 8 104 170 85,	2152
2016/05/16 03:55:08.056	 85 170 8 89 170 85,	2137
2016/05/16 03:55:08.058	 85 170 8 91 170 85,	2139
2016/05/16 03:55:08.063	 85 170 8 104 170 85,	2152
2016/05/16 03:55:08.065	 85 170 8 102 170 85,	2150
2016/05/16 03:55:08.100	 85 170 8 92 170 85,	2140
2016/05/16 03:55:08.105	 85 170 8 97 170 85,	2145
2016/05/16 03:55:08.107	 85 170 8 104 170 85,	2152
2016/05/16 03:55:08.108	 85 170 8 98 170 85,	2146
2016/05/16 03:55:08.148	 85 170 8 105 170 85,	2153
2016/05/16 03:55:08.157	 85 170 8 115 170 85,	2163
2016/05/16 03:55:08.160	 85 170 8 107 170 85,	2155
2016/05/16 03:55:08.163	 85 170 8 102 170 85,	2150
2016/05/16 03:55:08.194	 85 170 8 105 170 85,	2153
2016/05/16 03:55:08.196	 85 170 8 109 170 85,	2157
2016/05/16 03:55:08.242	 85 170 8 102 170 85,	2150
2016/05/16 03:55:08.247	 85 170 8 95 170 85,	2143
2016/05/16 03:55:08.250	 85 170 8 98 170 85,	2146
2016/05/16 03:55:08.253	 85 170 8 107 170 85,	2155
2016/05/16 03:55:08.269	 85 170 8 97 170 85,	2145
2016/05/16 03:55:08.277	 85 170 8 94 170 85,	2142
2016/05/16 03:55:08.288	 85 170 8 109 170 85,	2157
2016/05/16 03:55:08.301	 85 170 8 117 170 85,	2165
2016/05/16 03:55:08.305	 85 170 8 108 170 85,	2156
2016/05/16 03:55:08.334	 85 170 8 117 170 85,	2165
2016/05/16 03:55:08.336	 85 170 8 128 170 85,	2176
2016/05/16 03:55:08.381	 85 170 8 118 170 85,	2166
2016/05/16 03:55:08.387	 85 170 8 111 170 85,	2159
2016/05/16 03:55:08.390	 85 170 8 124 170 85,	2172
2016/05/16 03:55:08.392	 85 170 8 119 170 85,	2167
2016/05/16 03:55:08.395	 85 170 8 108 170 85,	2156
2016/05/16 03:55:08.429	 85 170 8 118 170 85,	2166
2016/05/16 03:55:08.433	 85 170 8 109 170 85,	2157
2016/05/16 03:55:08.437	 85 170 8 90 170 85,	2138
2016/05/16 03:55:08.475	 85 170 8 88 170 85,	2136
2016/05/16 03:55:08.480	 85 170 8 83 170 85,	2131
2016/05/16 03:55:08.482	 85 170 8 78 170 85,	2126
2016/05/16 03:55:08.485	 85 170 8 79 170 85,	2127
2016/05/16 03:55:08.524	 85 170 8 75 170 85,	2123
2016/05/16 03:55:08.527	 85 170 8 66 170 85,	2114
2016/05/16 03:55:08.529	 85 170 8 72 170 85,	2120
2016/05/16 03:55:08.569	 85 170 8 84 170 85,	2132
2016/05/16 03:55:08.571	 85 170 8 80 170 85,	2128
2016/05/16 03:55:08.573	 85 170 8 73 170 85,	2121
2016/05/16 03:55:08.575	 85 170 8 89 170 85,	2137
2016/05/16 03:55:08.615	 85 170 8 105 170 85,	2153
2016/05/16 03:55:08.617	 85 170 8 86 170 85,	2134
2016/05/16 03:55:08.619	 85 170 8 75 170 85,	2123
2016/05/16 03:55:08.620	 85 170 8 92 170 85,	2140
2016/05/16 03:55:08.663	 85 170 8 107 170 85,	2155
2016/05/16 03:55:08.709	 85 170 8 94 170 85,	2142
2016/05/16 03:55:08.712	 85 170 8 77 170 85,	2125
2016/05/16 03:55:08.714	 85 170 8 97 170 85,	2145
2016/05/16 03:55:08.717	 85 170 8 118 170 85,	2166
2016/05/16 03:55:08.719	 85 170 8 84 170 85,	2132
2016/05/16 03:55:08.722	 85 170 8 57 170 85,	2105
2016/05/16 03:55:08.757	 85 170 8 90 170 85,	2138
2016/05/16 03:55:08.762	 85 170 8 123 170 85,	2171
2016/05/16 03:55:08.764	 85 170 8 108 170 85,	2156
2016/05/16 03:55:08.767	 85 170 8 96 170 85,	2144
2016/05/16 03:55:08.803	 85 170 8 113 170 85,	2161
2016/05/16 03:55:08.807	 85 170 8 130 170 85,	2178
2016/05/16 03:55:08.850	 85 170 8 121 170 85,	2169
2016/05/16 03:55:08.853	 85 170 8 113 170 85,	2161
2016/05/16 03:55:08.855	 85 170 8 124 170 85,	2172
2016/05/16 03:55:08.856	 85 170 8 143 170 85,	2191
2016/05/16 03:55:08.858	 85 170 8 128 170 85,	2176
2016/05/16 03:55:08.897	 85 170 8 96 170 85,	2144
2016/05/16 03:55:08.899	 85 170 8 99 170 85,	2147
2016/05/16 03:55:08.901	 85 170 8 127 170 85,	2175
2016/05/16 03:55:08.945	 85 170 8 107 170 85,	2155
2016/05/16 03:55:08.955	 85 170 8 73 170 85,	2121
2016/05/16 03:55:08.964	 85 170 8 99 170 85,	2147
2016/05/16 03:55:08.972	 85 170 8 126 170 85,	2174
2016/05/16 03:55:08.983	 85 170 8 93 170 85,	2141
2016/05/16 03:55:08.993	 85 170 8 74 170 85,	2122
2016/05/16 03:55:09.000	 85 170 8 107 170 85,	2155
2016/05/16 03:55:09.006	 85 170 8 126 170 85,	2174
2016/05/16 03:55:09.012	 85 170 8 98 170 85,	2146
2016/05/16 03:55:09.018	 85 170 8 90 170 85,	2138
2016/05/16 03:55:09.037	 85 170 8 117 170 85,	2165
2016/05/16 03:55:09.084	 85 170 8 131 170 85,	2179
2016/05/16 03:55:09.092	 85 170 8 103 170 85,	2151
2016/05/16 03:55:09.096	 85 170 8 86 170 85,	2134
2016/05/16 03:55:09.100	 85 170 8 109 170 85,	2157
2016/05/16 03:55:09.106	 85 170 8 104 170 85,	2152
2016/05/16 03:55:09.131	 85 170 8 80 170 85,	2128
2016/05/16 03:55:09.139	 85 170 8 85 170 85,	2133
2016/05/16 03:55:09.145	 85 170 8 96 170 85,	2144
2016/05/16 03:55:09.148	 85 170 8 85 170 85,	2133
2016/05/16 03:55:09.179	 85 170 8 91 170 85,	2139
2016/05/16 03:55:09.182	 85 170 8 100 170 85,	2148
2016/05/16 03:55:09.225	 85 170 8 97 170 85,	2145
2016/05/16 03:55:09.228	 85 170 8 100 170 85,	2148
2016/05/16 03:55:09.230	 85 170 8 113 170 85,	2161
2016/05/16 03:55:09.232	 85 170 8 108 170 85,	2156
2016/05/16 03:55:09.273	 85 170 8 96 170 85,	2144
2016/05/16 03:55:09.276	 85 170 8 118 170 85,	2166
2016/05/16 03:55:09.279	 85 170 8 120 170 85,	2168
2016/05/16 03:55:09.281	 85 170 8 108 170 85,	2156
2016/05/16 03:55:09.319	 85 170 8 107 170 85,	2155
2016/05/16 03:55:09.321	 85 170 8 119 170 85,	2167
2016/05/16 03:55:09.323	 85 170 8 105 170 85,	2153
2016/05/16 03:55:09.366	 85 170 8 97 170 85,	2145
2016/05/16 03:55:09.368	 85 170 8 97 170 85,	2145
2016/05/16 03:55:09.370	 85 170 8 89 170 85,	2137
2016/05/16 03:55:09.372	 85 170 8 86 170 85,	2134
2016/05/16 03:55:09.413	 85 170 8 99 170 85,	2147
2016/05/16 03:55:09.417	 85 170 8 98 170 85,	2146
2016/05/16 03:55:09.419	 85 170 8 83 170 85,	2131
2016/05/16 03:55:09.422	 85 170 8 89 170 85,	2137
2016/05/16 03:55:09.459	 85 170 8 99 170 85,	2147
2016/05/16 03:55:09.463	 85 170 8 98 170 85,	2146
2016/05/16 03:55:09.465	 85 170 8 82 170 85,	2130
2016/05/16 03:55:09.468	 85 170 8 91 170 85,	2139
2016/05/16 03:55:09.508	 85 170 8 107 170 85,	2155
2016/05/16 03:55:09.512	 85 170 8 101 170 85,	2149
2016/05/16 03:55:09.515	 85 170 8 80 170 85,	2128
2016/05/16 03:55:09.553	 85 170 8 103 170 85,	2151
2016/05/16 03:55:09.555	 85 170 8 115 170 85,	2163
2016/05/16 03:55:09.557	 85 170 8 93 170 85,	2141
2016/05/16 03:55:09.601	 85 170 8 82 170 85,	2130
2016/05/16 03:55:09.603	 85 170 8 104 170 85,	2152
2016/05/16 03:55:09.605	 85 170 8 124 170 85,	2172
2016/05/16 03:55:09.607	 85 170 8 103 170 85,	2151
2016/05/16 03:55:09.648	 85 170 8 92 170 85,	2140
2016/05/16 03:55:09.651	 85 170 8 109 170 85,	2157
2016/05/16 03:55:09.653	 85 170 8 110 170 85,	2158
2016/05/16 03:55:09.693	 85 170 8 107 170 85,	2155
2016/05/16 03:55:09.695	 85 170 8 105 170 85,	2153
2016/05/16 03:55:09.697	 85 170 8 92 170 85,	2140
2016/05/16 03:55:09.699	 85 170 8 81 170 85,	2129
2016/05/16 03:55:09.742	 85 170 8 101 170 85,	2149
2016/05/16 03:55:09.750	 85 170 8 89 170 85,	2137
2016/05/16 03:55:09.754	 85 170 8 67 170 85,	2115
2016/05/16 03:55:09.757	 85 170 8 75 170 85,	2123
2016/05/16 03:55:09.761	 85 170 8 94 170 85,	2142
2016/05/16 03:55:09.790	 85 170 8 93 170 85,	2141
2016/05/16 03:55:09.795	 85 170 8 85 170 85,	2133
2016/05/16 03:55:09.834	 85 170 8 94 170 85,	2142
2016/05/16 03:55:09.838	 85 170 8 108 170 85,	2156
2016/05/16 03:55:09.841	 85 170 8 107 170 85,	2155
2016/05/16 03:55:09.845	 85 170 8 109 170 85,	2157
2016/05/16 03:55:09.848	 85 170 8 123 170 85,	2171
2016/05/16 03:55:09.881	 85 170 8 119 170 85,	2167
2016/05/16 03:55:09.887	 85 170 8 124 170 85,	2172
2016/05/16 03:55:09.890	 85 170 8 139 170 85,	2187
2016/05/16 03:55:09.928	 85 170 8 142 170 85,	2190
2016/05/16 03:55:09.935	 85 170 8 131 170 85,	2179
2016/05/16 03:55:09.939	 85 170 8 135 170 85,	2183
2016/05/16 03:55:09.942	 85 170 8 132 170 85,	2180
2016/05/16 03:55:09.946	 85 170 8 109 170 85,	2157
2016/05/16 03:55:09.975	 85 170 8 108 170 85,	2156
2016/05/16 03:55:09.977	 85 170 8 151 170 85,	2199
2016/05/16 03:55:10.022	 85 170 8 154 170 85,	2202
2016/05/16 03:55:10.025	 85 170 8 110 170 85,	2158
2016/05/16 03:55:10.027	 85 170 8 102 170 85,	2150
2016/05/16 03:55:10.029	 85 170 8 132 170 85,	2180
2016/05/16 03:55:10.069	 85 170 8 114 170 85,	2162
2016/05/16 03:55:10.072	 85 170 8 85 170 85,	2133
2016/05/16 03:55:10.074	 85 170 8 105 170 85,	2153
2016/05/16 03:55:10.076	 85 170 8 133 170 85,	2181
2016/05/16 03:55:10.116	 85 170 8 102 170 85,	2150
2016/05/16 03:55:10.118	 85 170 8 72 170 85,	2120
2016/05/16 03:55:10.121	 85 170 8 84 170 85,	2132
2016/05/16 03:55:10.123	 85 170 8 96 170 85,	2144
2016/05/16 03:55:10.162	 85 170 8 84 170 85,	2132
2016/05/16 03:55:10.164	 85 170 8 87 170 85,	2135
2016/05/16 03:55:10.209	 85 170 8 88 170 85,	2136
2016/05/16 03:55:10.211	 85 170 8 87 170 85,	2135
2016/05/16 03:55:10.213	 85 170 8 74 170 85,	2122
2016/05/16 03:55:10.215	 85 170 8 72 170 85,	2120
2016/05/16 03:55:10.216	 85 170 8 64 170 85,	2112
2016/05/16 03:55:10.256	 85 170 8 69 170 85,	2117
2016/05/16 03:55:10.258	 85 170 8 76 170 85,	2124
2016/05/16 03:55:10.305	 85 170 8 76 170 85,	2124
2016/05/16 03:55:10.309	 85 170 8 77 170 85,	2125
2016/05/16 03:55:10.314	 85 170 8 86 170 85,	2134
2016/05/16 03:55:10.320	 85 170 8 97 170 85,	2145
2016/05/16 03:55:10.324	 85 170 8 108 170 85,	2156
2016/05/16 03:55:10.329	 85 170 8 112 170 85,	2160
2016/05/16 03:55:10.333	 85 170 8 108 170 85,	2156
2016/05/16 03:55:10.351	 85 170 8 105 170 85,	2153
2016/05/16 03:55:10.397	 85 170 8 95 170 85,	2143
2016/05/16 03:55:10.400	 85 170 8 108 170 85,	2156
2016/05/16 03:55:10.402	 85 170 8 111 170 85,	2159
2016/05/16 03:55:10.404	 85 170 8 91 170 85,	2139
2016/05/16 03:55:10.444	 85 170 8 73 170 85,	2121
2016/05/16 03:55:10.447	 85 170 8 101 170 85,	2149
2016/05/16 03:55:10.449	 85 170 8 104 170 85,	2152
2016/05/16 03:55:10.491	 85 170 8 90 170 85,	2138
2016/05/16 03:55:10.494	 85 170 8 73 170 85,	2121
2016/05/16 03:55:10.496	 85 170 8 112 170 85,	2160
2016/05/16 03:55:10.499	 85 170 8 119 170 85,	2167
2016/05/16 03:55:10.539	 85 170 8 108 170 85,	2156
2016/05/16 03:55:10.541	 85 170 8 96 170 85,	2144
2016/05/16 03:55:10.543	 85 170 8 133 170 85,	2181
2016/05/16 03:55:10.545	 85 170 8 123 170 85,	2171
2016/05/16 03:55:10.584	 85 170 8 101 170 85,	2149
2016/05/16 03:55:15.882	 85 170 9 168 170 85,	2472
2016/05/16 03:55:15.889	 85 170 9 168 170 85,	2472
2016/05/16 03:55:15.893	 85 170 9 95 170 85,	2399
2016/05/16 03:55:15.898	 85 170 7 64 170 85,	1856
2016/05/16 03:55:21.694	 85 170 11 252 170 85,	3068
2016/05/16 03:55:21.701	 85 170 11 252 170 85,	3068
2016/05/16 03:55:21.707	 85 170 15 239 170 85,	4079
2016/05/16 03:55:24.180	 85 170 12 133 170 85,	3205
2016/05/16 03:55:24.190	 85 170 12 133 170 85,	3205
2016/05/16 03:55:24.194	 85 170 15 240 170 85,	4080
2016/05/16 03:55:24.198	 85 170 15 246 170 85,	4086
2016/05/16 03:55:26.243	 85 170 8 9 170 85,	2057
2016/05/16 03:55:26.251	 85 170 8 9 170 85,	2057
2016/05/16 03:55:26.258	 85 170 15 199 170 85,	4039
2016/05/16 03:55:26.271	 85 170 15 255 170 85,	4095
2016/05/16 03:55:29.289	 85 170 6 146 170 85,	1682
2016/05/16 03:55:29.297	 85 170 6 146 170 85,	1682
2016/05/16 03:55:29.302	 85 170 15 142 170 85,	3982
2016/05/16 03:55:29.307	 85 170 15 244 170 85,	4084
2016/05/16 03:55:31.164	 85 170 0 0 170 85,	0
2016/05/16 03:55:31.168	 85 170 0 0 170 85,	0
2016/05/16 03:55:31.172	 85 170 3 156 170 85,	924
2016/05/16 03:55:31.176	 85 170 12 88 170 85,	3160
